t: 1.88159
nCells: 20x10, dx: 0.1, dy: 0.1

u (22x12): 
         |        0        1        2        3        4        5        6        7        8        9       10       11       12       13       14       15       16       17       18       19       20
-------------------------------------------------------------------------------------------------------------------------------------------------------------------------------------------------------------------------
       11|        0     1.91     1.85     1.82      1.8     1.78     1.77     1.76     1.76     1.75     1.75     1.75     1.75     1.74     1.75     1.75     1.75     1.76     1.79     1.86        0
       10|        0   0.0901    0.146    0.181    0.205    0.221    0.233    0.241    0.247    0.251    0.254    0.256    0.257    0.258    0.258    0.256    0.252    0.241    0.213    0.143        0
        9|        0   -0.034  -0.0365  -0.0321   -0.027  -0.0225  -0.0189  -0.0161   -0.014  -0.0125  -0.0115   -0.011  -0.0109  -0.0112  -0.0118  -0.0127  -0.0138  -0.0146  -0.0152  -0.0139        0
        8|        0  -0.0159  -0.0272  -0.0327  -0.0348  -0.0353  -0.0352  -0.0348  -0.0344  -0.0342  -0.0341  -0.0344  -0.0351  -0.0363  -0.0382  -0.0413  -0.0458  -0.0515  -0.0548  -0.0435        0
        7|        0  -0.0102  -0.0195  -0.0255  -0.0291  -0.0312  -0.0323  -0.0329  -0.0333  -0.0336  -0.0339  -0.0344  -0.0351  -0.0361  -0.0376  -0.0397  -0.0422  -0.0445  -0.0435  -0.0317        0
        6|        0 -0.00734  -0.0147  -0.0204  -0.0244  -0.0271  -0.0289  -0.0302   -0.031  -0.0317  -0.0322  -0.0327  -0.0332  -0.0338  -0.0345  -0.0351  -0.0353  -0.0341  -0.0296  -0.0185        0
        5|        0 -0.00571  -0.0118  -0.0169  -0.0209  -0.0239  -0.0261  -0.0277  -0.0289  -0.0298  -0.0305  -0.0309  -0.0312  -0.0314  -0.0313  -0.0307  -0.0293  -0.0263  -0.0207  -0.0114        0
        4|        0 -0.00473 -0.00995  -0.0146  -0.0184  -0.0215  -0.0239  -0.0258  -0.0272  -0.0282  -0.0289  -0.0293  -0.0294  -0.0292  -0.0285  -0.0272  -0.0249  -0.0212  -0.0156 -0.00798        0
        3|        0 -0.00414 -0.00876   -0.013  -0.0167  -0.0197  -0.0223  -0.0242  -0.0258  -0.0269  -0.0276  -0.0279  -0.0279  -0.0274  -0.0264  -0.0246  -0.0219   -0.018  -0.0127 -0.00624        0
        2|        0 -0.00385 -0.00806  -0.0121  -0.0156  -0.0187  -0.0212  -0.0232  -0.0248  -0.0259  -0.0267   -0.027  -0.0268  -0.0261  -0.0249  -0.0229    -0.02  -0.0161  -0.0111 -0.00534        0
        1|        0  -0.0039 -0.00868   -0.013  -0.0167  -0.0198  -0.0222   -0.024  -0.0253   -0.026  -0.0262   -0.026  -0.0254  -0.0242  -0.0225  -0.0202  -0.0173  -0.0136 -0.00922 -0.00432        0
        0|        0 -0.00297  -0.0066    -0.01  -0.0131  -0.0158  -0.0181  -0.0199  -0.0214  -0.0223  -0.0229   -0.023  -0.0226  -0.0218  -0.0203  -0.0183  -0.0156  -0.0123 -0.00836 -0.00414        0

v (22x12): 
         |        0        1        2        3        4        5        6        7        8        9       10       11       12       13       14       15       16       17       18       19       20       21
-------------------------------------------------------------------------------------------------------------------------------------------------------------------------------------------------------------------------
       10|        0        0        0        0        0        0        0        0        0        0        0        0        0        0        0        0        0        0        0        0        0        0
        9|  -0.0899   0.0901   0.0556   0.0353   0.0236   0.0164   0.0115  0.00818  0.00585   0.0042  0.00301  0.00213   0.0014 0.000669-0.000218 -0.00147 -0.00415  -0.0108  -0.0279    -0.07   -0.143    0.142
        8|  -0.0559   0.0561   0.0532   0.0396   0.0288   0.0208   0.0151    0.011  0.00795  0.00569  0.00398  0.00262  0.00148 0.000391-0.000794  -0.0024  -0.0052  -0.0117  -0.0285  -0.0688    -0.13    0.127
        7|  -0.0401   0.0402   0.0418   0.0342   0.0266   0.0203   0.0153   0.0114  0.00832  0.00593  0.00399  0.00234 0.000805-0.000799 -0.00275 -0.00546 -0.00976  -0.0174  -0.0317  -0.0575  -0.0861   0.0843
        6|  -0.0298   0.0299   0.0326   0.0281    0.023   0.0183   0.0142   0.0107  0.00795  0.00563  0.00366  0.00187 0.000108 -0.00184 -0.00424 -0.00752  -0.0123  -0.0196  -0.0307  -0.0457  -0.0543   0.0533
        5|  -0.0225   0.0226   0.0252   0.0225    0.019   0.0155   0.0123  0.00952  0.00708  0.00499  0.00312  0.00137 -0.00043 -0.00243  -0.0049 -0.00812  -0.0125  -0.0185  -0.0262  -0.0346  -0.0358   0.0352
        4|  -0.0168   0.0169   0.0191   0.0174    0.015   0.0125   0.0101  0.00788   0.0059  0.00411  0.00248 0.000895 -0.00074 -0.00259 -0.00479 -0.00757  -0.0111  -0.0155  -0.0206  -0.0253  -0.0244    0.024
        3|  -0.0121   0.0121   0.0138   0.0128   0.0112  0.00944  0.00768  0.00603   0.0045   0.0031  0.00178 0.000491-0.000861 -0.00236 -0.00412 -0.00625 -0.00884  -0.0118   -0.015  -0.0177  -0.0164   0.0162
        2| -0.00794  0.00799  0.00921  0.00853  0.00751  0.00635  0.00518  0.00404  0.00298  0.00199  0.00106 0.000133-0.000818 -0.00187 -0.00307 -0.00449 -0.00613 -0.00796 -0.00978  -0.0112  -0.0102     0.01
        1| -0.00411  0.00414  0.00499  0.00455  0.00395   0.0033  0.00263    0.002   0.0014 0.000859 0.000337-0.000156-0.000671 -0.00121 -0.00182 -0.00249 -0.00326 -0.00406 -0.00484  -0.0054 -0.00485   0.0048
        0|  -0.0187   0.0188   0.0221   0.0211   0.0195   0.0173   0.0149   0.0122  0.00926   0.0062  0.00303-0.000253 -0.00362 -0.00708  -0.0106  -0.0141  -0.0175  -0.0206  -0.0231  -0.0247  -0.0222   0.0219

p (22x12): 
         |        0        1        2        3        4        5        6        7        8        9       10       11       12       13       14       15       16       17       18       19       20       21
-------------------------------------------------------------------------------------------------------------------------------------------------------------------------------------------------------------------------
       11|     -5.3     -5.3     -5.3     -5.3     -5.3     -5.3     -5.3    -5.29    -5.29    -5.29    -5.29    -5.29    -5.29    -5.28    -5.28    -5.28    -5.28    -5.28    -5.27    -5.26    -5.23    -5.23
       10|     -5.3     -5.3     -5.3     -5.3     -5.3     -5.3     -5.3    -5.29    -5.29    -5.29    -5.29    -5.29    -5.29    -5.28    -5.28    -5.28    -5.28    -5.28    -5.27    -5.26    -5.23    -5.23
        9|     -5.3     -5.3     -5.3     -5.3     -5.3     -5.3     -5.3    -5.29    -5.29    -5.29    -5.29    -5.29    -5.29    -5.28    -5.28    -5.28    -5.28    -5.28    -5.27    -5.27    -5.25    -5.25
        8|     -5.3     -5.3     -5.3     -5.3     -5.3     -5.3    -5.29    -5.29    -5.29    -5.29    -5.29    -5.29    -5.29    -5.28    -5.28    -5.28    -5.28    -5.28    -5.27    -5.27    -5.26    -5.26
        7|     -5.3     -5.3     -5.3     -5.3    -5.29    -5.29    -5.29    -5.29    -5.29    -5.29    -5.29    -5.29    -5.29    -5.28    -5.28    -5.28    -5.28    -5.28    -5.27    -5.27    -5.27    -5.27
        6|    -5.29    -5.29    -5.29    -5.29    -5.29    -5.29    -5.29    -5.29    -5.29    -5.29    -5.29    -5.29    -5.29    -5.28    -5.28    -5.28    -5.28    -5.28    -5.27    -5.27    -5.27    -5.27
        5|    -5.29    -5.29    -5.29    -5.29    -5.29    -5.29    -5.29    -5.29    -5.29    -5.29    -5.29    -5.29    -5.28    -5.28    -5.28    -5.28    -5.28    -5.28    -5.28    -5.27    -5.27    -5.27
        4|    -5.29    -5.29    -5.29    -5.29    -5.29    -5.29    -5.29    -5.29    -5.29    -5.29    -5.29    -5.29    -5.28    -5.28    -5.28    -5.28    -5.28    -5.28    -5.28    -5.27    -5.27    -5.27
        3|    -5.29    -5.29    -5.29    -5.29    -5.29    -5.29    -5.29    -5.29    -5.29    -5.29    -5.29    -5.29    -5.28    -5.28    -5.28    -5.28    -5.28    -5.28    -5.28    -5.28    -5.28    -5.28
        2|    -5.29    -5.29    -5.29    -5.29    -5.29    -5.29    -5.29    -5.29    -5.29    -5.29    -5.29    -5.29    -5.28    -5.28    -5.28    -5.28    -5.28    -5.28    -5.28    -5.28    -5.28    -5.28
        1|    -5.29    -5.29    -5.29    -5.29    -5.29    -5.29    -5.29    -5.29    -5.29    -5.29    -5.29    -5.29    -5.28    -5.28    -5.28    -5.28    -5.28    -5.28    -5.28    -5.28    -5.28    -5.28
        0|    -5.29    -5.29    -5.29    -5.29    -5.29    -5.29    -5.29    -5.29    -5.29    -5.29    -5.29    -5.29    -5.28    -5.28    -5.28    -5.28    -5.28    -5.28    -5.28    -5.28    -5.28    -5.28

F (22x12): 
         |        0        1        2        3        4        5        6        7        8        9       10       11       12       13       14       15       16       17       18       19       20
-------------------------------------------------------------------------------------------------------------------------------------------------------------------------------------------------------------------------
       11|        0     1.91     1.85     1.82      1.8     1.78     1.77     1.76     1.76     1.75     1.75     1.75     1.75     1.74     1.75     1.75     1.75     1.76     1.79     1.86        0
       10|        0   0.0913    0.146    0.181    0.205    0.221    0.233    0.241    0.247    0.251    0.254    0.256    0.258    0.258    0.258    0.257    0.253    0.243    0.217     0.15        0
        9|        0   -0.034  -0.0363  -0.0319  -0.0267  -0.0221  -0.0185  -0.0157  -0.0136  -0.0121  -0.0111  -0.0106  -0.0105  -0.0108  -0.0114  -0.0123  -0.0132  -0.0137  -0.0132  -0.0107        0
        8|        0  -0.0159  -0.0272  -0.0325  -0.0346  -0.0351  -0.0348  -0.0344   -0.034  -0.0338  -0.0338   -0.034  -0.0347  -0.0359  -0.0378  -0.0408  -0.0452  -0.0507  -0.0535  -0.0421        0
        7|        0  -0.0102  -0.0194  -0.0254  -0.0289  -0.0309   -0.032  -0.0326   -0.033  -0.0332  -0.0336   -0.034  -0.0347  -0.0357  -0.0372  -0.0392  -0.0416  -0.0438  -0.0427  -0.0311        0
        6|        0 -0.00734  -0.0147  -0.0203  -0.0242  -0.0269  -0.0287  -0.0299  -0.0307  -0.0313  -0.0318  -0.0323  -0.0328  -0.0334   -0.034  -0.0346  -0.0347  -0.0335   -0.029  -0.0182        0
        5|        0 -0.00569  -0.0118  -0.0168  -0.0208  -0.0237  -0.0259  -0.0275  -0.0287  -0.0295  -0.0301  -0.0306  -0.0309   -0.031  -0.0308  -0.0303  -0.0289  -0.0259  -0.0204  -0.0112        0
        4|        0 -0.00472  -0.0099  -0.0145  -0.0183  -0.0213  -0.0237  -0.0255  -0.0269  -0.0279  -0.0285  -0.0289   -0.029  -0.0288  -0.0281  -0.0268  -0.0245  -0.0209  -0.0154 -0.00785        0
        3|        0 -0.00412 -0.00872  -0.0129  -0.0165  -0.0196  -0.0221   -0.024  -0.0255  -0.0266  -0.0273  -0.0276  -0.0275   -0.027   -0.026  -0.0242  -0.0215  -0.0177  -0.0125 -0.00615        0
        2|        0 -0.00384 -0.00802   -0.012  -0.0155  -0.0185   -0.021   -0.023  -0.0246  -0.0257  -0.0264  -0.0266  -0.0265  -0.0258  -0.0245  -0.0225  -0.0197  -0.0158  -0.0109 -0.00526        0
        1|        0  -0.0039 -0.00863  -0.0129  -0.0166  -0.0196   -0.022  -0.0238   -0.025  -0.0257  -0.0259  -0.0257   -0.025  -0.0238  -0.0222  -0.0199   -0.017  -0.0133 -0.00905 -0.00425        0
        0|        0        0        0        0        0        0        0        0        0        0        0        0        0        0        0        0        0        0        0        0        0

G (22x12): 
         |        0        1        2        3        4        5        6        7        8        9       10       11       12       13       14       15       16       17       18       19       20       21
-------------------------------------------------------------------------------------------------------------------------------------------------------------------------------------------------------------------------
       10|        0        0        0        0        0        0        0        0        0        0        0        0        0        0        0        0        0        0        0        0        0        0
        9|  -0.0899   0.0889   0.0555   0.0352   0.0235   0.0162   0.0113  0.00805  0.00574  0.00411  0.00293  0.00207  0.00134 0.000612-0.000259 -0.00149 -0.00408  -0.0105  -0.0269  -0.0674   -0.138    0.142
        8|  -0.0559   0.0554   0.0526   0.0391   0.0283   0.0204   0.0148   0.0107  0.00773  0.00551  0.00383   0.0025  0.00137  0.00028-0.000921 -0.00256 -0.00542  -0.0119  -0.0287  -0.0682   -0.127    0.127
        7|  -0.0401   0.0397   0.0413   0.0338   0.0262     0.02    0.015   0.0111  0.00812  0.00576  0.00385  0.00222 0.000696-0.000905 -0.00286 -0.00559  -0.0099  -0.0175  -0.0318  -0.0571  -0.0849   0.0843
        6|  -0.0298   0.0296   0.0322   0.0278   0.0227    0.018   0.0139   0.0105  0.00777  0.00548  0.00353  0.00176 1.42e-05 -0.00193 -0.00432 -0.00759  -0.0124  -0.0196  -0.0305  -0.0452  -0.0535   0.0533
        5|  -0.0225   0.0223   0.0249   0.0222   0.0188   0.0153   0.0121  0.00934  0.00694  0.00487  0.00301  0.00128-0.000502 -0.00249 -0.00494 -0.00813  -0.0125  -0.0184   -0.026  -0.0342  -0.0352   0.0352
        4|  -0.0168   0.0167   0.0189   0.0172   0.0148   0.0124  0.00995  0.00775  0.00578  0.00401   0.0024 0.000828-0.000791 -0.00262  -0.0048 -0.00756   -0.011  -0.0154  -0.0204   -0.025   -0.024    0.024
        3|  -0.0121    0.012   0.0137   0.0126    0.011  0.00932  0.00757  0.00593  0.00441  0.00303  0.00172 0.000447-0.000892 -0.00237 -0.00412 -0.00622 -0.00877  -0.0117  -0.0149  -0.0174  -0.0162   0.0162
        2| -0.00794  0.00789  0.00911  0.00844  0.00742  0.00627  0.00511  0.00398  0.00293  0.00195  0.00103  0.00011-0.000832 -0.00188 -0.00307 -0.00447 -0.00608 -0.00788 -0.00967  -0.0111    -0.01     0.01
        1| -0.00411  0.00418  0.00504  0.00461  0.00399  0.00334  0.00266  0.00202  0.00142 0.000866 0.000339-0.000159-0.000677 -0.00122 -0.00183  -0.0025 -0.00326 -0.00405 -0.00482 -0.00537 -0.00481   0.0048
        0|  -0.0187        0        0        0        0        0        0        0        0        0        0        0        0        0        0        0        0        0        0        0        0   0.0219

rhs (22x12): 
         |        0        1        2        3        4        5        6        7        8        9       10       11       12       13       14       15       16       17       18       19       20       21
-------------------------------------------------------------------------------------------------------------------------------------------------------------------------------------------------------------------------
       11|        0        0        0        0        0        0        0        0        0        0        0        0        0        0        0        0        0        0        0        0        0        0
       10|        0    0.921   -0.337   0.0401    0.102   0.0923   0.0819   0.0595   0.0508   0.0339   0.0312   0.0207   0.0258   0.0242   0.0274   0.0362   0.0883    0.191    0.359   0.0747    -4.62        0
        9|        0    -0.17    0.212    0.208    0.148    0.115   0.0783   0.0646    0.041   0.0374   0.0215   0.0242   0.0147   0.0237   0.0323   0.0709     0.15    0.387     0.87     1.23   0.0692        0
        8|        0  -0.0929  -0.0271   -0.019  0.00108 -0.00165  0.00789 0.000363  0.00797-0.000266   0.0072 -0.00095  0.00674-0.000733  0.00868  0.00289   0.0188   0.0417    0.124   0.0923  -0.0617        0
        7|        0  -0.0373  -0.0216 -0.00894  -0.0115-0.000237 -0.00595  0.00313 -0.00399  0.00425  -0.0034   0.0045 -0.00335   0.0043 -0.00423  0.00196 -0.00996  -0.0126   -0.048     -0.1   -0.141        0
        6|        0  -0.0269   -0.006  -0.0118  -0.0013 -0.00707  0.00221  -0.0047  0.00372 -0.00378  0.00424 -0.00357  0.00424 -0.00399  0.00311 -0.00642 -0.00239  -0.0187  -0.0275  -0.0536  -0.0404        0
        5|        0  -0.0134  -0.0101  -0.0012  -0.0075   0.0017 -0.00514  0.00341 -0.00398  0.00417 -0.00354  0.00435 -0.00359  0.00396  -0.0045  0.00209 -0.00826 -0.00513  -0.0204  -0.0182 -0.00703        0
        4|        0  -0.0153-0.000201 -0.00747  0.00141 -0.00552   0.0031 -0.00419  0.00407 -0.00354  0.00446 -0.00334   0.0044 -0.00368  0.00372 -0.00506  0.00113 -0.00949 -0.00546  -0.0159  0.00808        0
        3|        0 -0.00714 -0.00696  0.00134 -0.00581  0.00279 -0.00446  0.00389 -0.00362  0.00448 -0.00324  0.00469 -0.00327  0.00443 -0.00381  0.00335 -0.00574 0.000261 -0.00999 -0.00362  0.00407        0
        2|        0  -0.0474  -0.0435  -0.0478  -0.0341  -0.0354  -0.0207  -0.0221  -0.0082  -0.0108  0.00156 -0.00272  0.00807  0.00263   0.0123  0.00534   0.0131  0.00409     0.01 0.000696   0.0207        0
        1|        0    0.108    0.116    0.124    0.113    0.116      0.1   0.0975   0.0768   0.0692   0.0437   0.0317 0.000734  -0.0187  -0.0575  -0.0845    -0.13   -0.159   -0.201   -0.217   -0.214        0
        0|        0        0        0        0        0        0        0        0        0        0        0        0        0        0        0        0        0        0        0        0        0        0

