t: 0.378135
nCells: 20x10, dx: 0.1, dy: 0.1

u (22x12): 
         |        0        1        2        3        4        5        6        7        8        9       10       11       12       13       14       15       16       17       18       19       20
-------------------------------------------------------------------------------------------------------------------------------------------------------------------------------------------------------------------------
       11|        0     1.97     1.95     1.95     1.95     1.94     1.94     1.94     1.94     1.94     1.94     1.94     1.94     1.94     1.94     1.94     1.94     1.95     1.95     1.97        0
       10|        0   0.0342   0.0485   0.0552   0.0587   0.0607   0.0619   0.0627   0.0632   0.0634   0.0635   0.0635   0.0633   0.0629   0.0622   0.0611   0.0592   0.0559   0.0494    0.035        0
        9|        0  -0.0136   -0.014  -0.0122  -0.0105 -0.00922 -0.00834 -0.00775 -0.00737 -0.00716 -0.00708 -0.00714 -0.00733 -0.00769 -0.00826 -0.00912  -0.0104  -0.0121  -0.0138  -0.0133        0
        8|        0 -0.00692 -0.00963  -0.0101 -0.00977 -0.00927 -0.00882 -0.00848 -0.00824  -0.0081 -0.00805  -0.0081 -0.00824 -0.00849 -0.00886 -0.00934  -0.0099  -0.0103  -0.0101  -0.0075        0
        7|        0 -0.00396 -0.00646 -0.00762 -0.00802 -0.00807 -0.00799 -0.00787 -0.00777 -0.00771 -0.00769 -0.00772 -0.00779  -0.0079 -0.00803 -0.00815 -0.00815 -0.00782 -0.00672 -0.00421        0
        6|        0 -0.00259 -0.00462  -0.0059 -0.00662 -0.00699 -0.00716 -0.00724 -0.00726 -0.00727 -0.00727 -0.00728 -0.00728 -0.00727 -0.00722 -0.00707 -0.00673 -0.00604 -0.00477 -0.00271        0
        5|        0 -0.00188 -0.00352 -0.00474 -0.00557 -0.00611 -0.00644 -0.00665 -0.00677 -0.00683 -0.00685 -0.00684 -0.00679 -0.00668 -0.00649 -0.00617 -0.00565 -0.00483 -0.00361 -0.00194        0
        4|        0 -0.00148 -0.00285 -0.00396 -0.00481 -0.00542 -0.00585 -0.00614 -0.00633 -0.00643 -0.00647 -0.00644 -0.00635 -0.00617  -0.0059 -0.00548 -0.00487 -0.00403 -0.00291 -0.00152        0
        3|        0 -0.00124 -0.00243 -0.00345 -0.00428 -0.00493  -0.0054 -0.00574 -0.00597  -0.0061 -0.00615 -0.00611 -0.00599 -0.00577 -0.00544 -0.00497 -0.00433  -0.0035 -0.00247 -0.00127        0
        2|        0  -0.0011 -0.00218 -0.00314 -0.00394 -0.00459 -0.00509 -0.00546 -0.00571 -0.00586 -0.00591 -0.00586 -0.00573 -0.00549 -0.00513 -0.00463 -0.00398 -0.00318 -0.00221 -0.00112        0
        1|        0 -0.00103 -0.00206 -0.00299 -0.00378 -0.00442 -0.00493  -0.0053 -0.00556 -0.00571 -0.00576 -0.00571 -0.00556  -0.0053 -0.00493 -0.00443 -0.00378 -0.00299 -0.00207 -0.00104        0
        0|        0-0.000865 -0.00172 -0.00251  -0.0032 -0.00378 -0.00424  -0.0046 -0.00485 -0.00499 -0.00504   -0.005 -0.00486 -0.00461 -0.00426  -0.0038 -0.00322 -0.00253 -0.00174-0.000873        0

v (22x12): 
         |        0        1        2        3        4        5        6        7        8        9       10       11       12       13       14       15       16       17       18       19       20       21
-------------------------------------------------------------------------------------------------------------------------------------------------------------------------------------------------------------------------
       10|        0        0        0        0        0        0        0        0        0        0        0        0        0        0        0        0        0        0        0        0        0        0
        9|  -0.0321   0.0342   0.0144  0.00665  0.00349  0.00201  0.00123 0.000772 0.000477 0.000268   0.0001 -5.4e-05-0.000216-0.000414-0.000691 -0.00112 -0.00186  -0.0033 -0.00646  -0.0144   -0.035   0.0328
        8|  -0.0193   0.0206   0.0139  0.00848  0.00521  0.00328  0.00211  0.00137 0.000856  0.00048 0.000173 -0.00011 -0.00041-0.000773 -0.00126 -0.00198 -0.00311 -0.00499 -0.00825  -0.0139  -0.0217   0.0202
        7|  -0.0128   0.0137   0.0112  0.00802  0.00553  0.00378  0.00256  0.00171  0.00109 0.000618 0.000218-0.000157-0.000553 -0.00102 -0.00163 -0.00246 -0.00367 -0.00543 -0.00798  -0.0113  -0.0142   0.0132
        6| -0.00912  0.00971  0.00869  0.00685  0.00513  0.00373  0.00265  0.00183  0.00119  0.00068 0.000237-0.000183-0.000623 -0.00113 -0.00176 -0.00258 -0.00367  -0.0051 -0.00688 -0.00883 -0.00997  0.00933
        5| -0.00669  0.00712  0.00667  0.00557  0.00441  0.00336  0.00248  0.00176  0.00117 0.000672 0.000233-0.000188-0.000626 -0.00112 -0.00171 -0.00243 -0.00333  -0.0044 -0.00561 -0.00676 -0.00727  0.00681
        4| -0.00492  0.00524  0.00503  0.00436  0.00358  0.00282  0.00214  0.00155  0.00105 0.000608  0.00021-0.000175-0.000573 -0.00101 -0.00152 -0.00211 -0.00281 -0.00359 -0.00439 -0.00509 -0.00533    0.005
        3| -0.00354  0.00376  0.00366  0.00324  0.00273  0.00221  0.00171  0.00126 0.000862 0.000505 0.000174-0.000148 -0.00048-0.000839 -0.00124  -0.0017  -0.0022 -0.00274 -0.00327  -0.0037 -0.00381  0.00358
        2| -0.00237  0.00251  0.00247  0.00222  0.00191  0.00157  0.00123 0.000921 0.000636 0.000374 0.000128-0.000113-0.000359-0.000622-0.000909 -0.00122 -0.00156 -0.00191 -0.00224  -0.0025 -0.00254   0.0024
        1| -0.00134  0.00141  0.00139  0.00126   0.0011 0.000917 0.000732 0.000554 0.000386 0.000229 7.77e-05-7.06e-05-0.000222 -0.00038 -0.00055 -0.00073-0.000918  -0.0011 -0.00127 -0.00141 -0.00142  0.00135
        0|  -0.0048  0.00514  0.00515  0.00482  0.00435  0.00379  0.00316  0.00248  0.00179  0.00108 0.000369-0.000345 -0.00106 -0.00177 -0.00247 -0.00315 -0.00379 -0.00436 -0.00483 -0.00517 -0.00517  0.00482

p (22x12): 
         |        0        1        2        3        4        5        6        7        8        9       10       11       12       13       14       15       16       17       18       19       20       21
-------------------------------------------------------------------------------------------------------------------------------------------------------------------------------------------------------------------------
       11|  -0.0683  -0.0683   -0.059  -0.0532   -0.049  -0.0456  -0.0427    -0.04  -0.0376  -0.0353  -0.0331  -0.0308  -0.0286  -0.0263  -0.0239  -0.0213  -0.0184  -0.0149  -0.0105 -0.00401  0.00681  0.00681
       10|  -0.0683  -0.0683   -0.059  -0.0532   -0.049  -0.0456  -0.0427    -0.04  -0.0376  -0.0353  -0.0331  -0.0308  -0.0286  -0.0263  -0.0239  -0.0213  -0.0184  -0.0149  -0.0105 -0.00401  0.00681  0.00681
        9|  -0.0589  -0.0589  -0.0554  -0.0515  -0.0481  -0.0451  -0.0423  -0.0398  -0.0375  -0.0352   -0.033  -0.0308  -0.0286  -0.0264  -0.0241  -0.0216  -0.0188  -0.0158  -0.0122 -0.00802 -0.00363 -0.00363
        8|  -0.0534  -0.0534  -0.0517  -0.0493  -0.0467  -0.0442  -0.0418  -0.0395  -0.0373  -0.0351   -0.033  -0.0309  -0.0287  -0.0266  -0.0243   -0.022  -0.0196   -0.017  -0.0142  -0.0115  -0.0095  -0.0095
        7|  -0.0498  -0.0498  -0.0488  -0.0472  -0.0452  -0.0432  -0.0411   -0.039   -0.037  -0.0349  -0.0329  -0.0309  -0.0288  -0.0268  -0.0247  -0.0226  -0.0205  -0.0183  -0.0162  -0.0144  -0.0133  -0.0133
        6|  -0.0472  -0.0472  -0.0466  -0.0454  -0.0439  -0.0422  -0.0404  -0.0385  -0.0366  -0.0347  -0.0328  -0.0309   -0.029  -0.0271  -0.0251  -0.0232  -0.0214  -0.0196   -0.018  -0.0167   -0.016   -0.016
        5|  -0.0454  -0.0454  -0.0449   -0.044  -0.0428  -0.0414  -0.0398  -0.0381  -0.0363  -0.0346  -0.0327  -0.0309  -0.0291  -0.0273  -0.0255  -0.0238  -0.0222  -0.0207  -0.0194  -0.0184  -0.0179  -0.0179
        4|   -0.044   -0.044  -0.0437  -0.0429  -0.0419  -0.0407  -0.0392  -0.0377  -0.0361  -0.0344  -0.0327   -0.031  -0.0292  -0.0276  -0.0259  -0.0243  -0.0229  -0.0216  -0.0205  -0.0197  -0.0193  -0.0193
        3|  -0.0431  -0.0431  -0.0428  -0.0422  -0.0413  -0.0401  -0.0388  -0.0374  -0.0359  -0.0343  -0.0326   -0.031  -0.0294  -0.0277  -0.0262  -0.0247  -0.0234  -0.0222  -0.0213  -0.0206  -0.0203  -0.0203
        2|  -0.0425  -0.0425  -0.0422  -0.0416  -0.0408  -0.0398  -0.0385  -0.0372  -0.0357  -0.0342  -0.0326   -0.031  -0.0294  -0.0279  -0.0264   -0.025  -0.0237  -0.0227  -0.0218  -0.0212  -0.0209  -0.0209
        1|  -0.0423  -0.0423   -0.042  -0.0414  -0.0406  -0.0396  -0.0384  -0.0371  -0.0357  -0.0342  -0.0326   -0.031  -0.0295  -0.0279  -0.0265  -0.0251  -0.0239  -0.0228   -0.022  -0.0214  -0.0212  -0.0212
        0|  -0.0408  -0.0408  -0.0406  -0.0401  -0.0394  -0.0386  -0.0375  -0.0364  -0.0352  -0.0338  -0.0325  -0.0311  -0.0297  -0.0284  -0.0272   -0.026   -0.025  -0.0241  -0.0234  -0.0229  -0.0227  -0.0227

F (22x12): 
         |        0        1        2        3        4        5        6        7        8        9       10       11       12       13       14       15       16       17       18       19       20
-------------------------------------------------------------------------------------------------------------------------------------------------------------------------------------------------------------------------
       11|        0     1.97     1.95     1.95     1.95     1.94     1.94     1.94     1.94     1.94     1.94     1.94     1.94     1.94     1.94     1.94     1.94     1.95     1.95     1.97        0
       10|        0   0.0366     0.05   0.0563   0.0596   0.0614   0.0626   0.0633   0.0638    0.064   0.0641   0.0641   0.0639   0.0635   0.0628   0.0618   0.0601    0.057   0.0511   0.0378        0
        9|        0  -0.0127  -0.0131  -0.0113 -0.00973 -0.00853  -0.0077 -0.00715 -0.00679  -0.0066 -0.00653 -0.00658 -0.00676  -0.0071 -0.00763 -0.00843 -0.00959  -0.0111  -0.0128  -0.0122        0
        8|        0 -0.00649 -0.00902 -0.00944 -0.00913 -0.00866 -0.00824 -0.00791 -0.00769 -0.00756 -0.00752 -0.00756 -0.00769 -0.00793 -0.00827 -0.00872 -0.00924 -0.00965 -0.00938 -0.00698        0
        7|        0 -0.00371 -0.00605 -0.00713  -0.0075 -0.00754 -0.00746 -0.00735 -0.00726  -0.0072 -0.00718  -0.0072 -0.00727 -0.00737  -0.0075 -0.00761 -0.00761 -0.00729 -0.00627 -0.00392        0
        6|        0 -0.00243 -0.00432 -0.00552 -0.00619 -0.00653 -0.00669 -0.00675 -0.00678 -0.00678 -0.00679 -0.00679 -0.00679 -0.00678 -0.00673 -0.00659 -0.00627 -0.00563 -0.00445 -0.00253        0
        5|        0 -0.00176  -0.0033 -0.00443  -0.0052  -0.0057 -0.00601  -0.0062 -0.00631 -0.00637 -0.00639 -0.00638 -0.00633 -0.00623 -0.00605 -0.00575 -0.00527 -0.00451 -0.00337 -0.00181        0
        4|        0 -0.00139 -0.00266  -0.0037 -0.00449 -0.00506 -0.00546 -0.00573  -0.0059   -0.006 -0.00603 -0.00601 -0.00592 -0.00576  -0.0055 -0.00511 -0.00454 -0.00376 -0.00271 -0.00142        0
        3|        0 -0.00116 -0.00227 -0.00323   -0.004  -0.0046 -0.00504 -0.00536 -0.00557 -0.00569 -0.00573 -0.00569 -0.00558 -0.00538 -0.00507 -0.00463 -0.00404 -0.00326  -0.0023 -0.00118        0
        2|        0 -0.00103 -0.00204 -0.00293 -0.00368 -0.00428 -0.00475 -0.00509 -0.00532 -0.00545  -0.0055 -0.00546 -0.00533 -0.00511 -0.00477 -0.00431 -0.00371 -0.00296 -0.00206 -0.00105        0
        1|        0-0.000966 -0.00192 -0.00278 -0.00352 -0.00412 -0.00459 -0.00494 -0.00517 -0.00531 -0.00536 -0.00531 -0.00517 -0.00493 -0.00459 -0.00412 -0.00352 -0.00278 -0.00192-0.000966        0
        0|        0        0        0        0        0        0        0        0        0        0        0        0        0        0        0        0        0        0        0        0        0

G (22x12): 
         |        0        1        2        3        4        5        6        7        8        9       10       11       12       13       14       15       16       17       18       19       20       21
-------------------------------------------------------------------------------------------------------------------------------------------------------------------------------------------------------------------------
       10|        0        0        0        0        0        0        0        0        0        0        0        0        0        0        0        0        0        0        0        0        0        0
        9|  -0.0321   0.0318   0.0135  0.00622  0.00326  0.00188  0.00115  0.00072 0.000444 0.000248  9.2e-05-5.24e-05-0.000204 -0.00039-0.000649 -0.00105 -0.00174 -0.00308 -0.00602  -0.0134  -0.0324   0.0328
        8|  -0.0193   0.0192    0.013   0.0079  0.00485  0.00306  0.00197  0.00127 0.000796 0.000444 0.000158-0.000107-0.000389 -0.00073 -0.00119 -0.00186 -0.00292 -0.00468 -0.00774   -0.013  -0.0202   0.0202
        7|  -0.0128   0.0128   0.0105  0.00749  0.00517  0.00353  0.00239   0.0016  0.00102 0.000574   0.0002-0.000151-0.000523-0.000961 -0.00153 -0.00231 -0.00344 -0.00509 -0.00747  -0.0106  -0.0132   0.0132
        6| -0.00912  0.00907  0.00813  0.00641   0.0048  0.00348  0.00247  0.00171  0.00111 0.000633 0.000218-0.000175-0.000588 -0.00106 -0.00166 -0.00242 -0.00344 -0.00477 -0.00644 -0.00825 -0.00929  0.00933
        5| -0.00669  0.00665  0.00624  0.00522  0.00413  0.00314  0.00232  0.00164  0.00109 0.000626 0.000215-0.000179-0.000591 -0.00105 -0.00161 -0.00228 -0.00312 -0.00413 -0.00525 -0.00633 -0.00678  0.00681
        4| -0.00492   0.0049  0.00471  0.00408  0.00336  0.00264    0.002  0.00145  0.00098 0.000568 0.000194-0.000167-0.000541-0.000953 -0.00143 -0.00199 -0.00263 -0.00336 -0.00411 -0.00477 -0.00497    0.005
        3| -0.00354  0.00352  0.00343  0.00304  0.00257  0.00207  0.00161  0.00118 0.000809 0.000473 0.000161-0.000142-0.000454-0.000791 -0.00117 -0.00159 -0.00207 -0.00258 -0.00307 -0.00347 -0.00356  0.00358
        2| -0.00237  0.00236  0.00233  0.00209  0.00179  0.00147  0.00116 0.000868 0.000599 0.000352  0.00012-0.000108 -0.00034-0.000588-0.000859 -0.00116 -0.00148  -0.0018 -0.00211 -0.00235 -0.00239   0.0024
        1| -0.00134  0.00135  0.00134  0.00121  0.00106 0.000881 0.000704 0.000533 0.000372  0.00022 7.44e-05-6.87e-05-0.000215-0.000367-0.000529-0.000701-0.000881 -0.00106 -0.00122 -0.00134 -0.00136  0.00135
        0|  -0.0048        0        0        0        0        0        0        0        0        0        0        0        0        0        0        0        0        0        0        0        0  0.00482

rhs (22x12): 
         |        0        1        2        3        4        5        6        7        8        9       10       11       12       13       14       15       16       17       18       19       20       21
-------------------------------------------------------------------------------------------------------------------------------------------------------------------------------------------------------------------------
       11|        0        0        0        0        0        0        0        0        0        0        0        0        0        0        0        0        0        0        0        0        0        0
       10|        0     1.88 -0.00636   0.0165  0.00905  0.00436   0.0025  0.00142  0.00122 0.000946  0.00122  0.00087  0.00136  0.00177   0.0029  0.00437   0.0076   0.0135   0.0258   0.0356    -2.13        0
        9|        0  -0.0325   0.0371   0.0205  0.00954  0.00512  0.00275  0.00192  0.00112  0.00106 0.000689  0.00133   0.0013  0.00195  0.00254  0.00442  0.00767   0.0161   0.0363    0.069    0.019        0
        8|        0  -0.0241 -0.00429 -0.00196-0.000602-0.000401 1.77e-05-0.000142  0.00013-9.36e-05  0.00015-7.25e-05 0.000163-8.76e-05 0.000119-0.000198-0.000169-0.000993 -0.00254 -0.00723 0.000184        0
        7|        0  -0.0106 -0.00196-0.000931-0.000662-0.000153-0.000251 5.83e-05-0.000143 0.000113-0.000118 0.000121-0.000126 8.95e-05-0.000194-5.03e-05-0.000483-0.000648 -0.00167 -0.00251  0.00366        0
        6|        0 -0.00621-0.000767-0.000702-0.000225 -0.00031  1.8e-05-0.000169 9.71e-05-0.000127 0.000117-0.000121 0.000109-0.000147 5.53e-05-0.000249-0.000132-0.000579-0.000665 -0.00128  0.00373        0
        5|        0 -0.00406 -0.00061-0.000234-0.000345-1.49e-05-0.000192 8.28e-05-0.000134 0.000116-0.000118 0.000119-0.000126 9.79e-05-0.000167 2.43e-05-0.000291 -0.00017-0.000568-0.000491  0.00291        0
        4|        0 -0.00322-0.000188-0.000351-3.66e-05-0.000213 6.83e-05-0.000141 0.000114-0.000115 0.000127-0.000113  0.00012 -0.00013 8.71e-05-0.000185 1.12e-07-0.000312-0.000165-0.000486  0.00259        0
        3|        0 -0.00248-0.000333-4.69e-05-0.000232 5.16e-05-0.000152 0.000109-0.000115 0.000132-0.000103 0.000133 -0.00011 0.000118-0.000137 7.41e-05-0.000204-1.77e-05-0.000316-0.000128  0.00207        0
        2|        0 -0.00791 -0.00563 -0.00539 -0.00452 -0.00403 -0.00303 -0.00251 -0.00153 -0.00107-0.000176   0.0002  0.00103  0.00135  0.00211  0.00235  0.00301  0.00312  0.00362  0.00355  0.00589        0
        1|        0     0.15    0.149     0.14    0.126     0.11   0.0922   0.0731   0.0528   0.0326   0.0117 -0.00884  -0.0299  -0.0505  -0.0714  -0.0913   -0.111   -0.128   -0.142   -0.152   -0.154        0
        0|        0        0        0        0        0        0        0        0        0        0        0        0        0        0        0        0        0        0        0        0        0        0

