t: 0.42903
nCells: 20x10, dx: 0.1, dy: 0.1

u (22x12): 
         |        0        1        2        3        4        5        6        7        8        9       10       11       12       13       14       15       16       17       18       19       20
-------------------------------------------------------------------------------------------------------------------------------------------------------------------------------------------------------------------------
       11|        0     1.96     1.95     1.94     1.94     1.94     1.93     1.93     1.93     1.93     1.93     1.93     1.93     1.93     1.93     1.94     1.94     1.94     1.95     1.96        0
       10|        0   0.0382   0.0544    0.062    0.066   0.0683   0.0697   0.0706   0.0711   0.0714   0.0716   0.0715   0.0713   0.0708     0.07   0.0688   0.0667    0.063   0.0557   0.0394        0
        9|        0  -0.0151  -0.0157  -0.0136  -0.0117  -0.0102 -0.00925 -0.00858 -0.00815 -0.00791 -0.00782 -0.00788  -0.0081  -0.0085 -0.00913  -0.0101  -0.0115  -0.0134  -0.0154  -0.0148        0
        8|        0 -0.00773  -0.0108  -0.0114   -0.011  -0.0105 -0.00998 -0.00959 -0.00932 -0.00917 -0.00912 -0.00917 -0.00933 -0.00961    -0.01  -0.0106  -0.0112  -0.0117  -0.0115 -0.00857        0
        7|        0 -0.00443 -0.00726 -0.00859 -0.00906 -0.00912 -0.00903 -0.00891  -0.0088 -0.00873 -0.00871 -0.00874 -0.00883 -0.00895 -0.00911 -0.00924 -0.00925 -0.00888 -0.00765 -0.00479        0
        6|        0 -0.00291  -0.0052 -0.00665 -0.00748  -0.0079 -0.00811 -0.00819 -0.00822 -0.00824 -0.00824 -0.00825 -0.00825 -0.00824 -0.00818 -0.00802 -0.00763 -0.00686 -0.00542 -0.00307        0
        5|        0 -0.00211 -0.00397 -0.00535 -0.00629 -0.00691 -0.00729 -0.00753 -0.00767 -0.00774 -0.00777 -0.00776  -0.0077 -0.00758 -0.00736   -0.007 -0.00641 -0.00549  -0.0041  -0.0022        0
        4|        0 -0.00167 -0.00322 -0.00448 -0.00544 -0.00614 -0.00663 -0.00696 -0.00718  -0.0073 -0.00734 -0.00731 -0.00721 -0.00701 -0.00669 -0.00622 -0.00553 -0.00457  -0.0033 -0.00172        0
        3|        0  -0.0014 -0.00275 -0.00391 -0.00485 -0.00558 -0.00613 -0.00652 -0.00678 -0.00693 -0.00698 -0.00694  -0.0068 -0.00656 -0.00618 -0.00565 -0.00492 -0.00398 -0.00281 -0.00143        0
        2|        0 -0.00125 -0.00247 -0.00356 -0.00447 -0.00521 -0.00578  -0.0062 -0.00649 -0.00665 -0.00671 -0.00667 -0.00651 -0.00624 -0.00583 -0.00527 -0.00453 -0.00361 -0.00251 -0.00127        0
        1|        0 -0.00117 -0.00234 -0.00339 -0.00429 -0.00503 -0.00561 -0.00603 -0.00632 -0.00649 -0.00655 -0.00649 -0.00633 -0.00603 -0.00561 -0.00503  -0.0043  -0.0034 -0.00235 -0.00117        0
        0|        0-0.000978 -0.00195 -0.00285 -0.00363 -0.00429 -0.00482 -0.00523 -0.00551 -0.00568 -0.00574 -0.00569 -0.00553 -0.00525 -0.00485 -0.00432 -0.00367 -0.00288 -0.00198-0.000991        0

v (22x12): 
         |        0        1        2        3        4        5        6        7        8        9       10       11       12       13       14       15       16       17       18       19       20       21
-------------------------------------------------------------------------------------------------------------------------------------------------------------------------------------------------------------------------
       10|        0        0        0        0        0        0        0        0        0        0        0        0        0        0        0        0        0        0        0        0        0        0
        9|  -0.0362   0.0382   0.0163  0.00757  0.00399   0.0023  0.00141 0.000886 0.000549 0.000311 0.000121-5.34e-05-0.000236-0.000457-0.000767 -0.00125 -0.00208 -0.00371  -0.0073  -0.0163  -0.0394   0.0372
        8|  -0.0218    0.023   0.0157  0.00961  0.00592  0.00374  0.00241  0.00156 0.000978 0.000552 0.000205-0.000113 -0.00045-0.000857  -0.0014 -0.00221 -0.00348 -0.00559 -0.00929  -0.0157  -0.0246   0.0231
        7|  -0.0145   0.0153   0.0126  0.00906  0.00627  0.00428  0.00291  0.00195  0.00125 0.000707 0.000255-0.000166-0.000611 -0.00114 -0.00182 -0.00276 -0.00412 -0.00611   -0.009  -0.0128  -0.0161   0.0151
        6|  -0.0103   0.0109   0.0098  0.00774   0.0058  0.00422    0.003  0.00207  0.00135 0.000774 0.000276-0.000196-0.000692 -0.00126 -0.00197  -0.0029 -0.00413 -0.00574 -0.00777 -0.00999  -0.0113   0.0106
        5| -0.00755  0.00797  0.00751  0.00628  0.00497  0.00379   0.0028  0.00198  0.00132 0.000763 0.000269-0.000203-0.000696 -0.00125 -0.00191 -0.00273 -0.00374 -0.00496 -0.00633 -0.00765 -0.00818  0.00773
        4| -0.00555  0.00586  0.00565   0.0049  0.00403  0.00318  0.00241  0.00175  0.00118 0.000688 0.000241 -0.00019-0.000637 -0.00113  -0.0017 -0.00237 -0.00316 -0.00404 -0.00495 -0.00575 -0.00598  0.00566
        3| -0.00397  0.00419   0.0041  0.00364  0.00307  0.00248  0.00192  0.00141 0.000968 0.000568 0.000198-0.000162-0.000533-0.000934 -0.00139  -0.0019 -0.00247 -0.00308 -0.00367 -0.00416 -0.00427  0.00404
        2| -0.00265  0.00279  0.00276  0.00248  0.00212  0.00175  0.00137  0.00103 0.000709 0.000418 0.000145-0.000123-0.000396-0.000689 -0.00101 -0.00136 -0.00174 -0.00213  -0.0025 -0.00279 -0.00283  0.00269
        1| -0.00148  0.00154  0.00153  0.00139  0.00121  0.00101 0.000802 0.000607 0.000423  0.00025 8.55e-05-7.63e-05-0.000242-0.000415-0.000601  -0.0008 -0.00101 -0.00122  -0.0014 -0.00155 -0.00156  0.00149
        0| -0.00548  0.00581  0.00585  0.00548  0.00495  0.00431   0.0036  0.00283  0.00204  0.00123 0.000425-0.000388  -0.0012 -0.00201 -0.00281 -0.00358 -0.00431 -0.00496  -0.0055 -0.00589 -0.00585  0.00551

p (22x12): 
         |        0        1        2        3        4        5        6        7        8        9       10       11       12       13       14       15       16       17       18       19       20       21
-------------------------------------------------------------------------------------------------------------------------------------------------------------------------------------------------------------------------
       11|  -0.0863  -0.0863  -0.0771  -0.0715  -0.0674   -0.064  -0.0611  -0.0585  -0.0561  -0.0538  -0.0515  -0.0493  -0.0471  -0.0448  -0.0424  -0.0399   -0.037  -0.0335  -0.0291  -0.0225  -0.0115  -0.0115
       10|  -0.0863  -0.0863  -0.0771  -0.0715  -0.0674   -0.064  -0.0611  -0.0585  -0.0561  -0.0538  -0.0515  -0.0493  -0.0471  -0.0448  -0.0424  -0.0399   -0.037  -0.0335  -0.0291  -0.0225  -0.0115  -0.0115
        9|   -0.077   -0.077  -0.0736  -0.0698  -0.0664  -0.0634  -0.0607  -0.0583  -0.0559  -0.0537  -0.0515  -0.0493  -0.0472  -0.0449  -0.0426  -0.0401  -0.0374  -0.0344  -0.0308  -0.0266  -0.0221  -0.0221
        8|  -0.0715  -0.0715  -0.0699  -0.0676   -0.065  -0.0625  -0.0602  -0.0579  -0.0557  -0.0535  -0.0514  -0.0493  -0.0472  -0.0451  -0.0429  -0.0406  -0.0381  -0.0355  -0.0328  -0.0301   -0.028   -0.028
        7|   -0.068   -0.068   -0.067  -0.0655  -0.0636  -0.0615  -0.0595  -0.0574  -0.0554  -0.0534  -0.0513  -0.0493  -0.0473  -0.0453  -0.0432  -0.0411   -0.039  -0.0369  -0.0348   -0.033  -0.0318  -0.0318
        6|  -0.0655  -0.0655  -0.0649  -0.0637  -0.0622  -0.0606  -0.0588  -0.0569  -0.0551  -0.0532  -0.0513  -0.0494  -0.0475  -0.0456  -0.0436  -0.0418  -0.0399  -0.0381  -0.0365  -0.0352  -0.0345  -0.0345
        5|  -0.0636  -0.0636  -0.0632  -0.0623  -0.0611  -0.0597  -0.0581  -0.0565  -0.0547   -0.053  -0.0512  -0.0494  -0.0476  -0.0458   -0.044  -0.0423  -0.0407  -0.0392  -0.0379   -0.037  -0.0365  -0.0365
        4|  -0.0623  -0.0623   -0.062  -0.0612  -0.0602   -0.059  -0.0576  -0.0561  -0.0545  -0.0528  -0.0511  -0.0494  -0.0477   -0.046  -0.0444  -0.0428  -0.0414  -0.0401   -0.039  -0.0382  -0.0378  -0.0378
        3|  -0.0614  -0.0614  -0.0611  -0.0605  -0.0596  -0.0585  -0.0572  -0.0558  -0.0543  -0.0527  -0.0511  -0.0494  -0.0478  -0.0462  -0.0447  -0.0432  -0.0419  -0.0407  -0.0398  -0.0391  -0.0388  -0.0388
        2|  -0.0608  -0.0608  -0.0605    -0.06  -0.0592  -0.0581  -0.0569  -0.0556  -0.0541  -0.0526   -0.051  -0.0495  -0.0479  -0.0463  -0.0449  -0.0435  -0.0422  -0.0412  -0.0403  -0.0397  -0.0394  -0.0394
        1|  -0.0606  -0.0606  -0.0603  -0.0598   -0.059   -0.058  -0.0568  -0.0555  -0.0541  -0.0526   -0.051  -0.0495  -0.0479  -0.0464  -0.0449  -0.0436  -0.0424  -0.0413  -0.0405    -0.04  -0.0397  -0.0397
        0|  -0.0591  -0.0591  -0.0589  -0.0584  -0.0578  -0.0569  -0.0559  -0.0548  -0.0536  -0.0523  -0.0509  -0.0496  -0.0482  -0.0469  -0.0456  -0.0445  -0.0435  -0.0426  -0.0419  -0.0414  -0.0412  -0.0412

F (22x12): 
         |        0        1        2        3        4        5        6        7        8        9       10       11       12       13       14       15       16       17       18       19       20
-------------------------------------------------------------------------------------------------------------------------------------------------------------------------------------------------------------------------
       11|        0     1.96     1.95     1.94     1.94     1.94     1.93     1.93     1.93     1.93     1.93     1.93     1.93     1.93     1.93     1.94     1.94     1.94     1.95     1.96        0
       10|        0   0.0405   0.0559   0.0631   0.0668    0.069   0.0704   0.0712   0.0717    0.072   0.0721   0.0721   0.0718   0.0714   0.0707   0.0695   0.0676   0.0641   0.0574   0.0422        0
        9|        0  -0.0142  -0.0147  -0.0127  -0.0109 -0.00956 -0.00862 -0.00798 -0.00758 -0.00735 -0.00727 -0.00733 -0.00753  -0.0079 -0.00851 -0.00941  -0.0107  -0.0125  -0.0143  -0.0136        0
        8|        0 -0.00732  -0.0102  -0.0107  -0.0104 -0.00987  -0.0094 -0.00903 -0.00878 -0.00863 -0.00858 -0.00863 -0.00878 -0.00905 -0.00944 -0.00996  -0.0106   -0.011  -0.0108 -0.00804        0
        7|        0  -0.0042 -0.00686 -0.00811 -0.00854  -0.0086 -0.00851 -0.00839 -0.00829 -0.00822  -0.0082 -0.00823 -0.00831 -0.00843 -0.00857  -0.0087  -0.0087 -0.00835 -0.00719 -0.00451        0
        6|        0 -0.00275 -0.00491 -0.00628 -0.00705 -0.00745 -0.00764 -0.00772 -0.00774 -0.00775 -0.00776 -0.00776 -0.00777 -0.00776  -0.0077 -0.00754 -0.00718 -0.00645  -0.0051 -0.00289        0
        5|        0   -0.002 -0.00375 -0.00505 -0.00593 -0.00651 -0.00687 -0.00709 -0.00722 -0.00729 -0.00731  -0.0073 -0.00724 -0.00713 -0.00693 -0.00659 -0.00603 -0.00516 -0.00386 -0.00207        0
        4|        0 -0.00157 -0.00303 -0.00422 -0.00513 -0.00578 -0.00624 -0.00655 -0.00675 -0.00686  -0.0069 -0.00688 -0.00678 -0.00659 -0.00629 -0.00585  -0.0052  -0.0043  -0.0031 -0.00162        0
        3|        0 -0.00132 -0.00259 -0.00368 -0.00457 -0.00526 -0.00577 -0.00613 -0.00637 -0.00651 -0.00656 -0.00653  -0.0064 -0.00617 -0.00581 -0.00531 -0.00463 -0.00374 -0.00264 -0.00135        0
        2|        0 -0.00118 -0.00233 -0.00335 -0.00421  -0.0049 -0.00544 -0.00583  -0.0061 -0.00625 -0.00631 -0.00627 -0.00612 -0.00586 -0.00548 -0.00495 -0.00426 -0.00339 -0.00236  -0.0012        0
        1|        0  -0.0011  -0.0022 -0.00319 -0.00404 -0.00473 -0.00527 -0.00567 -0.00594  -0.0061 -0.00615  -0.0061 -0.00594 -0.00566 -0.00527 -0.00473 -0.00404 -0.00319 -0.00221  -0.0011        0
        0|        0        0        0        0        0        0        0        0        0        0        0        0        0        0        0        0        0        0        0        0        0

G (22x12): 
         |        0        1        2        3        4        5        6        7        8        9       10       11       12       13       14       15       16       17       18       19       20       21
-------------------------------------------------------------------------------------------------------------------------------------------------------------------------------------------------------------------------
       10|        0        0        0        0        0        0        0        0        0        0        0        0        0        0        0        0        0        0        0        0        0        0
        9|  -0.0362   0.0358   0.0154  0.00714  0.00376  0.00217  0.00132 0.000832 0.000515  0.00029 0.000112-5.28e-05-0.000225-0.000435-0.000727 -0.00118 -0.00197 -0.00349 -0.00685  -0.0153  -0.0367   0.0372
        8|  -0.0218   0.0216   0.0148  0.00903  0.00556  0.00351  0.00226  0.00146 0.000915 0.000514 0.000188-0.000112-0.000431-0.000817 -0.00134  -0.0021  -0.0033  -0.0053 -0.00879  -0.0148  -0.0231   0.0231
        7|  -0.0145   0.0144   0.0119  0.00853  0.00589  0.00403  0.00273  0.00183  0.00117 0.000661 0.000235-0.000163-0.000583 -0.00108 -0.00173 -0.00262  -0.0039 -0.00578  -0.0085  -0.0121  -0.0151   0.0151
        6|  -0.0103   0.0102  0.00924  0.00729  0.00546  0.00397  0.00282  0.00195  0.00127 0.000726 0.000255-0.000191-0.000659  -0.0012 -0.00187 -0.00274  -0.0039 -0.00542 -0.00733 -0.00942  -0.0106   0.0106
        5| -0.00755  0.00751  0.00708  0.00592  0.00469  0.00357  0.00263  0.00187  0.00124 0.000716  0.00025-0.000197-0.000662 -0.00119 -0.00181 -0.00258 -0.00354 -0.00469 -0.00598 -0.00721 -0.00769  0.00773
        4| -0.00555  0.00552  0.00534  0.00463   0.0038    0.003  0.00227  0.00165  0.00111 0.000647 0.000225-0.000184-0.000606 -0.00107 -0.00161 -0.00224 -0.00298 -0.00381 -0.00467 -0.00542 -0.00563  0.00566
        3| -0.00397  0.00395  0.00388  0.00344   0.0029  0.00234  0.00181  0.00134 0.000914 0.000536 0.000185-0.000156-0.000507-0.000887 -0.00131  -0.0018 -0.00234 -0.00291 -0.00347 -0.00393 -0.00402  0.00404
        2| -0.00265  0.00264  0.00261  0.00235  0.00201  0.00165   0.0013 0.000973 0.000672 0.000396 0.000136-0.000118-0.000378-0.000656 -0.00096 -0.00129 -0.00165 -0.00202 -0.00237 -0.00265 -0.00268  0.00269
        1| -0.00148  0.00148  0.00148  0.00134  0.00117 0.000973 0.000776 0.000587 0.000409 0.000242 8.23e-05-7.46e-05-0.000235-0.000402-0.000582-0.000773-0.000972 -0.00117 -0.00135 -0.00149  -0.0015  0.00149
        0| -0.00548        0        0        0        0        0        0        0        0        0        0        0        0        0        0        0        0        0        0        0        0  0.00551

rhs (22x12): 
         |        0        1        2        3        4        5        6        7        8        9       10       11       12       13       14       15       16       17       18       19       20       21
-------------------------------------------------------------------------------------------------------------------------------------------------------------------------------------------------------------------------
       11|        0        0        0        0        0        0        0        0        0        0        0        0        0        0        0        0        0        0        0        0        0        0
       10|        0     1.85 -0.00606   0.0226   0.0126  0.00621  0.00361  0.00206  0.00173  0.00129   0.0016  0.00111  0.00169  0.00214  0.00353  0.00527  0.00926   0.0166   0.0316   0.0415    -2.16        0
        9|        0  -0.0376   0.0469   0.0265   0.0124  0.00671   0.0036  0.00253  0.00146   0.0014 0.000889  0.00171  0.00167  0.00252  0.00325  0.00571  0.00992   0.0209   0.0473   0.0885   0.0204        0
        8|        0  -0.0287 -0.00541  -0.0025-0.000733-0.000509 5.15e-05-0.000185  0.00019-0.000125 0.000214-9.67e-05 0.000235-0.000111 0.000187-0.000238-0.000155  -0.0012  -0.0031 -0.00917 -0.00151        0
        7|        0  -0.0124 -0.00253 -0.00119-0.000867-0.000183-0.000335 9.13e-05-0.000194 0.000162-0.000162 0.000173-0.000172 0.000132 -0.00026-4.89e-05-0.000635-0.000832  -0.0022 -0.00328  0.00349        0
        6|        0 -0.00723-0.000973-0.000919-0.000277-0.000412 3.88e-05-0.000228 0.000142-0.000173 0.000168-0.000166 0.000157  -0.0002 8.76e-05-0.000332-0.000158-0.000766-0.000861 -0.00168  0.00407        0
        5|        0 -0.00466-0.000799 -0.00029-0.000458-4.29e-06-0.000258 0.000123-0.000182 0.000166-0.000161  0.00017-0.000172 0.000143-0.000225 4.68e-05-0.000387-0.000209-0.000753-0.000629  0.00321        0
        4|        0 -0.00373-0.000229-0.000466-3.32e-05-0.000286 0.000104-0.000192 0.000163-0.000157 0.000181-0.000155 0.000171-0.000177 0.000129 -0.00025 1.44e-05-0.000416-0.000204-0.000644  0.00293        0
        3|        0 -0.00282-0.000443-4.74e-05-0.000311 8.14e-05-0.000207 0.000157-0.000157 0.000187-0.000142 0.000189-0.000151 0.000169-0.000186 0.000111-0.000274   -1e-05-0.000423-0.000155  0.00232        0
        2|        0  -0.0093 -0.00669 -0.00645 -0.00535 -0.00481 -0.00355 -0.00298 -0.00177 -0.00128-0.000174 0.000207  0.00122  0.00153  0.00247  0.00268  0.00348  0.00352  0.00413  0.00398   0.0067        0
        1|        0     0.15    0.148     0.14    0.126    0.111   0.0925   0.0736   0.0533   0.0331   0.0121 -0.00832  -0.0296  -0.0502  -0.0714  -0.0914   -0.111   -0.128   -0.143   -0.153   -0.155        0
        0|        0        0        0        0        0        0        0        0        0        0        0        0        0        0        0        0        0        0        0        0        0        0

