t: 1.69841
nCells: 20x10, dx: 0.1, dy: 0.1

u (22x12): 
         |        0        1        2        3        4        5        6        7        8        9       10       11       12       13       14       15       16       17       18       19       20
-------------------------------------------------------------------------------------------------------------------------------------------------------------------------------------------------------------------------
       11|        0     1.91     1.86     1.83     1.81     1.79     1.78     1.78     1.77     1.77     1.77     1.77     1.76     1.76     1.77     1.77     1.77     1.78     1.81     1.87        0
       10|        0   0.0885    0.141    0.174    0.195    0.209    0.219    0.225     0.23    0.233    0.236    0.237    0.238    0.238    0.238    0.236    0.231    0.221    0.195    0.132        0
        9|        0  -0.0334  -0.0359  -0.0317  -0.0267  -0.0224   -0.019  -0.0164  -0.0146  -0.0133  -0.0125  -0.0122  -0.0122  -0.0126  -0.0135  -0.0148  -0.0166  -0.0185  -0.0199  -0.0178        0
        8|        0   -0.016  -0.0269  -0.0317  -0.0333  -0.0335   -0.033  -0.0325   -0.032  -0.0317  -0.0316  -0.0319  -0.0325  -0.0336  -0.0354  -0.0381   -0.042  -0.0469  -0.0496  -0.0397        0
        7|        0  -0.0102   -0.019  -0.0246  -0.0277  -0.0294  -0.0302  -0.0306  -0.0308   -0.031  -0.0312  -0.0316  -0.0322   -0.033  -0.0343  -0.0359  -0.0378  -0.0392  -0.0376  -0.0269        0
        6|        0  -0.0072  -0.0142  -0.0195  -0.0231  -0.0255  -0.0271  -0.0281  -0.0287  -0.0292  -0.0296    -0.03  -0.0304  -0.0308  -0.0313  -0.0316  -0.0314    -0.03  -0.0255  -0.0156        0
        5|        0 -0.00554  -0.0113  -0.0161  -0.0198  -0.0225  -0.0244  -0.0258  -0.0268  -0.0275   -0.028  -0.0283  -0.0285  -0.0285  -0.0283  -0.0276  -0.0262  -0.0233  -0.0181 -0.00985        0
        4|        0 -0.00456  -0.0095  -0.0138  -0.0174  -0.0202  -0.0223   -0.024  -0.0251   -0.026  -0.0265  -0.0268  -0.0268  -0.0265  -0.0258  -0.0245  -0.0223  -0.0189  -0.0138 -0.00703        0
        3|        0 -0.00397 -0.00833  -0.0123  -0.0157  -0.0185  -0.0208  -0.0225  -0.0238  -0.0248  -0.0253  -0.0256  -0.0255  -0.0249  -0.0239  -0.0222  -0.0196  -0.0161  -0.0114 -0.00558        0
        2|        0 -0.00367 -0.00764  -0.0114  -0.0146  -0.0174  -0.0197  -0.0216  -0.0229  -0.0239  -0.0245  -0.0247  -0.0245  -0.0238  -0.0225  -0.0206   -0.018  -0.0144 -0.00998 -0.00482        0
        1|        0 -0.00368 -0.00805   -0.012  -0.0154  -0.0182  -0.0204  -0.0221  -0.0232  -0.0239  -0.0241  -0.0239  -0.0233  -0.0222  -0.0206  -0.0185  -0.0158  -0.0124 -0.00845 -0.00399        0
        0|        0 -0.00286 -0.00623 -0.00941  -0.0123  -0.0147  -0.0168  -0.0185  -0.0197  -0.0206   -0.021  -0.0211  -0.0207  -0.0198  -0.0185  -0.0166  -0.0141  -0.0111 -0.00757 -0.00374        0

v (22x12): 
         |        0        1        2        3        4        5        6        7        8        9       10       11       12       13       14       15       16       17       18       19       20       21
-------------------------------------------------------------------------------------------------------------------------------------------------------------------------------------------------------------------------
       10|        0        0        0        0        0        0        0        0        0        0        0        0        0        0        0        0        0        0        0        0        0        0
        9|  -0.0882   0.0885   0.0529   0.0324    0.021   0.0141  0.00967  0.00673  0.00471  0.00331  0.00231  0.00155 0.000876 0.000167-0.000643 -0.00186 -0.00438  -0.0104  -0.0257  -0.0635   -0.132     0.13
        8|  -0.0549   0.0551   0.0504   0.0367    0.026   0.0184   0.0131  0.00929  0.00659  0.00459  0.00309  0.00188 0.000819-0.000248 -0.00149 -0.00323 -0.00617  -0.0123  -0.0271  -0.0614   -0.114    0.112
        7|  -0.0389   0.0391   0.0396   0.0318   0.0244   0.0182   0.0135  0.00985  0.00706   0.0049  0.00314  0.00164 0.000201 -0.00134 -0.00327 -0.00594  -0.0101  -0.0172  -0.0299  -0.0515  -0.0743   0.0727
        6|  -0.0287   0.0289   0.0307   0.0262   0.0212   0.0166   0.0127  0.00945  0.00686  0.00473  0.00292  0.00126-0.000375 -0.00221 -0.00449 -0.00758   -0.012  -0.0186  -0.0283  -0.0408  -0.0474   0.0464
        5|  -0.0215   0.0217   0.0237    0.021   0.0175   0.0142   0.0111  0.00845  0.00618  0.00424  0.00251 0.000892-0.000778 -0.00265 -0.00494 -0.00789  -0.0119  -0.0171  -0.0238  -0.0309  -0.0317   0.0312
        4|   -0.016   0.0161   0.0179   0.0162   0.0139   0.0115  0.00916  0.00705  0.00519  0.00353  0.00202 0.000549-0.000966 -0.00267  -0.0047 -0.00722  -0.0104  -0.0143  -0.0187  -0.0227  -0.0219   0.0216
        3|  -0.0115   0.0116   0.0129   0.0119   0.0103  0.00866  0.00699  0.00543  0.00399  0.00269  0.00146 0.000269-0.000981 -0.00236 -0.00397  -0.0059  -0.0082  -0.0108  -0.0136  -0.0159  -0.0149   0.0147
        2| -0.00753   0.0076  0.00859  0.00792  0.00694  0.00584  0.00473  0.00366  0.00267  0.00175 0.000887 2.91e-05-0.000851 -0.00182 -0.00292 -0.00421 -0.00567 -0.00729 -0.00888  -0.0101 -0.00929  0.00917
        1|  -0.0039  0.00393  0.00461   0.0042  0.00364  0.00304  0.00242  0.00184  0.00129 0.000786 0.000304-0.000155-0.000633 -0.00113  -0.0017 -0.00232 -0.00301 -0.00374 -0.00444 -0.00494 -0.00449  0.00444
        0|  -0.0177   0.0178   0.0205   0.0195   0.0179   0.0159   0.0136    0.011  0.00833  0.00549  0.00256-0.000453 -0.00353 -0.00667 -0.00984   -0.013   -0.016  -0.0188  -0.0211  -0.0225  -0.0204   0.0201

p (22x12): 
         |        0        1        2        3        4        5        6        7        8        9       10       11       12       13       14       15       16       17       18       19       20       21
-------------------------------------------------------------------------------------------------------------------------------------------------------------------------------------------------------------------------
       11|    -3.96    -3.96    -3.95    -3.95    -3.95    -3.95    -3.95    -3.95    -3.94    -3.94    -3.94    -3.94    -3.94    -3.94    -3.93    -3.93    -3.93    -3.93    -3.92    -3.91    -3.89    -3.89
       10|    -3.96    -3.96    -3.95    -3.95    -3.95    -3.95    -3.95    -3.95    -3.94    -3.94    -3.94    -3.94    -3.94    -3.94    -3.93    -3.93    -3.93    -3.93    -3.92    -3.91    -3.89    -3.89
        9|    -3.95    -3.95    -3.95    -3.95    -3.95    -3.95    -3.95    -3.95    -3.94    -3.94    -3.94    -3.94    -3.94    -3.94    -3.93    -3.93    -3.93    -3.93    -3.92    -3.92    -3.91    -3.91
        8|    -3.95    -3.95    -3.95    -3.95    -3.95    -3.95    -3.95    -3.95    -3.94    -3.94    -3.94    -3.94    -3.94    -3.94    -3.93    -3.93    -3.93    -3.93    -3.92    -3.92    -3.92    -3.92
        7|    -3.95    -3.95    -3.95    -3.95    -3.95    -3.95    -3.95    -3.94    -3.94    -3.94    -3.94    -3.94    -3.94    -3.94    -3.93    -3.93    -3.93    -3.93    -3.92    -3.92    -3.92    -3.92
        6|    -3.95    -3.95    -3.95    -3.95    -3.95    -3.95    -3.94    -3.94    -3.94    -3.94    -3.94    -3.94    -3.94    -3.93    -3.93    -3.93    -3.93    -3.93    -3.93    -3.92    -3.92    -3.92
        5|    -3.95    -3.95    -3.95    -3.95    -3.95    -3.94    -3.94    -3.94    -3.94    -3.94    -3.94    -3.94    -3.94    -3.93    -3.93    -3.93    -3.93    -3.93    -3.93    -3.93    -3.92    -3.92
        4|    -3.95    -3.95    -3.95    -3.94    -3.94    -3.94    -3.94    -3.94    -3.94    -3.94    -3.94    -3.94    -3.94    -3.93    -3.93    -3.93    -3.93    -3.93    -3.93    -3.93    -3.93    -3.93
        3|    -3.94    -3.94    -3.94    -3.94    -3.94    -3.94    -3.94    -3.94    -3.94    -3.94    -3.94    -3.94    -3.94    -3.93    -3.93    -3.93    -3.93    -3.93    -3.93    -3.93    -3.93    -3.93
        2|    -3.94    -3.94    -3.94    -3.94    -3.94    -3.94    -3.94    -3.94    -3.94    -3.94    -3.94    -3.94    -3.94    -3.93    -3.93    -3.93    -3.93    -3.93    -3.93    -3.93    -3.93    -3.93
        1|    -3.94    -3.94    -3.94    -3.94    -3.94    -3.94    -3.94    -3.94    -3.94    -3.94    -3.94    -3.94    -3.94    -3.93    -3.93    -3.93    -3.93    -3.93    -3.93    -3.93    -3.93    -3.93
        0|    -3.94    -3.94    -3.94    -3.94    -3.94    -3.94    -3.94    -3.94    -3.94    -3.94    -3.94    -3.94    -3.94    -3.93    -3.93    -3.93    -3.93    -3.93    -3.93    -3.93    -3.93    -3.93

F (22x12): 
         |        0        1        2        3        4        5        6        7        8        9       10       11       12       13       14       15       16       17       18       19       20
-------------------------------------------------------------------------------------------------------------------------------------------------------------------------------------------------------------------------
       11|        0     1.91     1.86     1.83     1.81     1.79     1.78     1.78     1.77     1.77     1.77     1.77     1.76     1.76     1.77     1.77     1.77     1.78     1.81     1.87        0
       10|        0   0.0897    0.142    0.174    0.195    0.209    0.219    0.226    0.231    0.234    0.236    0.238    0.239    0.239    0.238    0.236    0.232    0.223    0.199    0.138        0
        9|        0  -0.0333  -0.0357  -0.0313  -0.0263   -0.022  -0.0186   -0.016  -0.0141  -0.0128   -0.012  -0.0117  -0.0118  -0.0122   -0.013  -0.0144   -0.016  -0.0176  -0.0181  -0.0149        0
        8|        0   -0.016  -0.0267  -0.0315   -0.033  -0.0331  -0.0327  -0.0321  -0.0316  -0.0313  -0.0312  -0.0315  -0.0321  -0.0331  -0.0349  -0.0375  -0.0414   -0.046  -0.0484  -0.0384        0
        7|        0  -0.0101  -0.0189  -0.0244  -0.0275  -0.0291  -0.0299  -0.0303  -0.0305  -0.0306  -0.0308  -0.0312  -0.0318  -0.0326  -0.0338  -0.0354  -0.0372  -0.0385  -0.0369  -0.0264        0
        6|        0 -0.00718  -0.0142  -0.0194  -0.0229  -0.0253  -0.0268  -0.0278  -0.0284  -0.0289  -0.0293  -0.0296    -0.03  -0.0304  -0.0308  -0.0311  -0.0309  -0.0294   -0.025  -0.0153        0
        5|        0 -0.00552  -0.0113   -0.016  -0.0196  -0.0223  -0.0242  -0.0255  -0.0265  -0.0272  -0.0277   -0.028  -0.0281  -0.0281  -0.0279  -0.0272  -0.0257  -0.0229  -0.0178 -0.00966        0
        4|        0 -0.00454 -0.00943  -0.0137  -0.0172    -0.02  -0.0221  -0.0237  -0.0248  -0.0257  -0.0262  -0.0265  -0.0265  -0.0261  -0.0254  -0.0241  -0.0219  -0.0185  -0.0136 -0.00691        0
        3|        0 -0.00395 -0.00827  -0.0122  -0.0155  -0.0183  -0.0205  -0.0223  -0.0236  -0.0245   -0.025  -0.0252  -0.0251  -0.0245  -0.0235  -0.0218  -0.0193  -0.0158  -0.0112 -0.00549        0
        2|        0 -0.00364 -0.00758  -0.0113  -0.0145  -0.0173  -0.0195  -0.0213  -0.0227  -0.0236  -0.0242  -0.0243  -0.0241  -0.0234  -0.0222  -0.0203  -0.0177  -0.0142 -0.00981 -0.00474        0
        1|        0 -0.00366 -0.00799  -0.0119  -0.0153   -0.018  -0.0202  -0.0218  -0.0229  -0.0236  -0.0238  -0.0235  -0.0229  -0.0218  -0.0203  -0.0182  -0.0155  -0.0122 -0.00829 -0.00392        0
        0|        0        0        0        0        0        0        0        0        0        0        0        0        0        0        0        0        0        0        0        0        0

G (22x12): 
         |        0        1        2        3        4        5        6        7        8        9       10       11       12       13       14       15       16       17       18       19       20       21
-------------------------------------------------------------------------------------------------------------------------------------------------------------------------------------------------------------------------
       10|        0        0        0        0        0        0        0        0        0        0        0        0        0        0        0        0        0        0        0        0        0        0
        9|  -0.0882   0.0872   0.0527   0.0323   0.0208   0.0139  0.00951  0.00659  0.00461  0.00323  0.00224  0.00149 0.000826 0.000126-0.000668 -0.00186 -0.00431  -0.0101  -0.0248  -0.0612   -0.127     0.13
        8|  -0.0549   0.0543   0.0497   0.0361   0.0255    0.018   0.0127  0.00904  0.00639  0.00444  0.00296  0.00177 0.000728-0.000336 -0.00159 -0.00335 -0.00632  -0.0125  -0.0272  -0.0608   -0.112    0.112
        7|  -0.0389   0.0386   0.0391   0.0314   0.0239   0.0179   0.0132  0.00961  0.00687  0.00475  0.00302  0.00154 0.000114 -0.00142 -0.00335 -0.00602  -0.0102  -0.0172  -0.0298   -0.051  -0.0732   0.0727
        6|  -0.0287   0.0285   0.0304   0.0259   0.0209   0.0163   0.0124  0.00925  0.00669  0.00459  0.00281  0.00117-0.000448 -0.00227 -0.00453  -0.0076   -0.012  -0.0185   -0.028  -0.0403  -0.0466   0.0464
        5|  -0.0215   0.0214   0.0234   0.0207   0.0173   0.0139   0.0109  0.00828  0.00604  0.00413  0.00242 0.000819-0.000833 -0.00268 -0.00495 -0.00788  -0.0118   -0.017  -0.0236  -0.0305  -0.0312   0.0312
        4|   -0.016   0.0159   0.0177    0.016   0.0137   0.0113    0.009  0.00692  0.00508  0.00344  0.00195 0.000494   -0.001 -0.00269 -0.00469 -0.00718  -0.0103  -0.0141  -0.0184  -0.0223  -0.0215   0.0216
        3|  -0.0115   0.0114   0.0128   0.0117   0.0102  0.00853  0.00688  0.00533  0.00391  0.00262  0.00141 0.000232   -0.001 -0.00236 -0.00396 -0.00586 -0.00813  -0.0107  -0.0134  -0.0157  -0.0146   0.0147
        2| -0.00753  0.00749  0.00848  0.00782  0.00685  0.00575  0.00466   0.0036  0.00262  0.00171 0.000858 1.06e-05 -0.00086 -0.00182 -0.00291 -0.00417 -0.00562  -0.0072 -0.00877 -0.00997 -0.00914  0.00917
        1|  -0.0039  0.00396  0.00465  0.00424  0.00368  0.00307  0.00245  0.00186   0.0013  0.00079 0.000305-0.000158-0.000638 -0.00114  -0.0017 -0.00232 -0.00301 -0.00372 -0.00441 -0.00491 -0.00445  0.00444
        0|  -0.0177        0        0        0        0        0        0        0        0        0        0        0        0        0        0        0        0        0        0        0        0   0.0201

rhs (22x12): 
         |        0        1        2        3        4        5        6        7        8        9       10       11       12       13       14       15       16       17       18       19       20       21
-------------------------------------------------------------------------------------------------------------------------------------------------------------------------------------------------------------------------
       11|        0        0        0        0        0        0        0        0        0        0        0        0        0        0        0        0        0        0        0        0        0        0
       10|        0    0.975   -0.277   0.0726    0.112   0.0907    0.074   0.0511    0.042   0.0274   0.0255   0.0177   0.0232   0.0184   0.0227    0.033   0.0768    0.161    0.305   0.0945    -4.18        0
        9|        0   -0.161    0.215    0.201    0.137    0.102   0.0664   0.0529   0.0326   0.0296   0.0168   0.0198   0.0127   0.0234     0.03   0.0624    0.128     0.32    0.717     1.04   0.0606        0
        8|        0  -0.0943  -0.0273  -0.0177 0.000144 -0.00183  0.00617-7.15e-05  0.00629-0.000511  0.00576-0.000955  0.00552 1.59e-05  0.00735  0.00246   0.0143   0.0263   0.0753   0.0366  -0.0654        0
        7|        0  -0.0379  -0.0201 -0.00872  -0.0102-0.000476 -0.00507  0.00255 -0.00335  0.00351 -0.00285  0.00372 -0.00279  0.00349 -0.00364  0.00144 -0.00859  -0.0111  -0.0405  -0.0786   -0.103        0
        6|        0   -0.026 -0.00603  -0.0105 -0.00143 -0.00604  0.00178 -0.00393   0.0031 -0.00314  0.00353 -0.00298   0.0035 -0.00335  0.00254 -0.00536 -0.00186  -0.0148  -0.0206  -0.0398  -0.0234        0
        5|        0  -0.0135 -0.00893 -0.00137 -0.00644  0.00132 -0.00431  0.00284  -0.0033  0.00347 -0.00294  0.00364 -0.00303  0.00327 -0.00377  0.00174 -0.00675  -0.0038  -0.0158  -0.0135 -0.00226        0
        4|        0  -0.0144-0.000499 -0.00644  0.00104 -0.00464  0.00257 -0.00348   0.0034 -0.00293  0.00372 -0.00279  0.00365 -0.00308  0.00307 -0.00422 0.000994 -0.00767 -0.00402  -0.0125   0.0083        0
        3|        0 -0.00728 -0.00602 0.000962 -0.00492  0.00229 -0.00371  0.00325 -0.00299  0.00375 -0.00268  0.00389 -0.00273  0.00366  -0.0032  0.00276 -0.00476 0.000332 -0.00803 -0.00265  0.00442        0
        2|        0  -0.0437  -0.0389  -0.0421  -0.0304   -0.031  -0.0184  -0.0192 -0.00732 -0.00919  0.00131 -0.00203  0.00717  0.00286   0.0111  0.00554   0.0123  0.00503   0.0102  0.00267   0.0197        0
        1|        0    0.115    0.123    0.128    0.117    0.116      0.1   0.0945   0.0737   0.0636   0.0386   0.0247 -0.00495   -0.025   -0.061  -0.0869   -0.127   -0.155   -0.191   -0.206   -0.204        0
        0|        0        0        0        0        0        0        0        0        0        0        0        0        0        0        0        0        0        0        0        0        0        0

