t: 0.839556
nCells: 20x10, dx: 0.1, dy: 0.1

u (22x12): 
         |        0        1        2        3        4        5        6        7        8        9       10       11       12       13       14       15       16       17       18       19       20
-------------------------------------------------------------------------------------------------------------------------------------------------------------------------------------------------------------------------
       11|        0 -0.00217 -0.00444 -0.00649 -0.00826  -0.0097  -0.0108  -0.0117  -0.0122  -0.0126  -0.0127  -0.0126  -0.0123  -0.0117  -0.0109 -0.00974 -0.00831 -0.00655  -0.0045  -0.0022        0
       10|        0 -0.00179 -0.00366 -0.00538  -0.0069 -0.00819 -0.00923    -0.01  -0.0106   -0.011  -0.0111   -0.011  -0.0107  -0.0102 -0.00946 -0.00844 -0.00716 -0.00561 -0.00384  -0.0019        0
        9|        0 -0.00152 -0.00312  -0.0046 -0.00593 -0.00707 -0.00802 -0.00875 -0.00929 -0.00961 -0.00974 -0.00966 -0.00939  -0.0089 -0.00819 -0.00726 -0.00612 -0.00477 -0.00325 -0.00159        0
        8|        0 -0.00131 -0.00269 -0.00398 -0.00514 -0.00616 -0.00701 -0.00768 -0.00816 -0.00846 -0.00857  -0.0085 -0.00824 -0.00778 -0.00714  -0.0063 -0.00528  -0.0041 -0.00278 -0.00136        0
        7|        0 -0.00114 -0.00235 -0.00348 -0.00451 -0.00541 -0.00618 -0.00678 -0.00722 -0.00749  -0.0076 -0.00752 -0.00728 -0.00686 -0.00627 -0.00552 -0.00461 -0.00357 -0.00241 -0.00118        0
        6|        0 -0.00101 -0.00207 -0.00308   -0.004 -0.00481  -0.0055 -0.00605 -0.00645  -0.0067 -0.00679 -0.00672 -0.00649 -0.00611 -0.00557 -0.00489 -0.00408 -0.00315 -0.00212 -0.00104        0
        5|        0-0.000907 -0.00186 -0.00277  -0.0036 -0.00434 -0.00496 -0.00546 -0.00583 -0.00606 -0.00614 -0.00608 -0.00587 -0.00551 -0.00502  -0.0044 -0.00366 -0.00282  -0.0019-0.000926        0
        4|        0 -0.00083  -0.0017 -0.00253  -0.0033 -0.00397 -0.00455 -0.00502 -0.00535 -0.00556 -0.00564 -0.00558 -0.00538 -0.00505 -0.00459 -0.00402 -0.00334 -0.00257 -0.00173-0.000844        0
        3|        0-0.000772 -0.00159 -0.00236 -0.00308 -0.00371 -0.00425 -0.00469 -0.00501  -0.0052 -0.00528 -0.00521 -0.00503 -0.00472 -0.00429 -0.00375 -0.00311 -0.00239 -0.00161-0.000784        0
        2|        0-0.000736 -0.00151 -0.00225 -0.00293 -0.00354 -0.00405 -0.00447 -0.00477 -0.00496 -0.00503 -0.00497 -0.00479 -0.00449 -0.00408 -0.00357 -0.00296 -0.00227 -0.00153-0.000746        0
        1|        0-0.000663 -0.00137 -0.00203 -0.00265  -0.0032 -0.00367 -0.00405 -0.00432 -0.00449 -0.00456  -0.0045 -0.00434 -0.00407  -0.0037 -0.00323 -0.00268 -0.00206 -0.00138-0.000672        0
        0|        0 0.000647  0.00133  0.00198  0.00258  0.00311  0.00357  0.00394  0.00421  0.00437  0.00443  0.00438  0.00422  0.00396   0.0036  0.00314   0.0026    0.002  0.00135 0.000655        0

v (22x12): 
         |        0        1        2        3        4        5        6        7        8        9       10       11       12       13       14       15       16       17       18       19       20       21
-------------------------------------------------------------------------------------------------------------------------------------------------------------------------------------------------------------------------
       10|  -0.0104   0.0107   0.0112   0.0106  0.00958  0.00838  0.00702  0.00556  0.00405   0.0025 0.000932-0.000649 -0.00224 -0.00382  -0.0054 -0.00693 -0.00838 -0.00968  -0.0108  -0.0115   -0.011   0.0107
        9| -0.00868  0.00891  0.00936  0.00884  0.00806  0.00709  0.00597  0.00476  0.00347  0.00215 0.000791-0.000575 -0.00195  -0.0033 -0.00464 -0.00591 -0.00709 -0.00813 -0.00898 -0.00955 -0.00913  0.00888
        8| -0.00719  0.00739  0.00776  0.00735  0.00673  0.00594  0.00503  0.00402  0.00294  0.00182 0.000665-0.000503 -0.00167 -0.00282 -0.00393 -0.00499 -0.00595 -0.00679 -0.00746 -0.00791 -0.00754  0.00733
        7| -0.00591  0.00607  0.00639  0.00606  0.00556  0.00493  0.00418  0.00335  0.00246  0.00152  0.00055-0.000428 -0.00141 -0.00236 -0.00329 -0.00415 -0.00493  -0.0056 -0.00614 -0.00649 -0.00618  0.00601
        6|  -0.0048  0.00493  0.00519  0.00493  0.00453  0.00402  0.00342  0.00275  0.00202  0.00124 0.000449-0.000359 -0.00116 -0.00195  -0.0027  -0.0034 -0.00402 -0.00456 -0.00498 -0.00526   -0.005  0.00486
        5| -0.00381  0.00392  0.00412  0.00392  0.00361  0.00321  0.00273   0.0022  0.00161 0.000996 0.000356 -0.00029-0.000935 -0.00156 -0.00216 -0.00272 -0.00321 -0.00363 -0.00396 -0.00417 -0.00397  0.00386
        4| -0.00293  0.00301  0.00317  0.00301  0.00278  0.00247  0.00211   0.0017  0.00125 0.000768 0.000275-0.000227-0.000724 -0.00121 -0.00167  -0.0021 -0.00247 -0.00279 -0.00304  -0.0032 -0.00304  0.00296
        3| -0.00212  0.00218  0.00229  0.00218  0.00201  0.00179  0.00153  0.00123 0.000905 0.000559 0.000198-0.000165-0.000529-0.000879 -0.00121 -0.00152 -0.00179 -0.00202  -0.0022 -0.00231  -0.0022  0.00214
        2| -0.00137   0.0014  0.00148  0.00141   0.0013  0.00116 0.000989 0.000795 0.000586  0.00036 0.000129-0.000108-0.000341-0.000569-0.000783-0.000982 -0.00116  -0.0013 -0.00142 -0.00149 -0.00141  0.00138
        1| -0.00065 0.000666 0.000702  0.00067 0.000617 0.000551  0.00047 0.000379 0.000278 0.000173 6.09e-05-5.02e-05-0.000163 -0.00027-0.000373-0.000466 -0.00055-0.000619-0.000674-0.000708-0.000672 0.000655
        0|        0        0        0        0        0        0        0        0        0        0        0        0        0        0        0        0        0        0        0        0        0        0

p (22x12): 
         |        0        1        2        3        4        5        6        7        8        9       10       11       12       13       14       15       16       17       18       19       20       21
-------------------------------------------------------------------------------------------------------------------------------------------------------------------------------------------------------------------------
       11|   -0.479   -0.479   -0.479   -0.478   -0.478   -0.477   -0.476   -0.475   -0.473   -0.472    -0.47   -0.469   -0.468   -0.466   -0.465   -0.463   -0.462   -0.461    -0.46    -0.46    -0.46    -0.46
       10|   -0.478   -0.478   -0.477   -0.477   -0.477   -0.476   -0.475   -0.474   -0.473   -0.472    -0.47   -0.469   -0.468   -0.467   -0.465   -0.464   -0.463   -0.462   -0.462   -0.461   -0.461   -0.461
        9|   -0.477   -0.477   -0.476   -0.476   -0.476   -0.475   -0.474   -0.473   -0.472   -0.471    -0.47   -0.469   -0.468   -0.467   -0.466   -0.465   -0.464   -0.463   -0.463   -0.462   -0.462   -0.462
        8|   -0.476   -0.476   -0.476   -0.475   -0.475   -0.474   -0.474   -0.473   -0.472   -0.471    -0.47   -0.469   -0.468   -0.467   -0.466   -0.465   -0.465   -0.464   -0.464   -0.463   -0.463   -0.463
        7|   -0.475   -0.475   -0.475   -0.475   -0.474   -0.474   -0.473   -0.472   -0.472   -0.471    -0.47   -0.469   -0.468   -0.467   -0.467   -0.466   -0.465   -0.465   -0.464   -0.464   -0.464   -0.464
        6|   -0.474   -0.474   -0.474   -0.474   -0.474   -0.473   -0.473   -0.472   -0.471   -0.471    -0.47   -0.469   -0.468   -0.468   -0.467   -0.466   -0.466   -0.465   -0.465   -0.465   -0.465   -0.465
        5|   -0.474   -0.474   -0.474   -0.474   -0.473   -0.473   -0.472   -0.472   -0.471   -0.471    -0.47   -0.469   -0.468   -0.468   -0.467   -0.467   -0.466   -0.466   -0.465   -0.465   -0.465   -0.465
        4|   -0.473   -0.473   -0.473   -0.473   -0.473   -0.473   -0.472   -0.472   -0.471    -0.47    -0.47   -0.469   -0.469   -0.468   -0.467   -0.467   -0.466   -0.466   -0.466   -0.466   -0.465   -0.465
        3|   -0.473   -0.473   -0.473   -0.473   -0.473   -0.472   -0.472   -0.471   -0.471    -0.47    -0.47   -0.469   -0.469   -0.468   -0.467   -0.467   -0.467   -0.466   -0.466   -0.466   -0.466   -0.466
        2|   -0.473   -0.473   -0.473   -0.473   -0.473   -0.472   -0.472   -0.471   -0.471    -0.47    -0.47   -0.469   -0.469   -0.468   -0.468   -0.467   -0.467   -0.466   -0.466   -0.466   -0.466   -0.466
        1|   -0.473   -0.473   -0.473   -0.473   -0.472   -0.472   -0.472   -0.471   -0.471    -0.47    -0.47   -0.469   -0.469   -0.468   -0.468   -0.467   -0.467   -0.466   -0.466   -0.466   -0.466   -0.466
        0|   -0.473   -0.473   -0.473   -0.473   -0.472   -0.472   -0.472   -0.471   -0.471    -0.47    -0.47   -0.469   -0.469   -0.468   -0.468   -0.467   -0.467   -0.466   -0.466   -0.466   -0.466   -0.466

F (22x12): 
         |        0        1        2        3        4        5        6        7        8        9       10       11       12       13       14       15       16       17       18       19       20
-------------------------------------------------------------------------------------------------------------------------------------------------------------------------------------------------------------------------
       11|        0        0        0        0        0        0        0        0        0        0        0        0        0        0        0        0        0        0        0        0        0
       10|        0 -0.00174 -0.00356 -0.00523 -0.00671 -0.00796 -0.00897 -0.00975  -0.0103  -0.0106  -0.0108  -0.0107  -0.0104 -0.00992 -0.00918 -0.00819 -0.00694 -0.00544 -0.00372 -0.00184        0
        9|        0 -0.00148 -0.00303 -0.00447 -0.00576 -0.00687 -0.00779  -0.0085 -0.00902 -0.00933 -0.00945 -0.00938 -0.00911 -0.00863 -0.00795 -0.00705 -0.00594 -0.00463 -0.00315 -0.00155        0
        8|        0 -0.00128 -0.00261 -0.00387   -0.005 -0.00598 -0.00681 -0.00745 -0.00792 -0.00821 -0.00832 -0.00825 -0.00799 -0.00755 -0.00692 -0.00611 -0.00512 -0.00398  -0.0027 -0.00132        0
        7|        0 -0.00111 -0.00228 -0.00338 -0.00438 -0.00526   -0.006 -0.00658 -0.00701 -0.00727 -0.00737  -0.0073 -0.00706 -0.00666 -0.00609 -0.00535 -0.00447 -0.00346 -0.00234 -0.00115        0
        6|        0-0.000986 -0.00202   -0.003 -0.00389 -0.00468 -0.00534 -0.00587 -0.00626  -0.0065 -0.00659 -0.00652  -0.0063 -0.00593 -0.00541 -0.00475 -0.00396 -0.00305 -0.00206 -0.00101        0
        5|        0-0.000884 -0.00181 -0.00269  -0.0035 -0.00421 -0.00482 -0.00531 -0.00566 -0.00588 -0.00596  -0.0059 -0.00569 -0.00535 -0.00487 -0.00427 -0.00355 -0.00273 -0.00184  -0.0009        0
        4|        0-0.000808 -0.00166 -0.00246  -0.0032 -0.00386 -0.00442 -0.00487  -0.0052  -0.0054 -0.00547 -0.00541 -0.00522  -0.0049 -0.00446  -0.0039 -0.00324 -0.00249 -0.00168-0.000821        0
        3|        0-0.000752 -0.00154  -0.0023 -0.00299  -0.0036 -0.00413 -0.00455 -0.00486 -0.00505 -0.00512 -0.00506 -0.00488 -0.00458 -0.00416 -0.00364 -0.00302 -0.00232 -0.00156-0.000762        0
        2|        0-0.000717 -0.00147 -0.00219 -0.00284 -0.00343 -0.00393 -0.00434 -0.00463 -0.00482 -0.00488 -0.00483 -0.00465 -0.00436 -0.00396 -0.00346 -0.00287 -0.00221 -0.00148-0.000725        0
        1|        0-0.000644 -0.00132 -0.00197 -0.00257  -0.0031 -0.00355 -0.00392 -0.00419 -0.00435 -0.00441 -0.00436  -0.0042 -0.00394 -0.00358 -0.00312 -0.00259 -0.00199 -0.00134-0.000652        0
        0|        0 0.000647  0.00133  0.00198  0.00258  0.00311  0.00357  0.00394  0.00421  0.00437  0.00443  0.00438  0.00422  0.00396   0.0036  0.00314   0.0026    0.002  0.00135 0.000655        0

G (22x12): 
         |        0        1        2        3        4        5        6        7        8        9       10       11       12       13       14       15       16       17       18       19       20       21
-------------------------------------------------------------------------------------------------------------------------------------------------------------------------------------------------------------------------
       10|  -0.0104   0.0104   0.0109   0.0102  0.00929  0.00812   0.0068  0.00538  0.00391  0.00241  0.00089-0.000641 -0.00218 -0.00371 -0.00523 -0.00671  -0.0081 -0.00935  -0.0104  -0.0111  -0.0106   0.0107
        9| -0.00868  0.00863  0.00908  0.00858  0.00782  0.00688  0.00579  0.00461  0.00336  0.00207 0.000758-0.000568  -0.0019 -0.00322 -0.00451 -0.00574 -0.00689  -0.0079 -0.00872 -0.00927 -0.00884  0.00888
        8| -0.00719  0.00716  0.00754  0.00713  0.00653  0.00577  0.00488   0.0039  0.00285  0.00176 0.000638-0.000495 -0.00162 -0.00274 -0.00382 -0.00484 -0.00578 -0.00659 -0.00724 -0.00767  -0.0073  0.00733
        7| -0.00591  0.00588   0.0062  0.00588   0.0054  0.00478  0.00406  0.00325  0.00238  0.00147 0.000528-0.000421 -0.00137  -0.0023 -0.00319 -0.00403 -0.00479 -0.00544 -0.00596  -0.0063 -0.00598  0.00601
        6|  -0.0048  0.00477  0.00504  0.00478   0.0044   0.0039  0.00332  0.00266  0.00195   0.0012 0.000432-0.000352 -0.00113 -0.00189 -0.00262  -0.0033 -0.00391 -0.00443 -0.00483  -0.0051 -0.00484  0.00486
        5| -0.00381  0.00379    0.004  0.00381   0.0035  0.00311  0.00265  0.00213  0.00156 0.000964 0.000343-0.000285-0.000911 -0.00152  -0.0021 -0.00264 -0.00312 -0.00352 -0.00384 -0.00405 -0.00384  0.00386
        4| -0.00293  0.00291  0.00308  0.00293   0.0027   0.0024  0.00205  0.00164  0.00121 0.000744 0.000265-0.000223-0.000705 -0.00118 -0.00162 -0.00204  -0.0024 -0.00271 -0.00295 -0.00311 -0.00294  0.00296
        3| -0.00212  0.00211  0.00223  0.00212  0.00195  0.00174  0.00148   0.0012 0.000877 0.000541 0.000191-0.000162-0.000515-0.000855 -0.00118 -0.00148 -0.00174 -0.00196 -0.00214 -0.00225 -0.00213  0.00214
        2| -0.00137  0.00136  0.00144  0.00137  0.00126  0.00112  0.00096 0.000772 0.000568 0.000349 0.000124-0.000106-0.000332-0.000554-0.000762-0.000955 -0.00112 -0.00127 -0.00138 -0.00145 -0.00137  0.00138
        1| -0.00065 0.000647 0.000683 0.000652   0.0006 0.000536 0.000457 0.000369  0.00027 0.000168 5.89e-05-4.93e-05-0.000159-0.000263-0.000363-0.000454-0.000535-0.000602-0.000655-0.000688-0.000652 0.000655
        0|        0        0        0        0        0        0        0        0        0        0        0        0        0        0        0        0        0        0        0        0        0        0

rhs (22x12): 
         |        0        1        2        3        4        5        6        7        8        9       10       11       12       13       14       15       16       17       18       19       20       21
-------------------------------------------------------------------------------------------------------------------------------------------------------------------------------------------------------------------------
       11|        0        0        0        0        0        0        0        0        0        0        0        0        0        0        0        0        0        0        0        0        0        0
       10|        0 -0.00728 -0.00238 -0.00428 -0.00295 -0.00473 -0.00308 -0.00441 -0.00222 -0.00297-0.000191-0.000355  0.00315  0.00388  0.00825  0.00976   0.0147   0.0165   0.0212   0.0218   0.0259        0
        9|        0 -0.00243 -0.00107 0.000547 -0.00103 0.000612-0.000967 0.000674-0.000915 0.000713-0.000894 0.000695-0.000932 0.000659-0.000984 0.000591 -0.00106 0.000505 -0.00114 0.000477  0.00246        0
        8|        0 -0.00311 0.000663-0.000945 0.000692-0.000895 0.000743-0.000846 0.000785-0.000816 0.000803 -0.00083 0.000773-0.000857 0.000733-0.000908 0.000673-0.000971 0.000616-0.000993  0.00334        0
        7|        0 -0.00149-0.000868 0.000753-0.000841 0.000794-0.000798 0.000836-0.000762 0.000863-0.000746 0.000853-0.000769 0.000831-0.000802 0.000788-0.000851 0.000738-0.000897  0.00072  0.00186        0
        6|        0 -0.00238 0.000806-0.000802  0.00083-0.000765 0.000869-0.000727 0.000902-0.000702 0.000917-0.000708 0.000899-0.000728 0.000869-0.000765 0.000827-0.000809 0.000788-0.000828  0.00285        0
        5|        0-0.000926-0.000769 0.000854-0.000745 0.000888-0.000708 0.000924-0.000676 0.000949-0.000661 0.000945-0.000676 0.000927-0.000703 0.000892-0.000743 0.000853-0.000779 0.000834  0.00146        0
        4|        0 -0.00196 0.000875-0.000733 0.000898-0.000699 0.000934-0.000664 0.000965 -0.00064 0.000979-0.000642 0.000967-0.000659 0.000941-0.000692 0.000904 -0.00073  0.00087-0.000751  0.00254        0
        3|        0-0.000616-0.000724 0.000902-0.000699 0.000934-0.000664 0.000968-0.000633 0.000992-0.000619 0.000993-0.000628 0.000976-0.000654 0.000943-0.000691 0.000907-0.000724 0.000888  0.00122        0
        2|        0 -0.00174 0.000909-0.000701  0.00093-0.000671 0.000962-0.000639  0.00099-0.000617    0.001-0.000613 0.000998-0.000629 0.000973-0.000661 0.000939-0.000695 0.000908-0.000716  0.00237        0
        1|        0 0.000934  0.00109  0.00225 0.000942  0.00204 0.000681  0.00173  0.00033  0.00134-8.17e-05  0.00091-0.000525 0.000467-0.000959 5.52e-05 -0.00134-0.000275 -0.00161-0.000468  0.00012        0
        0|        0        0        0        0        0        0        0        0        0        0        0        0        0        0        0        0        0        0        0        0        0        0

