t: 0.607945
nCells: 20x10, dx: 0.1, dy: 0.1

u (22x12): 
         |        0        1        2        3        4        5        6        7        8        9       10       11       12       13       14       15       16       17       18       19       20
-------------------------------------------------------------------------------------------------------------------------------------------------------------------------------------------------------------------------
       11|        0 -0.00163 -0.00329 -0.00478 -0.00606 -0.00711 -0.00793 -0.00854 -0.00896  -0.0092 -0.00928  -0.0092 -0.00896 -0.00855 -0.00794 -0.00713 -0.00608 -0.00481 -0.00331 -0.00164        0
       10|        0 -0.00135 -0.00273   -0.004 -0.00511 -0.00605  -0.0068 -0.00738 -0.00779 -0.00804 -0.00813 -0.00806 -0.00784 -0.00745 -0.00689 -0.00614 -0.00521 -0.00408  -0.0028 -0.00139        0
        9|        0 -0.00115 -0.00232 -0.00341 -0.00439 -0.00522  -0.0059 -0.00644 -0.00682 -0.00705 -0.00713 -0.00706 -0.00685 -0.00649 -0.00597 -0.00529 -0.00446 -0.00348 -0.00237 -0.00118        0
        8|        0-0.000989   -0.002 -0.00295  -0.0038 -0.00454 -0.00516 -0.00564 -0.00599  -0.0062 -0.00628 -0.00622 -0.00602 -0.00568 -0.00521  -0.0046 -0.00385 -0.00299 -0.00203 -0.00101        0
        7|        0-0.000861 -0.00174 -0.00257 -0.00333 -0.00399 -0.00454 -0.00498  -0.0053 -0.00549 -0.00556  -0.0055 -0.00532 -0.00501 -0.00458 -0.00403 -0.00337 -0.00261 -0.00177-0.000874        0
        6|        0-0.000761 -0.00154 -0.00228 -0.00295 -0.00355 -0.00404 -0.00444 -0.00473 -0.00491 -0.00497 -0.00492 -0.00475 -0.00447 -0.00407 -0.00357 -0.00298  -0.0023 -0.00156 -0.00077        0
        5|        0-0.000681 -0.00138 -0.00205 -0.00266 -0.00319 -0.00365 -0.00401 -0.00428 -0.00444  -0.0045 -0.00445 -0.00429 -0.00403 -0.00367 -0.00322 -0.00268 -0.00207  -0.0014-0.000689        0
        4|        0-0.000623 -0.00126 -0.00187 -0.00243 -0.00292 -0.00334 -0.00368 -0.00393 -0.00408 -0.00413 -0.00408 -0.00394 -0.00369 -0.00336 -0.00294 -0.00244 -0.00188 -0.00127-0.000628        0
        3|        0-0.000579 -0.00118 -0.00174 -0.00227 -0.00273 -0.00312 -0.00344 -0.00367 -0.00381 -0.00386 -0.00382 -0.00368 -0.00345 -0.00314 -0.00274 -0.00228 -0.00175 -0.00119-0.000584        0
        2|        0-0.000552 -0.00112 -0.00166 -0.00216  -0.0026 -0.00298 -0.00328  -0.0035 -0.00364 -0.00368 -0.00364 -0.00351 -0.00329 -0.00299 -0.00261 -0.00217 -0.00167 -0.00113-0.000556        0
        1|        0-0.000509 -0.00103 -0.00153 -0.00199  -0.0024 -0.00275 -0.00303 -0.00324 -0.00337 -0.00341 -0.00337 -0.00325 -0.00304 -0.00276 -0.00241   -0.002 -0.00154 -0.00104-0.000512        0
        0|        0  0.00049 0.000996  0.00147  0.00192  0.00231  0.00265  0.00292  0.00311  0.00323  0.00328  0.00324  0.00312  0.00292  0.00266  0.00232  0.00193  0.00148    0.001 0.000493        0

v (22x12): 
         |        0        1        2        3        4        5        6        7        8        9       10       11       12       13       14       15       16       17       18       19       20       21
-------------------------------------------------------------------------------------------------------------------------------------------------------------------------------------------------------------------------
       10| -0.00775  0.00806  0.00826  0.00775  0.00702  0.00612  0.00511  0.00403  0.00292  0.00178 0.000631-0.000523 -0.00168 -0.00283 -0.00397 -0.00507 -0.00612 -0.00705 -0.00782 -0.00836 -0.00818  0.00786
        9| -0.00645  0.00671  0.00689  0.00649   0.0059  0.00518  0.00435  0.00345  0.00251  0.00153  0.00054-0.000458 -0.00146 -0.00244 -0.00341 -0.00433 -0.00518 -0.00593 -0.00654 -0.00696 -0.00679  0.00652
        8| -0.00534  0.00556  0.00571   0.0054  0.00493  0.00435  0.00367  0.00292  0.00213   0.0013 0.000457-0.000395 -0.00124 -0.00208 -0.00289 -0.00365 -0.00435 -0.00495 -0.00543 -0.00576 -0.00562  0.00539
        7| -0.00439  0.00457   0.0047  0.00445  0.00408  0.00361  0.00305  0.00244  0.00178  0.00109 0.000381-0.000334 -0.00105 -0.00174 -0.00241 -0.00304 -0.00361 -0.00409 -0.00448 -0.00474 -0.00461  0.00443
        6| -0.00356  0.00371  0.00382  0.00362  0.00332  0.00294   0.0025    0.002  0.00146 0.000895 0.000313-0.000278-0.000863 -0.00144 -0.00198 -0.00249 -0.00294 -0.00333 -0.00364 -0.00384 -0.00373  0.00359
        5| -0.00283  0.00295  0.00303  0.00288  0.00265  0.00235    0.002   0.0016  0.00117 0.000719  0.00025-0.000224-0.000695 -0.00115 -0.00159 -0.00199 -0.00235 -0.00265 -0.00289 -0.00305 -0.00297  0.00285
        4| -0.00218  0.00226  0.00233  0.00222  0.00204  0.00181  0.00154  0.00124 0.000907 0.000555 0.000193-0.000175-0.000538-0.000893 -0.00123 -0.00154 -0.00181 -0.00204 -0.00222 -0.00235 -0.00228  0.00219
        3| -0.00158  0.00164  0.00169  0.00161  0.00148  0.00132  0.00112 0.000902  0.00066 0.000405  0.00014-0.000127-0.000393 -0.00065-0.000894 -0.00112 -0.00132 -0.00148 -0.00161  -0.0017 -0.00165  0.00159
        2| -0.00102  0.00106   0.0011  0.00104 0.000959 0.000853 0.000728 0.000584 0.000429 0.000262 9.13e-05 -8.3e-05-0.000255-0.000422-0.000579-0.000725-0.000852 -0.00096 -0.00104  -0.0011 -0.00107  0.00103
        1|-0.000491  0.00051 0.000526   0.0005 0.000461 0.000411  0.00035 0.000282 0.000206 0.000127 4.37e-05-3.94e-05-0.000123-0.000203-0.000279-0.000348 -0.00041-0.000461-0.000501-0.000527-0.000512 0.000493
        0|        0        0        0        0        0        0        0        0        0        0        0        0        0        0        0        0        0        0        0        0        0        0

p (22x12): 
         |        0        1        2        3        4        5        6        7        8        9       10       11       12       13       14       15       16       17       18       19       20       21
-------------------------------------------------------------------------------------------------------------------------------------------------------------------------------------------------------------------------
       11|   -0.176   -0.176   -0.175   -0.175   -0.174   -0.173   -0.172   -0.171   -0.169   -0.168   -0.167   -0.165   -0.164   -0.162   -0.161   -0.159   -0.158   -0.157   -0.156   -0.156   -0.155   -0.155
       10|   -0.174   -0.174   -0.174   -0.174   -0.173   -0.172   -0.171    -0.17   -0.169   -0.168   -0.166   -0.165   -0.164   -0.163   -0.161    -0.16   -0.159   -0.158   -0.158   -0.157   -0.157   -0.157
        9|   -0.173   -0.173   -0.173   -0.173   -0.172   -0.171   -0.171    -0.17   -0.169   -0.167   -0.166   -0.165   -0.164   -0.163   -0.162   -0.161    -0.16   -0.159   -0.159   -0.158   -0.158   -0.158
        8|   -0.172   -0.172   -0.172   -0.172   -0.171   -0.171    -0.17   -0.169   -0.168   -0.167   -0.166   -0.165   -0.164   -0.163   -0.162   -0.161   -0.161    -0.16    -0.16   -0.159   -0.159   -0.159
        7|   -0.171   -0.171   -0.171   -0.171   -0.171    -0.17   -0.169   -0.169   -0.168   -0.167   -0.166   -0.165   -0.164   -0.163   -0.163   -0.162   -0.161   -0.161    -0.16    -0.16    -0.16    -0.16
        6|   -0.171   -0.171   -0.171    -0.17    -0.17    -0.17   -0.169   -0.168   -0.168   -0.167   -0.166   -0.165   -0.164   -0.164   -0.163   -0.162   -0.162   -0.161   -0.161   -0.161   -0.161   -0.161
        5|    -0.17    -0.17    -0.17    -0.17    -0.17   -0.169   -0.169   -0.168   -0.167   -0.167   -0.166   -0.165   -0.165   -0.164   -0.163   -0.163   -0.162   -0.162   -0.161   -0.161   -0.161   -0.161
        4|    -0.17    -0.17    -0.17    -0.17   -0.169   -0.169   -0.168   -0.168   -0.167   -0.167   -0.166   -0.165   -0.165   -0.164   -0.163   -0.163   -0.162   -0.162   -0.162   -0.162   -0.161   -0.161
        3|    -0.17    -0.17   -0.169   -0.169   -0.169   -0.169   -0.168   -0.168   -0.167   -0.167   -0.166   -0.165   -0.165   -0.164   -0.164   -0.163   -0.163   -0.162   -0.162   -0.162   -0.162   -0.162
        2|   -0.169   -0.169   -0.169   -0.169   -0.169   -0.169   -0.168   -0.168   -0.167   -0.167   -0.166   -0.165   -0.165   -0.164   -0.164   -0.163   -0.163   -0.162   -0.162   -0.162   -0.162   -0.162
        1|   -0.169   -0.169   -0.169   -0.169   -0.169   -0.168   -0.168   -0.168   -0.167   -0.167   -0.166   -0.165   -0.165   -0.164   -0.164   -0.163   -0.163   -0.162   -0.162   -0.162   -0.162   -0.162
        0|   -0.169   -0.169   -0.169   -0.169   -0.169   -0.168   -0.168   -0.168   -0.167   -0.167   -0.166   -0.165   -0.165   -0.164   -0.164   -0.163   -0.163   -0.162   -0.162   -0.162   -0.162   -0.162

F (22x12): 
         |        0        1        2        3        4        5        6        7        8        9       10       11       12       13       14       15       16       17       18       19       20
-------------------------------------------------------------------------------------------------------------------------------------------------------------------------------------------------------------------------
       11|        0        0        0        0        0        0        0        0        0        0        0        0        0        0        0        0        0        0        0        0        0
       10|        0  -0.0013 -0.00262 -0.00384  -0.0049  -0.0058 -0.00653 -0.00708 -0.00747  -0.0077 -0.00779 -0.00773 -0.00751 -0.00714  -0.0066 -0.00588 -0.00499 -0.00391 -0.00268 -0.00134        0
        9|        0 -0.00111 -0.00223 -0.00328 -0.00421 -0.00501 -0.00566 -0.00617 -0.00653 -0.00675 -0.00683 -0.00677 -0.00657 -0.00622 -0.00572 -0.00507 -0.00427 -0.00333 -0.00227 -0.00113        0
        8|        0-0.000951 -0.00192 -0.00283 -0.00365 -0.00436 -0.00495 -0.00541 -0.00574 -0.00594 -0.00602 -0.00596 -0.00577 -0.00544 -0.00499  -0.0044 -0.00369 -0.00287 -0.00195-0.000967        0
        7|        0-0.000828 -0.00168 -0.00247 -0.00319 -0.00383 -0.00436 -0.00478 -0.00508 -0.00526 -0.00533 -0.00527  -0.0051  -0.0048 -0.00439 -0.00386 -0.00323  -0.0025  -0.0017-0.000839        0
        6|        0-0.000731 -0.00148 -0.00219 -0.00283  -0.0034 -0.00388 -0.00426 -0.00454 -0.00471 -0.00476 -0.00471 -0.00455 -0.00428  -0.0039 -0.00343 -0.00286 -0.00221  -0.0015 -0.00074        0
        5|        0-0.000655 -0.00133 -0.00196 -0.00255 -0.00306  -0.0035 -0.00385  -0.0041 -0.00426 -0.00431 -0.00426 -0.00411 -0.00386 -0.00352 -0.00308 -0.00257 -0.00198 -0.00134-0.000661        0
        4|        0-0.000598 -0.00121  -0.0018 -0.00233  -0.0028 -0.00321 -0.00353 -0.00376 -0.00391 -0.00396 -0.00391 -0.00377 -0.00354 -0.00322 -0.00282 -0.00234 -0.00181 -0.00122-0.000603        0
        3|        0-0.000557 -0.00113 -0.00167 -0.00217 -0.00262   -0.003  -0.0033 -0.00352 -0.00366  -0.0037 -0.00366 -0.00353 -0.00331 -0.00301 -0.00263 -0.00218 -0.00168 -0.00114-0.000561        0
        2|        0 -0.00053 -0.00107 -0.00159 -0.00207 -0.00249 -0.00285 -0.00315 -0.00336 -0.00349 -0.00353 -0.00349 -0.00336 -0.00315 -0.00286  -0.0025 -0.00208  -0.0016 -0.00108-0.000534        0
        1|        0-0.000488-0.000991 -0.00147 -0.00191  -0.0023 -0.00263  -0.0029  -0.0031 -0.00322 -0.00326 -0.00322  -0.0031 -0.00291 -0.00264 -0.00231 -0.00192 -0.00147-0.000996-0.000491        0
        0|        0  0.00049 0.000996  0.00147  0.00192  0.00231  0.00265  0.00292  0.00311  0.00323  0.00328  0.00324  0.00312  0.00292  0.00266  0.00232  0.00193  0.00148    0.001 0.000493        0

G (22x12): 
         |        0        1        2        3        4        5        6        7        8        9       10       11       12       13       14       15       16       17       18       19       20       21
-------------------------------------------------------------------------------------------------------------------------------------------------------------------------------------------------------------------------
       10| -0.00775   0.0077  0.00791  0.00742  0.00671  0.00585  0.00489  0.00385  0.00278  0.00169 0.000596-0.000507 -0.00161 -0.00271 -0.00379 -0.00485 -0.00584 -0.00673 -0.00746 -0.00798 -0.00779  0.00786
        9| -0.00645  0.00642   0.0066  0.00622  0.00566  0.00496  0.00417  0.00331   0.0024  0.00146 0.000512-0.000444  -0.0014 -0.00235 -0.00327 -0.00415 -0.00497 -0.00568 -0.00627 -0.00667 -0.00649  0.00652
        8| -0.00534  0.00532  0.00548  0.00517  0.00472  0.00416  0.00351   0.0028  0.00204  0.00124 0.000434-0.000383  -0.0012   -0.002 -0.00277  -0.0035 -0.00417 -0.00474 -0.00521 -0.00552 -0.00537  0.00539
        7| -0.00439  0.00437  0.00451  0.00426  0.00391  0.00345  0.00292  0.00234   0.0017  0.00104 0.000362-0.000323 -0.00101 -0.00167 -0.00231 -0.00291 -0.00346 -0.00392 -0.00429 -0.00454 -0.00441  0.00443
        6| -0.00356  0.00355  0.00366  0.00347  0.00318  0.00282  0.00239  0.00192   0.0014 0.000856 0.000297-0.000268-0.000829 -0.00138  -0.0019 -0.00239 -0.00282 -0.00319 -0.00349 -0.00368 -0.00357  0.00359
        5| -0.00283  0.00282  0.00291  0.00276  0.00254  0.00225  0.00191  0.00154  0.00112 0.000687 0.000238-0.000216-0.000668 -0.00111 -0.00152 -0.00191 -0.00225 -0.00254 -0.00277 -0.00293 -0.00284  0.00285
        4| -0.00218  0.00217  0.00224  0.00212  0.00196  0.00174  0.00148  0.00119 0.000869 0.000531 0.000184-0.000168-0.000517-0.000857 -0.00118 -0.00147 -0.00174 -0.00196 -0.00213 -0.00225 -0.00218  0.00219
        3| -0.00158  0.00157  0.00162  0.00154  0.00142  0.00126  0.00108 0.000864 0.000632 0.000388 0.000134-0.000123-0.000378-0.000624-0.000858 -0.00107 -0.00126 -0.00142 -0.00155 -0.00163 -0.00158  0.00159
        2| -0.00102  0.00102  0.00105 0.000998  0.00092 0.000818 0.000698  0.00056 0.000411 0.000251 8.71e-05-8.01e-05-0.000245-0.000405-0.000556-0.000696-0.000818-0.000921   -0.001 -0.00105 -0.00102  0.00103
        1|-0.000491 0.000489 0.000505 0.000481 0.000442 0.000394 0.000336  0.00027 0.000198 0.000122 4.17e-05-3.81e-05-0.000118-0.000195-0.000268-0.000334-0.000394-0.000443-0.000482-0.000507-0.000491 0.000493
        0|        0        0        0        0        0        0        0        0        0        0        0        0        0        0        0        0        0        0        0        0        0        0

rhs (22x12): 
         |        0        1        2        3        4        5        6        7        8        9       10       11       12       13       14       15       16       17       18       19       20       21
-------------------------------------------------------------------------------------------------------------------------------------------------------------------------------------------------------------------------
       11|        0        0        0        0        0        0        0        0        0        0        0        0        0        0        0        0        0        0        0        0        0        0
       10|        0 -0.00655 -0.00335 -0.00415 -0.00333 -0.00397 -0.00291 -0.00327  -0.0019 -0.00194-0.000259-4.76e-07  0.00205  0.00276  0.00525  0.00634   0.0091   0.0103   0.0128   0.0133   0.0164        0
        9|        0 -0.00199-0.000545 0.000246-0.000521 0.000281-0.000485 0.000315-0.000457 0.000336-0.000445 0.000327-0.000464 0.000309 -0.00049 0.000275 -0.00053 0.000232-0.000571 0.000213  0.00193        0
        8|        0  -0.0022 0.000306-0.000474 0.000323-0.000447 0.000351-0.000421 0.000373-0.000404 0.000383-0.000412 0.000368-0.000425 0.000348-0.000451 0.000318-0.000482 0.000289-0.000497  0.00226        0
        7|        0 -0.00131-0.000434 0.000356-0.000419 0.000378-0.000395   0.0004-0.000376 0.000414-0.000368 0.000409 -0.00038 0.000398-0.000396 0.000376-0.000421 0.000351-0.000444 0.000339  0.00145        0
        6|        0 -0.00168 0.000383-0.000398 0.000396-0.000378 0.000417-0.000358 0.000434-0.000345 0.000442-0.000348 0.000433-0.000358 0.000418-0.000377 0.000396-0.000399 0.000376-0.000411  0.00187        0
        5|        0-0.000912-0.000381 0.000409-0.000367 0.000427-0.000348 0.000446-0.000331 0.000459-0.000324 0.000457-0.000331 0.000448-0.000345  0.00043-0.000365  0.00041-0.000384 0.000399  0.00115        0
        4|        0 -0.00137  0.00042-0.000361 0.000432-0.000344 0.000451-0.000325 0.000467-0.000313 0.000475-0.000313 0.000468-0.000322 0.000455 -0.00034 0.000436-0.000359 0.000418 -0.00037  0.00163        0
        3|        0 -0.00069-0.000356 0.000434-0.000343 0.000451-0.000325 0.000469-0.000309 0.000481-0.000301 0.000482-0.000307 0.000473 -0.00032 0.000456-0.000339 0.000437-0.000356 0.000427  0.00097        0
        2|        0 -0.00122 0.000437-0.000345 0.000449-0.000329 0.000466-0.000311 0.000481  -0.0003 0.000488-0.000298 0.000484-0.000307 0.000472-0.000323 0.000454-0.000341 0.000438-0.000352  0.00151        0
        1|        0 0.000447 0.000871  0.00141 0.000756  0.00126 0.000557  0.00102 0.000293 0.000733-1.33e-05 0.000414-0.000337 9.22e-05-0.000651-0.000204 -0.00092-0.000439 -0.00111-0.000578 5.16e-05        0
        0|        0        0        0        0        0        0        0        0        0        0        0        0        0        0        0        0        0        0        0        0        0        0

