t: 1.28065
nCells: 20x10, dx: 0.1, dy: 0.1

u (22x12): 
         |        0        1        2        3        4        5        6        7        8        9       10       11       12       13       14       15       16       17       18       19       20
-------------------------------------------------------------------------------------------------------------------------------------------------------------------------------------------------------------------------
       11|        0     1.92     1.88     1.85     1.84     1.83     1.82     1.82     1.82     1.82     1.81     1.81     1.81     1.81     1.82     1.82     1.82     1.83     1.85      1.9        0
       10|        0   0.0809    0.125     0.15    0.164    0.173    0.179    0.183    0.186    0.188    0.189     0.19     0.19    0.189    0.188    0.186    0.181    0.172    0.152    0.104        0
        9|        0  -0.0308   -0.033  -0.0289  -0.0245  -0.0208  -0.0181  -0.0161  -0.0147  -0.0139  -0.0134  -0.0133  -0.0136  -0.0142  -0.0154  -0.0172  -0.0198   -0.023  -0.0257  -0.0232        0
        8|        0  -0.0155  -0.0245  -0.0277  -0.0282  -0.0277  -0.0269  -0.0262  -0.0256  -0.0253  -0.0252  -0.0253  -0.0258  -0.0266  -0.0279  -0.0299  -0.0325  -0.0354  -0.0367  -0.0294        0
        7|        0 -0.00945  -0.0169  -0.0212  -0.0233  -0.0242  -0.0245  -0.0245  -0.0245  -0.0244  -0.0245  -0.0247   -0.025  -0.0256  -0.0263  -0.0272   -0.028  -0.0281  -0.0258  -0.0176        0
        6|        0  -0.0065  -0.0124  -0.0166  -0.0193   -0.021  -0.0219  -0.0225  -0.0228   -0.023  -0.0232  -0.0234  -0.0236  -0.0237  -0.0238  -0.0237  -0.0231  -0.0215  -0.0176  -0.0104        0
        5|        0  -0.0049 -0.00974  -0.0136  -0.0164  -0.0184  -0.0198  -0.0207  -0.0213  -0.0217  -0.0219  -0.0221  -0.0221  -0.0219  -0.0215  -0.0208  -0.0193  -0.0169  -0.0129 -0.00688        0
        4|        0 -0.00397 -0.00805  -0.0115  -0.0143  -0.0164   -0.018  -0.0192    -0.02  -0.0205  -0.0208  -0.0209  -0.0207  -0.0203  -0.0196  -0.0184  -0.0166  -0.0139    -0.01 -0.00512        0
        3|        0 -0.00341   -0.007  -0.0102  -0.0129   -0.015  -0.0167   -0.018  -0.0189  -0.0195  -0.0198  -0.0199  -0.0196  -0.0191  -0.0181  -0.0167  -0.0147  -0.0119  -0.0084 -0.00417        0
        2|        0  -0.0031 -0.00637 -0.00937   -0.012  -0.0141  -0.0159  -0.0172  -0.0182  -0.0188  -0.0191  -0.0192  -0.0189  -0.0182  -0.0172  -0.0156  -0.0135  -0.0108 -0.00746 -0.00365        0
        1|        0 -0.00304 -0.00643 -0.00948  -0.0121  -0.0143   -0.016  -0.0173  -0.0181  -0.0186  -0.0188  -0.0186  -0.0181  -0.0173  -0.0161  -0.0144  -0.0123 -0.00969 -0.00661 -0.00317        0
        0|        0 -0.00245 -0.00515 -0.00767 -0.00991  -0.0118  -0.0134  -0.0147  -0.0156  -0.0162  -0.0164  -0.0164   -0.016  -0.0153  -0.0142  -0.0127  -0.0108 -0.00846 -0.00576 -0.00284        0

v (22x12): 
         |        0        1        2        3        4        5        6        7        8        9       10       11       12       13       14       15       16       17       18       19       20       21
-------------------------------------------------------------------------------------------------------------------------------------------------------------------------------------------------------------------------
       10|        0        0        0        0        0        0        0        0        0        0        0        0        0        0        0        0        0        0        0        0        0        0
        9|  -0.0802   0.0809   0.0441   0.0246   0.0147  0.00922  0.00599  0.00399  0.00267  0.00178  0.00112  0.00059 5.45e-05-0.000488 -0.00117 -0.00226 -0.00437 -0.00903  -0.0203  -0.0483   -0.104    0.102
        8|  -0.0497   0.0502   0.0419   0.0286   0.0191   0.0129  0.00874  0.00596  0.00404  0.00264  0.00157 0.000666-0.000185 -0.00114 -0.00235  -0.0041 -0.00696  -0.0122   -0.023  -0.0457  -0.0807   0.0788
        7|  -0.0343   0.0347   0.0329   0.0254   0.0186   0.0134  0.00954  0.00671   0.0046  0.00298  0.00166 0.000501-0.000662 -0.00198 -0.00367 -0.00602 -0.00956  -0.0152  -0.0243  -0.0384  -0.0513   0.0501
        6|  -0.0249   0.0252   0.0254   0.0211   0.0165   0.0125  0.00926  0.00668  0.00465    0.003   0.0016 0.000304 -0.00101 -0.00252 -0.00439  -0.0069  -0.0104  -0.0153   -0.022  -0.0301  -0.0338    0.033
        5|  -0.0185   0.0187   0.0195   0.0169   0.0138   0.0109   0.0083  0.00613  0.00431  0.00278  0.00142 0.000139 -0.00119 -0.00268  -0.0045  -0.0068 -0.00979  -0.0136  -0.0182  -0.0228  -0.0234   0.0229
        4|  -0.0136   0.0138   0.0146    0.013    0.011  0.00888  0.00694   0.0052   0.0037  0.00237  0.00117 9.39e-06 -0.00119 -0.00253 -0.00411 -0.00604 -0.00837  -0.0111  -0.0142  -0.0168  -0.0166   0.0162
        3| -0.00972  0.00985   0.0105  0.00954  0.00819  0.00676  0.00535  0.00406   0.0029  0.00185 0.000875-7.18e-05 -0.00106 -0.00214 -0.00339 -0.00484 -0.00654 -0.00842  -0.0103  -0.0119  -0.0114   0.0112
        2| -0.00635  0.00644  0.00696  0.00635  0.00551  0.00458  0.00366  0.00279  0.00199  0.00125 0.000559-0.000123-0.000823 -0.00159 -0.00244 -0.00342 -0.00451 -0.00568 -0.00681 -0.00769 -0.00727  0.00714
        1|  -0.0033  0.00334  0.00368  0.00335   0.0029  0.00242  0.00192  0.00146  0.00102 0.000614 0.000229-0.000142-0.000527-0.000932 -0.00138 -0.00187 -0.00241 -0.00296 -0.00348 -0.00387 -0.00363  0.00357
        0|  -0.0147   0.0149   0.0163   0.0155   0.0141   0.0124   0.0105  0.00842  0.00623  0.00396  0.00166-0.000694 -0.00307 -0.00547 -0.00786  -0.0102  -0.0125  -0.0145  -0.0162  -0.0172   -0.016   0.0157

p (22x12): 
         |        0        1        2        3        4        5        6        7        8        9       10       11       12       13       14       15       16       17       18       19       20       21
-------------------------------------------------------------------------------------------------------------------------------------------------------------------------------------------------------------------------
       11|    -1.74    -1.74    -1.74    -1.73    -1.73    -1.73    -1.73    -1.72    -1.72    -1.72    -1.72    -1.72    -1.71    -1.71    -1.71    -1.71    -1.71     -1.7     -1.7    -1.69    -1.67    -1.67
       10|    -1.74    -1.74    -1.74    -1.73    -1.73    -1.73    -1.73    -1.72    -1.72    -1.72    -1.72    -1.72    -1.71    -1.71    -1.71    -1.71    -1.71     -1.7     -1.7    -1.69    -1.67    -1.67
        9|    -1.74    -1.74    -1.73    -1.73    -1.73    -1.73    -1.73    -1.72    -1.72    -1.72    -1.72    -1.72    -1.71    -1.71    -1.71    -1.71    -1.71     -1.7     -1.7    -1.69    -1.69    -1.69
        8|    -1.73    -1.73    -1.73    -1.73    -1.73    -1.73    -1.73    -1.72    -1.72    -1.72    -1.72    -1.72    -1.71    -1.71    -1.71    -1.71    -1.71     -1.7     -1.7     -1.7    -1.69    -1.69
        7|    -1.73    -1.73    -1.73    -1.73    -1.73    -1.73    -1.72    -1.72    -1.72    -1.72    -1.72    -1.72    -1.71    -1.71    -1.71    -1.71    -1.71     -1.7     -1.7     -1.7     -1.7     -1.7
        6|    -1.73    -1.73    -1.73    -1.73    -1.73    -1.72    -1.72    -1.72    -1.72    -1.72    -1.72    -1.72    -1.71    -1.71    -1.71    -1.71    -1.71    -1.71     -1.7     -1.7     -1.7     -1.7
        5|    -1.73    -1.73    -1.73    -1.73    -1.72    -1.72    -1.72    -1.72    -1.72    -1.72    -1.72    -1.72    -1.71    -1.71    -1.71    -1.71    -1.71    -1.71     -1.7     -1.7     -1.7     -1.7
        4|    -1.72    -1.72    -1.72    -1.72    -1.72    -1.72    -1.72    -1.72    -1.72    -1.72    -1.72    -1.72    -1.71    -1.71    -1.71    -1.71    -1.71    -1.71    -1.71     -1.7     -1.7     -1.7
        3|    -1.72    -1.72    -1.72    -1.72    -1.72    -1.72    -1.72    -1.72    -1.72    -1.72    -1.72    -1.72    -1.71    -1.71    -1.71    -1.71    -1.71    -1.71    -1.71    -1.71    -1.71    -1.71
        2|    -1.72    -1.72    -1.72    -1.72    -1.72    -1.72    -1.72    -1.72    -1.72    -1.72    -1.72    -1.72    -1.71    -1.71    -1.71    -1.71    -1.71    -1.71    -1.71    -1.71    -1.71    -1.71
        1|    -1.72    -1.72    -1.72    -1.72    -1.72    -1.72    -1.72    -1.72    -1.72    -1.72    -1.72    -1.72    -1.71    -1.71    -1.71    -1.71    -1.71    -1.71    -1.71    -1.71    -1.71    -1.71
        0|    -1.72    -1.72    -1.72    -1.72    -1.72    -1.72    -1.72    -1.72    -1.72    -1.72    -1.72    -1.72    -1.71    -1.71    -1.71    -1.71    -1.71    -1.71    -1.71    -1.71    -1.71    -1.71

F (22x12): 
         |        0        1        2        3        4        5        6        7        8        9       10       11       12       13       14       15       16       17       18       19       20
-------------------------------------------------------------------------------------------------------------------------------------------------------------------------------------------------------------------------
       11|        0     1.92     1.88     1.85     1.84     1.83     1.82     1.82     1.82     1.82     1.81     1.81     1.81     1.81     1.82     1.82     1.82     1.83     1.85      1.9        0
       10|        0   0.0824    0.126     0.15    0.165    0.174     0.18    0.184    0.187    0.188     0.19     0.19     0.19     0.19    0.189    0.186    0.182    0.174    0.155    0.108        0
        9|        0  -0.0305  -0.0325  -0.0284  -0.0239  -0.0203  -0.0175  -0.0156  -0.0142  -0.0134  -0.0129  -0.0129  -0.0131  -0.0137  -0.0149  -0.0167  -0.0191  -0.0221  -0.0243   -0.021        0
        8|        0  -0.0154  -0.0242  -0.0273  -0.0278  -0.0272  -0.0264  -0.0257  -0.0251  -0.0248  -0.0247  -0.0248  -0.0253  -0.0261  -0.0274  -0.0293  -0.0318  -0.0346  -0.0358  -0.0285        0
        7|        0 -0.00937  -0.0167  -0.0209   -0.023  -0.0238  -0.0241  -0.0241   -0.024   -0.024  -0.0241  -0.0242  -0.0246  -0.0251  -0.0258  -0.0266  -0.0274  -0.0275  -0.0252  -0.0171        0
        6|        0 -0.00644  -0.0123  -0.0164  -0.0191  -0.0206  -0.0216  -0.0221  -0.0224  -0.0226  -0.0228   -0.023  -0.0231  -0.0233  -0.0234  -0.0233  -0.0227   -0.021  -0.0172  -0.0101        0
        5|        0 -0.00485 -0.00962  -0.0134  -0.0162  -0.0181  -0.0194  -0.0203  -0.0209  -0.0213  -0.0215  -0.0217  -0.0217  -0.0215  -0.0211  -0.0203  -0.0189  -0.0165  -0.0126 -0.00672        0
        4|        0 -0.00392 -0.00795  -0.0114  -0.0141  -0.0162  -0.0177  -0.0188  -0.0196  -0.0201  -0.0204  -0.0205  -0.0203  -0.0199  -0.0192   -0.018  -0.0162  -0.0136 -0.00983 -0.00501        0
        3|        0 -0.00337 -0.00691    -0.01  -0.0127  -0.0148  -0.0165  -0.0177  -0.0186  -0.0192  -0.0195  -0.0195  -0.0193  -0.0187  -0.0178  -0.0164  -0.0144  -0.0117 -0.00822 -0.00408        0
        2|        0 -0.00306 -0.00628 -0.00924  -0.0118  -0.0139  -0.0156  -0.0169  -0.0179  -0.0185  -0.0188  -0.0188  -0.0185  -0.0179  -0.0168  -0.0153  -0.0132  -0.0106  -0.0073 -0.00358        0
        1|        0   -0.003 -0.00634 -0.00935  -0.0119  -0.0141  -0.0157   -0.017  -0.0178  -0.0183  -0.0184  -0.0183  -0.0178  -0.0169  -0.0157  -0.0141   -0.012 -0.00946 -0.00646 -0.00311        0
        0|        0        0        0        0        0        0        0        0        0        0        0        0        0        0        0        0        0        0        0        0        0

G (22x12): 
         |        0        1        2        3        4        5        6        7        8        9       10       11       12       13       14       15       16       17       18       19       20       21
-------------------------------------------------------------------------------------------------------------------------------------------------------------------------------------------------------------------------
       10|        0        0        0        0        0        0        0        0        0        0        0        0        0        0        0        0        0        0        0        0        0        0
        9|  -0.0802   0.0793   0.0436   0.0243   0.0144  0.00903  0.00585  0.00388   0.0026  0.00172  0.00108 0.000557 3.25e-05-0.000499 -0.00117 -0.00224 -0.00429 -0.00878  -0.0196  -0.0466  -0.0998    0.102
        8|  -0.0497   0.0492   0.0411   0.0279   0.0186   0.0125  0.00848  0.00577   0.0039  0.00254  0.00149 0.000606-0.000231 -0.00118 -0.00238 -0.00412 -0.00698  -0.0122  -0.0228   -0.045  -0.0789   0.0788
        7|  -0.0343    0.034   0.0323   0.0248   0.0182   0.0131  0.00928  0.00651  0.00445  0.00287  0.00158 0.000443-0.000702   -0.002 -0.00367   -0.006 -0.00951   -0.015   -0.024  -0.0377  -0.0502   0.0501
        6|  -0.0249   0.0248    0.025   0.0207   0.0162   0.0122  0.00903  0.00651  0.00452   0.0029  0.00153 0.000254 -0.00104 -0.00253 -0.00437 -0.00684  -0.0103  -0.0151  -0.0216  -0.0296   -0.033    0.033
        5|  -0.0185   0.0184   0.0191   0.0166   0.0135   0.0106  0.00811  0.00598  0.00419  0.00269  0.00136 9.88e-05 -0.00121 -0.00268 -0.00446 -0.00673 -0.00966  -0.0134  -0.0179  -0.0224  -0.0229   0.0229
        4|  -0.0136   0.0136   0.0144   0.0128   0.0108   0.0087  0.00679  0.00508   0.0036   0.0023  0.00112-1.96e-05  -0.0012 -0.00252 -0.00407 -0.00596 -0.00825   -0.011  -0.0139  -0.0165  -0.0162   0.0162
        3| -0.00972  0.00967   0.0104  0.00937  0.00804  0.00662  0.00524  0.00397  0.00283   0.0018  0.00084-9.08e-05 -0.00106 -0.00212 -0.00335 -0.00478 -0.00644 -0.00828  -0.0102  -0.0117  -0.0112   0.0112
        2| -0.00635  0.00632  0.00684  0.00623  0.00541   0.0045  0.00359  0.00273  0.00194  0.00122 0.000538-0.000133 -0.00082 -0.00157 -0.00241 -0.00337 -0.00444 -0.00558 -0.00669 -0.00754 -0.00711  0.00714
        1|  -0.0033  0.00334  0.00369  0.00336  0.00291  0.00242  0.00193  0.00146  0.00102 0.000613 0.000227-0.000144-0.000529-0.000932 -0.00138 -0.00187  -0.0024 -0.00294 -0.00345 -0.00383 -0.00358  0.00357
        0|  -0.0147        0        0        0        0        0        0        0        0        0        0        0        0        0        0        0        0        0        0        0        0   0.0157

rhs (22x12): 
         |        0        1        2        3        4        5        6        7        8        9       10       11       12       13       14       15       16       17       18       19       20       21
-------------------------------------------------------------------------------------------------------------------------------------------------------------------------------------------------------------------------
       11|        0        0        0        0        0        0        0        0        0        0        0        0        0        0        0        0        0        0        0        0        0        0
       10|        0     1.18   -0.135    0.111    0.101   0.0669   0.0468   0.0294    0.023   0.0147   0.0146   0.0115    0.013  0.00929   0.0167   0.0244    0.051    0.101    0.192    0.109    -3.31        0
        9|        0   -0.128      0.2    0.163   0.0979   0.0642   0.0383   0.0287   0.0166   0.0154  0.00869   0.0114  0.00982   0.0182    0.021   0.0418   0.0797    0.187    0.418    0.644   0.0398        0
        8|        0   -0.089  -0.0244  -0.0137 -0.00138   -0.002  0.00289-0.000634  0.00321-0.000683  0.00308 -0.00079  0.00349-6.43e-05  0.00408 0.000882  0.00607  0.00569   0.0136  -0.0246  -0.0521        0
        7|        0  -0.0355  -0.0154 -0.00701 -0.00685 -0.00064 -0.00312  0.00144 -0.00199  0.00203  -0.0017  0.00216 -0.00171  0.00193 -0.00232 0.000547 -0.00547 -0.00691  -0.0231  -0.0388    -0.04        0
        6|        0  -0.0222 -0.00514  -0.0071 -0.00131 -0.00374  0.00097 -0.00232  0.00182 -0.00184  0.00207 -0.00175    0.002 -0.00201  0.00143 -0.00319 -0.00098 -0.00797 -0.00972   -0.019 -0.00224        0
        5|        0  -0.0123 -0.00605 -0.00132 -0.00405 0.000649 -0.00257  0.00166 -0.00193  0.00204 -0.00173  0.00211 -0.00179  0.00189 -0.00225    0.001 -0.00386 -0.00179 -0.00818 -0.00645  0.00327        0
        4|        0  -0.0117-0.000772 -0.00408  0.00044 -0.00279  0.00149 -0.00203    0.002 -0.00171  0.00218 -0.00165  0.00212 -0.00183  0.00176  -0.0025 0.000623 -0.00428 -0.00186 -0.00672  0.00746        0
        3|        0 -0.00685 -0.00385 0.000351 -0.00299   0.0013 -0.00217  0.00192 -0.00173  0.00221 -0.00157  0.00227 -0.00162  0.00211 -0.00191  0.00158 -0.00278 0.000298 -0.00444 -0.00122  0.00454        0
        2|        0  -0.0335  -0.0279  -0.0292  -0.0216  -0.0213  -0.0132   -0.013 -0.00544 -0.00598 0.000686-0.000794  0.00509  0.00304  0.00832  0.00553  0.00993  0.00618  0.00969  0.00552   0.0167        0
        1|        0     0.13    0.135    0.134    0.123    0.116   0.0986    0.087   0.0661   0.0512   0.0275   0.0103  -0.0162  -0.0369  -0.0668  -0.0904   -0.122   -0.145   -0.171   -0.184   -0.183        0
        0|        0        0        0        0        0        0        0        0        0        0        0        0        0        0        0        0        0        0        0        0        0        0

