t: 1.35884
nCells: 20x10, dx: 0.1, dy: 0.1

u (22x12): 
         |        0        1        2        3        4        5        6        7        8        9       10       11       12       13       14       15       16       17       18       19       20
-------------------------------------------------------------------------------------------------------------------------------------------------------------------------------------------------------------------------
       11|        0 -0.00317 -0.00675 -0.00998  -0.0128  -0.0151  -0.0169  -0.0182  -0.0191  -0.0196  -0.0198  -0.0196  -0.0191  -0.0182   -0.017  -0.0152   -0.013  -0.0102 -0.00697 -0.00333        0
       10|        0 -0.00254 -0.00538 -0.00803  -0.0104  -0.0124  -0.0141  -0.0154  -0.0164   -0.017  -0.0173  -0.0173  -0.0169  -0.0162   -0.015  -0.0134  -0.0114 -0.00896  -0.0061   -0.003        0
        9|        0 -0.00219 -0.00461 -0.00689 -0.00895  -0.0107  -0.0123  -0.0135  -0.0143  -0.0149  -0.0152  -0.0151  -0.0148   -0.014   -0.013  -0.0115 -0.00973 -0.00758 -0.00514 -0.00248        0
        8|        0  -0.0019   -0.004 -0.00598 -0.00779 -0.00939  -0.0107  -0.0118  -0.0126  -0.0131  -0.0134  -0.0133  -0.0129  -0.0123  -0.0113 -0.00997 -0.00836 -0.00648 -0.00437  -0.0021        0
        7|        0 -0.00166 -0.00351 -0.00525 -0.00686 -0.00827 -0.00948  -0.0104  -0.0112  -0.0116  -0.0118  -0.0118  -0.0114  -0.0108 -0.00988  -0.0087 -0.00727 -0.00561 -0.00377  -0.0018        0
        6|        0 -0.00148 -0.00311 -0.00467  -0.0061 -0.00737 -0.00845 -0.00933 -0.00998  -0.0104  -0.0106  -0.0105  -0.0102 -0.00958 -0.00875 -0.00769  -0.0064 -0.00493  -0.0033 -0.00158        0
        5|        0 -0.00133  -0.0028 -0.00421  -0.0055 -0.00665 -0.00764 -0.00844 -0.00904 -0.00941 -0.00956 -0.00948 -0.00917 -0.00863 -0.00787 -0.00689 -0.00573  -0.0044 -0.00294  -0.0014        0
        4|        0 -0.00122 -0.00257 -0.00386 -0.00505 -0.00611 -0.00702 -0.00776  -0.0083 -0.00865 -0.00878  -0.0087 -0.00841  -0.0079 -0.00719 -0.00629 -0.00522 -0.00401 -0.00267 -0.00127        0
        3|        0 -0.00114  -0.0024  -0.0036 -0.00472 -0.00571 -0.00657 -0.00726 -0.00777 -0.00809 -0.00822 -0.00813 -0.00786 -0.00737 -0.00671 -0.00586 -0.00486 -0.00372 -0.00248 -0.00118        0
        2|        0 -0.00108 -0.00228 -0.00343 -0.00449 -0.00544 -0.00625 -0.00691 -0.00739  -0.0077 -0.00781 -0.00774 -0.00746 -0.00701 -0.00636 -0.00556  -0.0046 -0.00353 -0.00235 -0.00112        0
        1|        0-0.000928 -0.00197 -0.00295 -0.00387 -0.00469  -0.0054 -0.00597  -0.0064 -0.00666 -0.00676 -0.00669 -0.00646 -0.00606 -0.00551  -0.0048 -0.00398 -0.00304 -0.00203-0.000961        0
        0|        0 0.000917  0.00194  0.00291  0.00382  0.00463  0.00532  0.00588   0.0063  0.00656  0.00666  0.00659  0.00636  0.00597  0.00542  0.00473  0.00392    0.003    0.002 0.000949        0

v (22x12): 
         |        0        1        2        3        4        5        6        7        8        9       10       11       12       13       14       15       16       17       18       19       20       21
-------------------------------------------------------------------------------------------------------------------------------------------------------------------------------------------------------------------------
       10|  -0.0153   0.0155   0.0172   0.0163   0.0149   0.0131   0.0111  0.00891  0.00662  0.00424  0.00181-0.000671 -0.00318 -0.00572 -0.00826  -0.0108  -0.0131  -0.0153  -0.0171  -0.0182  -0.0169   0.0166
        9|  -0.0128    0.013   0.0143   0.0136   0.0125   0.0111  0.00942  0.00759  0.00564   0.0036   0.0015-0.000636  -0.0028 -0.00497 -0.00711 -0.00918  -0.0111  -0.0128  -0.0142  -0.0151  -0.0139   0.0136
        8|  -0.0106   0.0108   0.0119   0.0113   0.0104  0.00928  0.00792  0.00639  0.00475  0.00302  0.00124 -0.00059 -0.00243 -0.00426 -0.00604 -0.00775 -0.00932  -0.0107  -0.0118  -0.0125  -0.0114   0.0112
        7| -0.00875  0.00887   0.0098  0.00935  0.00862  0.00768  0.00657  0.00531  0.00395  0.00251    0.001-0.000522 -0.00206 -0.00358 -0.00506 -0.00645 -0.00772 -0.00881 -0.00968  -0.0102 -0.00929  0.00915
        6|  -0.0071   0.0072  0.00796   0.0076  0.00702  0.00626  0.00536  0.00434  0.00323  0.00204 0.000809-0.000453 -0.00171 -0.00296 -0.00415 -0.00528 -0.00629 -0.00716 -0.00783 -0.00826 -0.00749  0.00738
        5| -0.00564  0.00572  0.00632  0.00605  0.00558  0.00499  0.00427  0.00346  0.00257  0.00162 0.000633-0.000373 -0.00139 -0.00238 -0.00333 -0.00421 -0.00501 -0.00568 -0.00621 -0.00653 -0.00592  0.00583
        4| -0.00432  0.00438  0.00485  0.00464  0.00429  0.00383  0.00329  0.00266  0.00198  0.00124 0.000484-0.000298 -0.00107 -0.00184 -0.00257 -0.00325 -0.00384 -0.00436 -0.00475 -0.00499 -0.00452  0.00445
        3| -0.00312  0.00316   0.0035  0.00335   0.0031  0.00277  0.00238  0.00193  0.00143 0.000901 0.000345-0.000217-0.000784 -0.00133 -0.00186 -0.00234 -0.00278 -0.00314 -0.00342 -0.00359 -0.00325  0.00321
        2| -0.00199  0.00202  0.00224  0.00214  0.00198  0.00177  0.00152  0.00123 0.000918 0.000575 0.000223-0.000142-0.000501-0.000857 -0.00119  -0.0015 -0.00177 -0.00201 -0.00218  -0.0023 -0.00207  0.00204
        1|-0.000924 0.000935  0.00104 0.000996 0.000919 0.000826 0.000706 0.000576 0.000425 0.000271 0.000103-6.25e-05-0.000234-0.000395-0.000554-0.000695-0.000825-0.000929 -0.00102 -0.00106-0.000959 0.000947
        0|        0        0        0        0        0        0        0        0        0        0        0        0        0        0        0        0        0        0        0        0        0        0

p (22x12): 
         |        0        1        2        3        4        5        6        7        8        9       10       11       12       13       14       15       16       17       18       19       20       21
-------------------------------------------------------------------------------------------------------------------------------------------------------------------------------------------------------------------------
       11|    -2.06    -2.06    -2.05    -2.05    -2.05    -2.05    -2.05    -2.05    -2.05    -2.05    -2.05    -2.05    -2.05    -2.04    -2.04    -2.04    -2.04    -2.04    -2.04    -2.04    -2.04    -2.04
       10|    -2.05    -2.05    -2.05    -2.05    -2.05    -2.05    -2.05    -2.05    -2.05    -2.05    -2.05    -2.05    -2.05    -2.04    -2.04    -2.04    -2.04    -2.04    -2.04    -2.04    -2.04    -2.04
        9|    -2.05    -2.05    -2.05    -2.05    -2.05    -2.05    -2.05    -2.05    -2.05    -2.05    -2.05    -2.05    -2.05    -2.04    -2.04    -2.04    -2.04    -2.04    -2.04    -2.04    -2.04    -2.04
        8|    -2.05    -2.05    -2.05    -2.05    -2.05    -2.05    -2.05    -2.05    -2.05    -2.05    -2.05    -2.05    -2.05    -2.04    -2.04    -2.04    -2.04    -2.04    -2.04    -2.04    -2.04    -2.04
        7|    -2.05    -2.05    -2.05    -2.05    -2.05    -2.05    -2.05    -2.05    -2.05    -2.05    -2.05    -2.05    -2.05    -2.05    -2.04    -2.04    -2.04    -2.04    -2.04    -2.04    -2.04    -2.04
        6|    -2.05    -2.05    -2.05    -2.05    -2.05    -2.05    -2.05    -2.05    -2.05    -2.05    -2.05    -2.05    -2.05    -2.05    -2.04    -2.04    -2.04    -2.04    -2.04    -2.04    -2.04    -2.04
        5|    -2.05    -2.05    -2.05    -2.05    -2.05    -2.05    -2.05    -2.05    -2.05    -2.05    -2.05    -2.05    -2.05    -2.05    -2.04    -2.04    -2.04    -2.04    -2.04    -2.04    -2.04    -2.04
        4|    -2.05    -2.05    -2.05    -2.05    -2.05    -2.05    -2.05    -2.05    -2.05    -2.05    -2.05    -2.05    -2.05    -2.05    -2.04    -2.04    -2.04    -2.04    -2.04    -2.04    -2.04    -2.04
        3|    -2.05    -2.05    -2.05    -2.05    -2.05    -2.05    -2.05    -2.05    -2.05    -2.05    -2.05    -2.05    -2.05    -2.05    -2.05    -2.04    -2.04    -2.04    -2.04    -2.04    -2.04    -2.04
        2|    -2.05    -2.05    -2.05    -2.05    -2.05    -2.05    -2.05    -2.05    -2.05    -2.05    -2.05    -2.05    -2.05    -2.05    -2.05    -2.04    -2.04    -2.04    -2.04    -2.04    -2.04    -2.04
        1|    -2.05    -2.05    -2.05    -2.05    -2.05    -2.05    -2.05    -2.05    -2.05    -2.05    -2.05    -2.05    -2.05    -2.05    -2.05    -2.04    -2.04    -2.04    -2.04    -2.04    -2.04    -2.04
        0|    -2.05    -2.05    -2.05    -2.05    -2.05    -2.05    -2.05    -2.05    -2.05    -2.05    -2.05    -2.05    -2.05    -2.05    -2.05    -2.04    -2.04    -2.04    -2.04    -2.04    -2.04    -2.04

F (22x12): 
         |        0        1        2        3        4        5        6        7        8        9       10       11       12       13       14       15       16       17       18       19       20
-------------------------------------------------------------------------------------------------------------------------------------------------------------------------------------------------------------------------
       11|        0        0        0        0        0        0        0        0        0        0        0        0        0        0        0        0        0        0        0        0        0
       10|        0 -0.00251 -0.00531 -0.00791  -0.0102  -0.0122  -0.0139  -0.0152  -0.0161  -0.0167   -0.017   -0.017  -0.0166  -0.0159  -0.0147  -0.0132  -0.0112 -0.00879 -0.00599 -0.00295        0
        9|        0 -0.00216 -0.00455 -0.00679 -0.00882  -0.0106  -0.0121  -0.0132  -0.0141  -0.0147  -0.0149  -0.0149  -0.0145  -0.0138  -0.0127  -0.0113 -0.00956 -0.00744 -0.00505 -0.00244        0
        8|        0 -0.00188 -0.00394  -0.0059 -0.00767 -0.00924  -0.0106  -0.0116  -0.0124  -0.0129  -0.0131  -0.0131  -0.0127   -0.012  -0.0111 -0.00979 -0.00821 -0.00637 -0.00429 -0.00206        0
        7|        0 -0.00164 -0.00345 -0.00517 -0.00675 -0.00814 -0.00933  -0.0103   -0.011  -0.0114  -0.0116  -0.0116  -0.0112  -0.0106  -0.0097 -0.00854 -0.00714 -0.00551  -0.0037 -0.00177        0
        6|        0 -0.00146 -0.00306  -0.0046   -0.006 -0.00725 -0.00832 -0.00918 -0.00982  -0.0102  -0.0104  -0.0103 -0.00998 -0.00941  -0.0086 -0.00755 -0.00629 -0.00484 -0.00324 -0.00155        0
        5|        0 -0.00131 -0.00276 -0.00414 -0.00542 -0.00655 -0.00752  -0.0083 -0.00889 -0.00925  -0.0094 -0.00932 -0.00901 -0.00848 -0.00773 -0.00677 -0.00563 -0.00432 -0.00289 -0.00138        0
        4|        0  -0.0012 -0.00253  -0.0038 -0.00497 -0.00601  -0.0069 -0.00763 -0.00816  -0.0085 -0.00863 -0.00855 -0.00826 -0.00776 -0.00706 -0.00618 -0.00513 -0.00394 -0.00263 -0.00126        0
        3|        0 -0.00112 -0.00236 -0.00355 -0.00464 -0.00562 -0.00646 -0.00714 -0.00764 -0.00795 -0.00808 -0.00799 -0.00772 -0.00724 -0.00659 -0.00575 -0.00477 -0.00366 -0.00244 -0.00116        0
        2|        0 -0.00107 -0.00224 -0.00337 -0.00441 -0.00535 -0.00614 -0.00679 -0.00727 -0.00757 -0.00768  -0.0076 -0.00733 -0.00688 -0.00625 -0.00546 -0.00452 -0.00347 -0.00231  -0.0011        0
        1|        0-0.000913 -0.00193  -0.0029  -0.0038 -0.00461  -0.0053 -0.00585 -0.00627 -0.00653 -0.00663 -0.00656 -0.00633 -0.00594  -0.0054 -0.00471  -0.0039 -0.00298 -0.00199-0.000944        0
        0|        0 0.000917  0.00194  0.00291  0.00382  0.00463  0.00532  0.00588   0.0063  0.00656  0.00666  0.00659  0.00636  0.00597  0.00542  0.00473  0.00392    0.003    0.002 0.000949        0

G (22x12): 
         |        0        1        2        3        4        5        6        7        8        9       10       11       12       13       14       15       16       17       18       19       20       21
-------------------------------------------------------------------------------------------------------------------------------------------------------------------------------------------------------------------------
       10|  -0.0153   0.0152   0.0169    0.016   0.0146   0.0129   0.0109  0.00873  0.00647  0.00413  0.00174 -0.00069 -0.00315 -0.00563  -0.0081  -0.0105  -0.0128  -0.0149  -0.0167  -0.0178  -0.0164   0.0166
        9|  -0.0128   0.0127   0.0141   0.0134   0.0123   0.0109  0.00924  0.00745  0.00552  0.00352  0.00145 -0.00065 -0.00278  -0.0049 -0.00701 -0.00904  -0.0109  -0.0126   -0.014  -0.0149  -0.0136   0.0136
        8|  -0.0106   0.0106   0.0117   0.0111   0.0103  0.00911  0.00777  0.00627  0.00466  0.00295   0.0012-0.000597  -0.0024  -0.0042 -0.00595 -0.00763 -0.00916  -0.0105  -0.0116  -0.0123  -0.0112   0.0112
        7| -0.00875   0.0087  0.00963  0.00919  0.00847  0.00755  0.00645  0.00521  0.00387  0.00245 0.000974-0.000527 -0.00204 -0.00353 -0.00498 -0.00635 -0.00759 -0.00866 -0.00951    -0.01 -0.00911  0.00915
        6|  -0.0071  0.00706  0.00782  0.00747   0.0069  0.00615  0.00527  0.00426  0.00316  0.00199 0.000785-0.000455 -0.00169 -0.00292 -0.00409 -0.00519 -0.00618 -0.00704  -0.0077 -0.00811 -0.00735  0.00738
        5| -0.00564  0.00561  0.00621  0.00594  0.00549   0.0049   0.0042   0.0034  0.00252  0.00159 0.000615-0.000374 -0.00137 -0.00234 -0.00328 -0.00415 -0.00493 -0.00559  -0.0061 -0.00642 -0.00581  0.00583
        4| -0.00432   0.0043  0.00477  0.00456  0.00422  0.00377  0.00323  0.00261  0.00194  0.00122 0.000471-0.000298 -0.00106 -0.00181 -0.00253 -0.00319 -0.00378 -0.00428 -0.00467 -0.00491 -0.00443  0.00445
        3| -0.00312   0.0031  0.00344  0.00329  0.00304  0.00272  0.00233  0.00189   0.0014 0.000883 0.000336-0.000217-0.000774 -0.00131 -0.00183 -0.00231 -0.00273 -0.00309 -0.00337 -0.00353 -0.00319  0.00321
        2| -0.00199  0.00198   0.0022  0.00211  0.00195  0.00174   0.0015  0.00121 0.000901 0.000563 0.000217-0.000142-0.000495-0.000845 -0.00117 -0.00148 -0.00175 -0.00198 -0.00215 -0.00226 -0.00203  0.00204
        1|-0.000924  0.00092  0.00102 0.000981 0.000905 0.000813 0.000695 0.000566 0.000418 0.000265   0.0001-6.26e-05-0.000231 -0.00039-0.000546-0.000685-0.000813-0.000916   -0.001 -0.00105-0.000943 0.000947
        0|        0        0        0        0        0        0        0        0        0        0        0        0        0        0        0        0        0        0        0        0        0        0

rhs (22x12): 
         |        0        1        2        3        4        5        6        7        8        9       10       11       12       13       14       15       16       17       18       19       20       21
-------------------------------------------------------------------------------------------------------------------------------------------------------------------------------------------------------------------------
       11|        0        0        0        0        0        0        0        0        0        0        0        0        0        0        0        0        0        0        0        0        0        0
       10|        0 -0.00634  0.00361 -0.00186 0.000988 -0.00471  -0.0015 -0.00638 -0.00203 -0.00558 0.000195  -0.0019  0.00571  0.00593   0.0159   0.0184   0.0303   0.0338   0.0453   0.0463   0.0509        0
        9|        0 -0.00263  -0.0027  0.00159 -0.00265  0.00173  -0.0025  0.00187 -0.00238  0.00196 -0.00234  0.00191 -0.00245   0.0018 -0.00259   0.0016 -0.00282  0.00136 -0.00304  0.00134  0.00327        0
        8|        0 -0.00505  0.00189 -0.00243  0.00193 -0.00232  0.00205 -0.00221  0.00214 -0.00214  0.00218 -0.00217   0.0021 -0.00226  0.00198  -0.0024  0.00182 -0.00258  0.00166  -0.0026  0.00606        0
        7|        0 -0.00117 -0.00224  0.00208 -0.00219  0.00217 -0.00209  0.00227   -0.002  0.00233 -0.00197  0.00231 -0.00203  0.00224 -0.00212  0.00213 -0.00225  0.00199 -0.00238  0.00197  0.00245        0
        6|        0 -0.00391  0.00221 -0.00209  0.00226 -0.00201  0.00235 -0.00192  0.00243 -0.00186  0.00247 -0.00187  0.00242 -0.00193  0.00234 -0.00203  0.00223 -0.00214  0.00212 -0.00218  0.00538        0
        5|        0-0.000296 -0.00201  0.00232 -0.00196   0.0024 -0.00187  0.00249 -0.00179  0.00255 -0.00175  0.00254 -0.00179  0.00249 -0.00186   0.0024 -0.00197  0.00229 -0.00206  0.00226  0.00189        0
        4|        0 -0.00326  0.00237 -0.00193  0.00242 -0.00185  0.00251 -0.00176  0.00259  -0.0017  0.00262  -0.0017  0.00259 -0.00175  0.00253 -0.00184  0.00243 -0.00194  0.00234 -0.00198  0.00494        0
        3|        0 0.000183 -0.00191  0.00243 -0.00185  0.00251 -0.00176  0.00259 -0.00169  0.00265 -0.00165  0.00266 -0.00167  0.00261 -0.00174  0.00253 -0.00183  0.00244 -0.00192  0.00239  0.00156        0
        2|        0 -0.00291  0.00246 -0.00185   0.0025 -0.00178  0.00258 -0.00171  0.00265 -0.00165  0.00268 -0.00164  0.00267 -0.00168   0.0026 -0.00176  0.00252 -0.00185  0.00244 -0.00189  0.00471        0
        1|        0  0.00255  0.00134  0.00451  0.00114  0.00422  0.00078  0.00379 0.000276  0.00322-0.000334  0.00257 -0.00102  0.00188  -0.0017  0.00122 -0.00232 0.000676 -0.00276 0.000377 0.000368        0
        0|        0        0        0        0        0        0        0        0        0        0        0        0        0        0        0        0        0        0        0        0        0        0

