t: 1.72457
nCells: 20x10, dx: 0.1, dy: 0.1

u (22x12): 
         |        0        1        2        3        4        5        6        7        8        9       10       11       12       13       14       15       16       17       18       19       20
-------------------------------------------------------------------------------------------------------------------------------------------------------------------------------------------------------------------------
       11|        0 -0.00371 -0.00814  -0.0121  -0.0156  -0.0184  -0.0207  -0.0224  -0.0235  -0.0242  -0.0244  -0.0242  -0.0236  -0.0225  -0.0209  -0.0188   -0.016  -0.0126 -0.00856 -0.00404        0
       10|        0 -0.00288 -0.00629  -0.0095  -0.0124  -0.0149   -0.017  -0.0187    -0.02  -0.0208  -0.0213  -0.0214   -0.021  -0.0201  -0.0188  -0.0168  -0.0143  -0.0113 -0.00768 -0.00379        0
        9|        0 -0.00251 -0.00542 -0.00818  -0.0107  -0.0129  -0.0148  -0.0163  -0.0175  -0.0183  -0.0187  -0.0187  -0.0183  -0.0175  -0.0162  -0.0144  -0.0122 -0.00953 -0.00645  -0.0031        0
        8|        0  -0.0022 -0.00472 -0.00714 -0.00934  -0.0113   -0.013  -0.0144  -0.0154  -0.0161  -0.0164  -0.0164   -0.016  -0.0152   -0.014  -0.0124  -0.0105  -0.0081 -0.00544 -0.00258        0
        7|        0 -0.00194 -0.00416 -0.00628 -0.00825 -0.00999  -0.0115  -0.0127  -0.0136  -0.0142  -0.0145  -0.0145  -0.0141  -0.0134  -0.0123  -0.0108 -0.00905 -0.00698 -0.00467  -0.0022        0
        6|        0 -0.00173  -0.0037  -0.0056 -0.00735 -0.00892  -0.0103  -0.0114  -0.0122  -0.0127   -0.013  -0.0129  -0.0125  -0.0119  -0.0108 -0.00954 -0.00794 -0.00611 -0.00407 -0.00191        0
        5|        0 -0.00156 -0.00335 -0.00506 -0.00665 -0.00807  -0.0093  -0.0103   -0.011  -0.0115  -0.0117  -0.0117  -0.0113  -0.0107 -0.00973 -0.00853 -0.00709 -0.00544 -0.00362 -0.00169        0
        4|        0 -0.00144 -0.00307 -0.00466 -0.00611 -0.00743 -0.00855 -0.00947  -0.0102  -0.0106  -0.0108  -0.0107  -0.0104 -0.00975 -0.00888 -0.00778 -0.00645 -0.00494 -0.00328 -0.00154        0
        3|        0 -0.00134 -0.00288 -0.00435 -0.00573 -0.00695 -0.00801 -0.00887 -0.00952 -0.00992  -0.0101    -0.01 -0.00968 -0.00909 -0.00828 -0.00723 -0.00599 -0.00458 -0.00304 -0.00142        0
        2|        0 -0.00128 -0.00273 -0.00414 -0.00543  -0.0066  -0.0076 -0.00842 -0.00903 -0.00943 -0.00958  -0.0095 -0.00917 -0.00862 -0.00783 -0.00684 -0.00566 -0.00433 -0.00286 -0.00134        0
        1|        0 -0.00105 -0.00228 -0.00345 -0.00454 -0.00552 -0.00637 -0.00705 -0.00757  -0.0079 -0.00804 -0.00796  -0.0077 -0.00722 -0.00657 -0.00573 -0.00475 -0.00362  -0.0024 -0.00111        0
        0|        0  0.00105  0.00226  0.00342   0.0045  0.00547   0.0063  0.00698   0.0075  0.00782  0.00795  0.00788  0.00762  0.00715   0.0065  0.00567   0.0047  0.00358  0.00238   0.0011        0

v (22x12): 
         |        0        1        2        3        4        5        6        7        8        9       10       11       12       13       14       15       16       17       18       19       20       21
-------------------------------------------------------------------------------------------------------------------------------------------------------------------------------------------------------------------------
       10|  -0.0178    0.018   0.0207   0.0198   0.0182   0.0161   0.0138   0.0112  0.00846  0.00559  0.00263-0.000428 -0.00355 -0.00674 -0.00995  -0.0132  -0.0162   -0.019  -0.0214  -0.0228  -0.0206   0.0204
        9|   -0.015   0.0151   0.0173   0.0166   0.0153   0.0136   0.0117  0.00952  0.00718  0.00472  0.00215-0.000478 -0.00317 -0.00588  -0.0086  -0.0112  -0.0137   -0.016  -0.0178  -0.0189  -0.0169   0.0167
        8|  -0.0125   0.0126   0.0144   0.0138   0.0128   0.0114   0.0098  0.00799  0.00602  0.00393  0.00175-0.000499 -0.00278 -0.00507 -0.00732 -0.00949  -0.0115  -0.0133  -0.0147  -0.0156  -0.0138   0.0136
        7|  -0.0103   0.0104   0.0119   0.0114   0.0105  0.00944  0.00812  0.00663  0.00498  0.00324   0.0014-0.000475 -0.00239 -0.00428 -0.00614  -0.0079 -0.00952  -0.0109   -0.012  -0.0127  -0.0112   0.0111
        6| -0.00835  0.00843  0.00964  0.00925  0.00858  0.00769  0.00662   0.0054  0.00406  0.00262  0.00112-0.000435 -0.00199 -0.00355 -0.00505 -0.00647 -0.00775 -0.00886 -0.00972  -0.0102 -0.00899  0.00889
        5| -0.00664   0.0067  0.00765  0.00736  0.00682  0.00612  0.00527   0.0043  0.00322  0.00208 0.000866-0.000369 -0.00162 -0.00285 -0.00405 -0.00516 -0.00617 -0.00702 -0.00769 -0.00807 -0.00709  0.00701
        4| -0.00508  0.00513  0.00587  0.00564  0.00523  0.00469  0.00405   0.0033  0.00248  0.00158 0.000658-0.000303 -0.00126 -0.00221 -0.00312 -0.00397 -0.00472 -0.00537 -0.00587 -0.00615 -0.00539  0.00534
        3| -0.00366  0.00369  0.00422  0.00407  0.00377  0.00339  0.00291  0.00238  0.00178  0.00114 0.000465-0.000221 -0.00092  -0.0016 -0.00226 -0.00286  -0.0034 -0.00386 -0.00421 -0.00441 -0.00387  0.00383
        2| -0.00232  0.00234  0.00269  0.00258   0.0024  0.00215  0.00186  0.00151  0.00114 0.000724 0.000299-0.000146-0.000584 -0.00102 -0.00143 -0.00182 -0.00216 -0.00245 -0.00267  -0.0028 -0.00244  0.00242
        1| -0.00106  0.00106  0.00122  0.00118  0.00109 0.000986 0.000847 0.000696 0.000518 0.000337 0.000136-6.04e-05-0.000267-0.000461-0.000656-0.000827-0.000989 -0.00112 -0.00122 -0.00127 -0.00111   0.0011
        0|        0        0        0        0        0        0        0        0        0        0        0        0        0        0        0        0        0        0        0        0        0        0

p (22x12): 
         |        0        1        2        3        4        5        6        7        8        9       10       11       12       13       14       15       16       17       18       19       20       21
-------------------------------------------------------------------------------------------------------------------------------------------------------------------------------------------------------------------------
       11|    -4.12    -4.12    -4.12    -4.12    -4.12    -4.12    -4.12    -4.12    -4.12    -4.12    -4.12    -4.12    -4.11    -4.11    -4.11    -4.11    -4.11    -4.11    -4.11    -4.11    -4.11    -4.11
       10|    -4.12    -4.12    -4.12    -4.12    -4.12    -4.12    -4.12    -4.12    -4.12    -4.12    -4.12    -4.12    -4.11    -4.11    -4.11    -4.11    -4.11    -4.11    -4.11    -4.11    -4.11    -4.11
        9|    -4.12    -4.12    -4.12    -4.12    -4.12    -4.12    -4.12    -4.12    -4.12    -4.12    -4.12    -4.11    -4.11    -4.11    -4.11    -4.11    -4.11    -4.11    -4.11    -4.11    -4.11    -4.11
        8|    -4.12    -4.12    -4.12    -4.12    -4.12    -4.12    -4.12    -4.12    -4.12    -4.12    -4.12    -4.11    -4.11    -4.11    -4.11    -4.11    -4.11    -4.11    -4.11    -4.11    -4.11    -4.11
        7|    -4.12    -4.12    -4.12    -4.12    -4.12    -4.12    -4.12    -4.12    -4.12    -4.12    -4.12    -4.11    -4.11    -4.11    -4.11    -4.11    -4.11    -4.11    -4.11    -4.11    -4.11    -4.11
        6|    -4.12    -4.12    -4.12    -4.12    -4.12    -4.12    -4.12    -4.12    -4.12    -4.12    -4.12    -4.11    -4.11    -4.11    -4.11    -4.11    -4.11    -4.11    -4.11    -4.11    -4.11    -4.11
        5|    -4.12    -4.12    -4.12    -4.12    -4.12    -4.12    -4.12    -4.12    -4.12    -4.12    -4.12    -4.11    -4.11    -4.11    -4.11    -4.11    -4.11    -4.11    -4.11    -4.11    -4.11    -4.11
        4|    -4.12    -4.12    -4.12    -4.12    -4.12    -4.12    -4.12    -4.12    -4.12    -4.12    -4.12    -4.11    -4.11    -4.11    -4.11    -4.11    -4.11    -4.11    -4.11    -4.11    -4.11    -4.11
        3|    -4.12    -4.12    -4.12    -4.12    -4.12    -4.12    -4.12    -4.12    -4.12    -4.12    -4.12    -4.11    -4.11    -4.11    -4.11    -4.11    -4.11    -4.11    -4.11    -4.11    -4.11    -4.11
        2|    -4.12    -4.12    -4.12    -4.12    -4.12    -4.12    -4.12    -4.12    -4.12    -4.12    -4.12    -4.11    -4.11    -4.11    -4.11    -4.11    -4.11    -4.11    -4.11    -4.11    -4.11    -4.11
        1|    -4.12    -4.12    -4.12    -4.12    -4.12    -4.12    -4.12    -4.12    -4.12    -4.12    -4.12    -4.11    -4.11    -4.11    -4.11    -4.11    -4.11    -4.11    -4.11    -4.11    -4.11    -4.11
        0|    -4.12    -4.12    -4.12    -4.12    -4.12    -4.12    -4.12    -4.12    -4.12    -4.12    -4.12    -4.11    -4.11    -4.11    -4.11    -4.11    -4.11    -4.11    -4.11    -4.11    -4.11    -4.11

F (22x12): 
         |        0        1        2        3        4        5        6        7        8        9       10       11       12       13       14       15       16       17       18       19       20
-------------------------------------------------------------------------------------------------------------------------------------------------------------------------------------------------------------------------
       11|        0        0        0        0        0        0        0        0        0        0        0        0        0        0        0        0        0        0        0        0        0
       10|        0 -0.00286 -0.00623 -0.00941  -0.0123  -0.0147  -0.0168  -0.0185  -0.0197  -0.0206   -0.021  -0.0211  -0.0207  -0.0198  -0.0185  -0.0166  -0.0141  -0.0111 -0.00757 -0.00373        0
        9|        0  -0.0025 -0.00537  -0.0081  -0.0106  -0.0128  -0.0146  -0.0161  -0.0173   -0.018  -0.0184  -0.0184   -0.018  -0.0172   -0.016  -0.0142   -0.012 -0.00939 -0.00636 -0.00305        0
        8|        0 -0.00219 -0.00468 -0.00706 -0.00924  -0.0112  -0.0128  -0.0142  -0.0152  -0.0159  -0.0162  -0.0162  -0.0158   -0.015  -0.0138  -0.0123  -0.0103 -0.00799 -0.00536 -0.00255        0
        7|        0 -0.00192 -0.00412 -0.00622 -0.00816 -0.00988  -0.0114  -0.0126  -0.0135  -0.0141  -0.0143  -0.0143  -0.0139  -0.0132  -0.0121  -0.0107 -0.00893 -0.00688 -0.00461 -0.00217        0
        6|        0 -0.00172 -0.00367 -0.00554 -0.00727 -0.00882  -0.0101  -0.0112   -0.012  -0.0126  -0.0128  -0.0128  -0.0124  -0.0117  -0.0107 -0.00941 -0.00784 -0.00603 -0.00402 -0.00189        0
        5|        0 -0.00155 -0.00332 -0.00501 -0.00658 -0.00798 -0.00919  -0.0102  -0.0109  -0.0114  -0.0116  -0.0115  -0.0112  -0.0105  -0.0096 -0.00842   -0.007 -0.00536 -0.00357 -0.00167        0
        4|        0 -0.00142 -0.00304  -0.0046 -0.00604 -0.00734 -0.00845 -0.00936    -0.01  -0.0105  -0.0106  -0.0106  -0.0102 -0.00962 -0.00876 -0.00767 -0.00636 -0.00487 -0.00323 -0.00152        0
        3|        0 -0.00133 -0.00285 -0.00431 -0.00566 -0.00687 -0.00792 -0.00876  -0.0094  -0.0098 -0.00997 -0.00988 -0.00955 -0.00897 -0.00817 -0.00713 -0.00591 -0.00452   -0.003  -0.0014        0
        2|        0 -0.00126  -0.0027 -0.00409 -0.00537 -0.00652 -0.00751 -0.00832 -0.00892 -0.00931 -0.00945 -0.00937 -0.00905  -0.0085 -0.00772 -0.00675 -0.00558 -0.00427 -0.00283 -0.00133        0
        1|        0 -0.00104 -0.00225  -0.0034 -0.00448 -0.00544 -0.00628 -0.00695 -0.00746 -0.00778 -0.00791 -0.00784 -0.00758 -0.00711 -0.00647 -0.00564 -0.00467 -0.00356 -0.00236  -0.0011        0
        0|        0  0.00105  0.00226  0.00342   0.0045  0.00547   0.0063  0.00698   0.0075  0.00782  0.00795  0.00788  0.00762  0.00715   0.0065  0.00567   0.0047  0.00358  0.00238   0.0011        0

G (22x12): 
         |        0        1        2        3        4        5        6        7        8        9       10       11       12       13       14       15       16       17       18       19       20       21
-------------------------------------------------------------------------------------------------------------------------------------------------------------------------------------------------------------------------
       10|  -0.0178   0.0177   0.0205   0.0195   0.0179   0.0159   0.0136    0.011   0.0083  0.00546  0.00254 -0.00047 -0.00354 -0.00666 -0.00981  -0.0129  -0.0159  -0.0187  -0.0209  -0.0223  -0.0201   0.0204
        9|   -0.015   0.0149   0.0171   0.0164   0.0151   0.0134   0.0115  0.00937  0.00705  0.00462  0.00209-0.000509 -0.00317 -0.00584 -0.00851  -0.0111  -0.0136  -0.0158  -0.0175  -0.0186  -0.0166   0.0167
        8|  -0.0125   0.0124   0.0142   0.0136   0.0126   0.0112  0.00966  0.00786  0.00592  0.00385   0.0017 -0.00052 -0.00277 -0.00503 -0.00725 -0.00939  -0.0114  -0.0131  -0.0145  -0.0153  -0.0135   0.0136
        7|  -0.0103   0.0102   0.0117   0.0112   0.0104  0.00931    0.008  0.00653   0.0049  0.00318  0.00136-0.000489 -0.00238 -0.00425 -0.00608 -0.00781 -0.00941  -0.0108  -0.0119  -0.0125   -0.011   0.0111
        6| -0.00835  0.00831  0.00952  0.00914  0.00847  0.00758  0.00653  0.00532    0.004  0.00257  0.00109-0.000444 -0.00198 -0.00352 -0.00499 -0.00639 -0.00766 -0.00875  -0.0096  -0.0101 -0.00886  0.00889
        5| -0.00664   0.0066  0.00756  0.00727  0.00673  0.00604   0.0052  0.00424  0.00317  0.00204 0.000845-0.000375 -0.00161 -0.00283 -0.00401  -0.0051 -0.00609 -0.00693 -0.00759 -0.00796 -0.00698  0.00701
        4| -0.00508  0.00505   0.0058  0.00557  0.00517  0.00463  0.00399  0.00325  0.00244  0.00156 0.000642-0.000307 -0.00125 -0.00219 -0.00308 -0.00392 -0.00467  -0.0053 -0.00579 -0.00607 -0.00531  0.00534
        3| -0.00366  0.00364  0.00417  0.00402  0.00372  0.00334  0.00287  0.00235  0.00175  0.00112 0.000454-0.000224-0.000914 -0.00158 -0.00223 -0.00283 -0.00336 -0.00381 -0.00416 -0.00435 -0.00381  0.00383
        2| -0.00232  0.00231  0.00266  0.00255  0.00237  0.00212  0.00183  0.00149  0.00112 0.000712 0.000292-0.000147 -0.00058 -0.00101 -0.00142  -0.0018 -0.00214 -0.00242 -0.00264 -0.00277 -0.00241  0.00242
        1| -0.00106  0.00105  0.00121  0.00117  0.00108 0.000976 0.000837 0.000687 0.000512 0.000332 0.000133-6.14e-05-0.000266-0.000458 -0.00065-0.000819-0.000979  -0.0011 -0.00121 -0.00126  -0.0011   0.0011
        0|        0        0        0        0        0        0        0        0        0        0        0        0        0        0        0        0        0        0        0        0        0        0

rhs (22x12): 
         |        0        1        2        3        4        5        6        7        8        9       10       11       12       13       14       15       16       17       18       19       20       21
-------------------------------------------------------------------------------------------------------------------------------------------------------------------------------------------------------------------------
       11|        0        0        0        0        0        0        0        0        0        0        0        0        0        0        0        0        0        0        0        0        0        0
       10|        0 -0.00463  0.00995   0.0014  0.00568 -0.00356  0.00099 -0.00726 -0.00118 -0.00756 0.000605 -0.00356  0.00737  0.00682   0.0216   0.0249    0.043   0.0483   0.0663   0.0674    0.071        0
        9|        0 -0.00211 -0.00408  0.00261 -0.00404  0.00279 -0.00384  0.00298 -0.00368  0.00309 -0.00363  0.00303 -0.00381  0.00282 -0.00406  0.00249 -0.00444  0.00208 -0.00482  0.00209   0.0036        0
        8|        0 -0.00624  0.00306 -0.00372  0.00309 -0.00357  0.00325 -0.00342  0.00338 -0.00332  0.00343 -0.00338  0.00329 -0.00353   0.0031 -0.00377  0.00282 -0.00407  0.00256 -0.00407  0.00817        0
        7|        0-0.000418 -0.00343  0.00331 -0.00338  0.00344 -0.00323  0.00358 -0.00311  0.00367 -0.00306  0.00363 -0.00317  0.00351 -0.00331  0.00332 -0.00353  0.00309 -0.00374  0.00308  0.00267        0
        6|        0 -0.00491  0.00352 -0.00324  0.00357 -0.00312   0.0037 -0.00298  0.00382 -0.00289  0.00387 -0.00292  0.00379 -0.00301  0.00367 -0.00317  0.00348 -0.00336  0.00331  -0.0034  0.00739        0
        5|        0 0.000616 -0.00311  0.00366 -0.00304  0.00377 -0.00291   0.0039  -0.0028  0.00399 -0.00274  0.00399  -0.0028   0.0039 -0.00291  0.00376 -0.00308  0.00359 -0.00323  0.00355  0.00202        0
        4|        0 -0.00413  0.00374   -0.003  0.00381 -0.00288  0.00394 -0.00275  0.00405 -0.00266  0.00411 -0.00266  0.00407 -0.00273  0.00396 -0.00287   0.0038 -0.00303  0.00367 -0.00309  0.00688        0
        3|        0  0.00119 -0.00296  0.00383 -0.00289  0.00394 -0.00276  0.00406 -0.00264  0.00416 -0.00258  0.00417 -0.00262   0.0041 -0.00272  0.00397 -0.00287  0.00382   -0.003  0.00376  0.00163        0
        2|        0  -0.0037  0.00387 -0.00288  0.00393 -0.00278  0.00404 -0.00267  0.00414 -0.00259  0.00419 -0.00257  0.00417 -0.00263  0.00408 -0.00275  0.00395 -0.00289  0.00383 -0.00295  0.00661        0
        1|        0  0.00404  0.00135  0.00635  0.00114  0.00603 0.000726  0.00553 0.000146  0.00488-0.000573  0.00409  -0.0014  0.00325 -0.00225  0.00242 -0.00302  0.00174 -0.00359  0.00137 0.000613        0
        0|        0        0        0        0        0        0        0        0        0        0        0        0        0        0        0        0        0        0        0        0        0        0

