t: 1.15053
nCells: 20x10, dx: 0.1, dy: 0.1

u (22x12): 
         |        0        1        2        3        4        5        6        7        8        9       10       11       12       13       14       15       16       17       18       19       20
-------------------------------------------------------------------------------------------------------------------------------------------------------------------------------------------------------------------------
       11|        0     1.92     1.88     1.86     1.85     1.84     1.84     1.83     1.83     1.83     1.83     1.83     1.83     1.83     1.83     1.83     1.84     1.85     1.86     1.91        0
       10|        0   0.0771    0.118     0.14    0.152     0.16    0.165    0.169    0.171    0.172    0.173    0.173    0.173    0.173    0.172    0.169    0.165    0.157    0.138   0.0948        0
        9|        0  -0.0294  -0.0314  -0.0275  -0.0233  -0.0199  -0.0174  -0.0156  -0.0144  -0.0137  -0.0133  -0.0133  -0.0135  -0.0142  -0.0154  -0.0172  -0.0198  -0.0232  -0.0261  -0.0237        0
        8|        0   -0.015  -0.0232  -0.0259  -0.0261  -0.0255  -0.0247  -0.0239  -0.0234   -0.023  -0.0229  -0.0231  -0.0235  -0.0243  -0.0254  -0.0271  -0.0293  -0.0318  -0.0327   -0.026        0
        7|        0 -0.00903  -0.0159  -0.0198  -0.0216  -0.0223  -0.0224  -0.0224  -0.0223  -0.0222  -0.0223  -0.0224  -0.0227  -0.0232  -0.0238  -0.0245   -0.025  -0.0249  -0.0226  -0.0151        0
        6|        0 -0.00615  -0.0117  -0.0155  -0.0179  -0.0193  -0.0201  -0.0205  -0.0208   -0.021  -0.0211  -0.0212  -0.0213  -0.0214  -0.0215  -0.0213  -0.0207   -0.019  -0.0155 -0.00901        0
        5|        0 -0.00461 -0.00908  -0.0126  -0.0151  -0.0169  -0.0181  -0.0189  -0.0194  -0.0197  -0.0199    -0.02    -0.02  -0.0198  -0.0194  -0.0186  -0.0173   -0.015  -0.0114 -0.00608        0
        4|        0 -0.00371 -0.00748  -0.0107  -0.0132  -0.0151  -0.0165  -0.0175  -0.0182  -0.0186  -0.0189  -0.0189  -0.0188  -0.0184  -0.0177  -0.0166  -0.0149  -0.0124 -0.00896 -0.00457        0
        3|        0 -0.00318 -0.00648  -0.0094  -0.0118  -0.0138  -0.0153  -0.0164  -0.0172  -0.0177   -0.018   -0.018  -0.0178  -0.0172  -0.0164   -0.015  -0.0132  -0.0107 -0.00752 -0.00374        0
        2|        0 -0.00288 -0.00589 -0.00863   -0.011   -0.013  -0.0145  -0.0157  -0.0166  -0.0171  -0.0174  -0.0174  -0.0171  -0.0164  -0.0155   -0.014  -0.0121 -0.00968  -0.0067 -0.00329        0
        1|        0  -0.0028 -0.00587 -0.00864   -0.011   -0.013  -0.0145  -0.0157  -0.0164  -0.0169   -0.017  -0.0169  -0.0165  -0.0157  -0.0146  -0.0131  -0.0112 -0.00879 -0.00601  -0.0029        0
        0|        0 -0.00228 -0.00475 -0.00704 -0.00908  -0.0108  -0.0122  -0.0134  -0.0142  -0.0147  -0.0149  -0.0149  -0.0145  -0.0138  -0.0128  -0.0115 -0.00972 -0.00762  -0.0052 -0.00256        0

v (22x12): 
         |        0        1        2        3        4        5        6        7        8        9       10       11       12       13       14       15       16       17       18       19       20       21
-------------------------------------------------------------------------------------------------------------------------------------------------------------------------------------------------------------------------
       10|        0        0        0        0        0        0        0        0        0        0        0        0        0        0        0        0        0        0        0        0        0        0
        9|  -0.0762   0.0771   0.0406   0.0219   0.0128  0.00787  0.00505  0.00332  0.00219  0.00143 0.000865  0.00039-9.12e-05-0.000584 -0.00123 -0.00226 -0.00422 -0.00842  -0.0184  -0.0434  -0.0948    0.093
        8|  -0.0471   0.0477   0.0386   0.0258    0.017   0.0113  0.00756   0.0051  0.00341  0.00218  0.00123 0.000417-0.000366 -0.00126 -0.00241  -0.0041 -0.00683  -0.0117  -0.0214   -0.041  -0.0711   0.0693
        7|  -0.0323   0.0327   0.0303   0.0231   0.0167   0.0119  0.00839  0.00584  0.00395  0.00251  0.00133 0.000271-0.000796 -0.00202 -0.00359 -0.00578 -0.00906  -0.0142  -0.0223  -0.0344  -0.0451   0.0439
        6|  -0.0233   0.0237   0.0234   0.0192   0.0149   0.0112  0.00824  0.00589  0.00405  0.00256  0.00129 0.000114 -0.00109 -0.00247 -0.00419 -0.00648 -0.00964   -0.014  -0.0199  -0.0269    -0.03   0.0293
        5|  -0.0172   0.0175   0.0179   0.0154   0.0125  0.00981  0.00743  0.00544  0.00379  0.00239  0.00116-6.79e-06 -0.00122 -0.00258 -0.00423 -0.00632   -0.009  -0.0124  -0.0164  -0.0204   -0.021   0.0205
        4|  -0.0127   0.0129   0.0135   0.0119     0.01  0.00804  0.00624  0.00465  0.00327  0.00206 0.000967-9.16e-05 -0.00118 -0.00241 -0.00384 -0.00557 -0.00766  -0.0101  -0.0128  -0.0151  -0.0149   0.0146
        3| -0.00903  0.00918  0.00969  0.00873  0.00747  0.00613  0.00483  0.00365  0.00258  0.00162  0.00073-0.000133 -0.00103 -0.00201 -0.00314 -0.00445 -0.00597 -0.00764 -0.00933  -0.0107  -0.0104   0.0102
        2|  -0.0059  0.00599  0.00639  0.00581  0.00503  0.00417  0.00332  0.00252  0.00178  0.00111 0.000475-0.000148-0.000787 -0.00148 -0.00226 -0.00314 -0.00412 -0.00516 -0.00616 -0.00694 -0.00663   0.0065
        1| -0.00307  0.00312  0.00337  0.00307  0.00266  0.00221  0.00176  0.00133 0.000928 0.000559 0.000206-0.000136-0.000489-0.000862 -0.00127 -0.00172 -0.00221 -0.00271 -0.00318 -0.00353 -0.00334  0.00328
        0|  -0.0135   0.0138   0.0149   0.0141   0.0128   0.0113   0.0095  0.00758  0.00558  0.00352  0.00142 -0.00071 -0.00286 -0.00502 -0.00717 -0.00928  -0.0113  -0.0131  -0.0146  -0.0156  -0.0146   0.0143

p (22x12): 
         |        0        1        2        3        4        5        6        7        8        9       10       11       12       13       14       15       16       17       18       19       20       21
-------------------------------------------------------------------------------------------------------------------------------------------------------------------------------------------------------------------------
       11|    -1.27    -1.27    -1.26    -1.26    -1.26    -1.26    -1.25    -1.25    -1.25    -1.25    -1.25    -1.24    -1.24    -1.24    -1.24    -1.23    -1.23    -1.23    -1.22    -1.22     -1.2     -1.2
       10|    -1.27    -1.27    -1.26    -1.26    -1.26    -1.26    -1.25    -1.25    -1.25    -1.25    -1.25    -1.24    -1.24    -1.24    -1.24    -1.23    -1.23    -1.23    -1.22    -1.22     -1.2     -1.2
        9|    -1.26    -1.26    -1.26    -1.26    -1.26    -1.26    -1.25    -1.25    -1.25    -1.25    -1.24    -1.24    -1.24    -1.24    -1.24    -1.24    -1.23    -1.23    -1.23    -1.22    -1.21    -1.21
        8|    -1.26    -1.26    -1.26    -1.26    -1.26    -1.25    -1.25    -1.25    -1.25    -1.25    -1.24    -1.24    -1.24    -1.24    -1.24    -1.24    -1.23    -1.23    -1.23    -1.22    -1.22    -1.22
        7|    -1.26    -1.26    -1.26    -1.26    -1.25    -1.25    -1.25    -1.25    -1.25    -1.25    -1.24    -1.24    -1.24    -1.24    -1.24    -1.24    -1.23    -1.23    -1.23    -1.23    -1.22    -1.22
        6|    -1.25    -1.25    -1.25    -1.25    -1.25    -1.25    -1.25    -1.25    -1.25    -1.25    -1.24    -1.24    -1.24    -1.24    -1.24    -1.24    -1.23    -1.23    -1.23    -1.23    -1.23    -1.23
        5|    -1.25    -1.25    -1.25    -1.25    -1.25    -1.25    -1.25    -1.25    -1.25    -1.25    -1.24    -1.24    -1.24    -1.24    -1.24    -1.24    -1.23    -1.23    -1.23    -1.23    -1.23    -1.23
        4|    -1.25    -1.25    -1.25    -1.25    -1.25    -1.25    -1.25    -1.25    -1.25    -1.25    -1.24    -1.24    -1.24    -1.24    -1.24    -1.24    -1.23    -1.23    -1.23    -1.23    -1.23    -1.23
        3|    -1.25    -1.25    -1.25    -1.25    -1.25    -1.25    -1.25    -1.25    -1.25    -1.25    -1.24    -1.24    -1.24    -1.24    -1.24    -1.24    -1.24    -1.23    -1.23    -1.23    -1.23    -1.23
        2|    -1.25    -1.25    -1.25    -1.25    -1.25    -1.25    -1.25    -1.25    -1.25    -1.24    -1.24    -1.24    -1.24    -1.24    -1.24    -1.24    -1.24    -1.23    -1.23    -1.23    -1.23    -1.23
        1|    -1.25    -1.25    -1.25    -1.25    -1.25    -1.25    -1.25    -1.25    -1.25    -1.24    -1.24    -1.24    -1.24    -1.24    -1.24    -1.24    -1.24    -1.23    -1.23    -1.23    -1.23    -1.23
        0|    -1.25    -1.25    -1.25    -1.25    -1.25    -1.25    -1.25    -1.25    -1.25    -1.24    -1.24    -1.24    -1.24    -1.24    -1.24    -1.24    -1.24    -1.24    -1.24    -1.23    -1.23    -1.23

F (22x12): 
         |        0        1        2        3        4        5        6        7        8        9       10       11       12       13       14       15       16       17       18       19       20
-------------------------------------------------------------------------------------------------------------------------------------------------------------------------------------------------------------------------
       11|        0     1.92     1.88     1.86     1.85     1.84     1.84     1.83     1.83     1.83     1.83     1.83     1.83     1.83     1.83     1.83     1.84     1.85     1.86     1.91        0
       10|        0   0.0787    0.118     0.14    0.153    0.161    0.166    0.169    0.171    0.173    0.174    0.174    0.174    0.173    0.172     0.17    0.166    0.158    0.141    0.099        0
        9|        0   -0.029  -0.0309  -0.0269  -0.0227  -0.0193  -0.0168  -0.0151  -0.0139  -0.0132  -0.0128  -0.0128   -0.013  -0.0137  -0.0149  -0.0166  -0.0191  -0.0222  -0.0247  -0.0218        0
        8|        0  -0.0148  -0.0229  -0.0255  -0.0257   -0.025  -0.0242  -0.0234  -0.0229  -0.0226  -0.0224  -0.0226   -0.023  -0.0238  -0.0249  -0.0265  -0.0287   -0.031  -0.0317  -0.0252        0
        7|        0 -0.00893  -0.0157  -0.0195  -0.0212  -0.0218   -0.022  -0.0219  -0.0218  -0.0218  -0.0218  -0.0219  -0.0222  -0.0227  -0.0232  -0.0239  -0.0245  -0.0243   -0.022  -0.0147        0
        6|        0 -0.00608  -0.0115  -0.0152  -0.0176  -0.0189  -0.0197  -0.0201  -0.0204  -0.0205  -0.0207  -0.0208  -0.0209   -0.021   -0.021  -0.0208  -0.0202  -0.0186  -0.0151 -0.00878        0
        5|        0 -0.00455 -0.00894  -0.0124  -0.0149  -0.0166  -0.0178  -0.0185   -0.019  -0.0193  -0.0195  -0.0196  -0.0195  -0.0194   -0.019  -0.0182  -0.0169  -0.0147  -0.0111 -0.00593        0
        4|        0 -0.00366 -0.00736  -0.0105   -0.013  -0.0148  -0.0162  -0.0172  -0.0178  -0.0183  -0.0185  -0.0185  -0.0184   -0.018  -0.0173  -0.0162  -0.0145  -0.0121 -0.00875 -0.00447        0
        3|        0 -0.00313 -0.00638 -0.00924  -0.0116  -0.0135   -0.015  -0.0161  -0.0169  -0.0174  -0.0176  -0.0176  -0.0174  -0.0169   -0.016  -0.0147  -0.0129  -0.0104 -0.00735 -0.00366        0
        2|        0 -0.00283 -0.00579 -0.00849  -0.0108  -0.0127  -0.0142  -0.0154  -0.0162  -0.0168   -0.017   -0.017  -0.0167  -0.0161  -0.0151  -0.0137  -0.0119 -0.00946 -0.00654 -0.00322        0
        1|        0 -0.00276 -0.00578 -0.00849  -0.0108  -0.0127  -0.0142  -0.0154  -0.0161  -0.0165  -0.0167  -0.0165  -0.0161  -0.0153  -0.0142  -0.0128  -0.0109 -0.00857 -0.00586 -0.00283        0
        0|        0        0        0        0        0        0        0        0        0        0        0        0        0        0        0        0        0        0        0        0        0

G (22x12): 
         |        0        1        2        3        4        5        6        7        8        9       10       11       12       13       14       15       16       17       18       19       20       21
-------------------------------------------------------------------------------------------------------------------------------------------------------------------------------------------------------------------------
       10|        0        0        0        0        0        0        0        0        0        0        0        0        0        0        0        0        0        0        0        0        0        0
        9|  -0.0762   0.0754     0.04   0.0216   0.0125  0.00768  0.00491  0.00322  0.00213  0.00138 0.000828 0.000364-0.000105-0.000588 -0.00122 -0.00223 -0.00413 -0.00818  -0.0178  -0.0419   -0.091    0.093
        8|  -0.0471   0.0466   0.0377   0.0251   0.0165   0.0109  0.00732  0.00493  0.00328  0.00209  0.00116  0.00037-0.000399 -0.00128 -0.00243  -0.0041 -0.00681  -0.0117  -0.0212  -0.0403  -0.0693   0.0693
        7|  -0.0323    0.032   0.0297   0.0226   0.0163   0.0116  0.00816  0.00566  0.00382  0.00241  0.00126 0.000225-0.000823 -0.00203 -0.00358 -0.00574 -0.00897   -0.014  -0.0219  -0.0337   -0.044   0.0439
        6|  -0.0233   0.0232    0.023   0.0188   0.0146   0.0109  0.00802  0.00572  0.00392  0.00247  0.00123 7.57e-05 -0.00111 -0.00246 -0.00416 -0.00641  -0.0095  -0.0138  -0.0195  -0.0263  -0.0293   0.0293
        5|  -0.0172   0.0171   0.0176   0.0151   0.0123  0.00958  0.00725   0.0053  0.00368  0.00231  0.00111-3.73e-05 -0.00122 -0.00256 -0.00418 -0.00623 -0.00886  -0.0122  -0.0161    -0.02  -0.0205   0.0205
        4|  -0.0127   0.0126   0.0132   0.0117  0.00978  0.00786  0.00609  0.00453  0.00318    0.002 0.000924-0.000113 -0.00119 -0.00238 -0.00378 -0.00548 -0.00753 -0.00992  -0.0125  -0.0148  -0.0146   0.0146
        3| -0.00903  0.00898  0.00951  0.00856  0.00732    0.006  0.00472  0.00356  0.00251  0.00157 0.000699-0.000147 -0.00103 -0.00199  -0.0031 -0.00438 -0.00586 -0.00749 -0.00914  -0.0105  -0.0101   0.0102
        2|  -0.0059  0.00587  0.00627   0.0057  0.00493  0.00408  0.00325  0.00246  0.00174  0.00108 0.000456-0.000155-0.000781 -0.00146 -0.00222 -0.00309 -0.00404 -0.00506 -0.00603  -0.0068 -0.00647   0.0065
        1| -0.00307  0.00311  0.00337  0.00307  0.00266  0.00221  0.00176  0.00133 0.000926 0.000556 0.000203-0.000137 -0.00049 -0.00086 -0.00127 -0.00171 -0.00219 -0.00268 -0.00314 -0.00349 -0.00329  0.00328
        0|  -0.0135        0        0        0        0        0        0        0        0        0        0        0        0        0        0        0        0        0        0        0        0   0.0143

rhs (22x12): 
         |        0        1        2        3        4        5        6        7        8        9       10       11       12       13       14       15       16       17       18       19       20       21
-------------------------------------------------------------------------------------------------------------------------------------------------------------------------------------------------------------------------
       11|        0        0        0        0        0        0        0        0        0        0        0        0        0        0        0        0        0        0        0        0        0        0
       10|        0     1.27  -0.0963     0.11   0.0898   0.0561   0.0378   0.0232   0.0181   0.0116   0.0119  0.00959  0.00975  0.00818   0.0146   0.0214   0.0434   0.0841    0.161    0.106    -3.07        0
        9|        0   -0.115    0.186    0.144   0.0829   0.0524   0.0304   0.0225   0.0129   0.0121  0.00685  0.00924  0.00924   0.0152    0.018   0.0352   0.0659    0.152     0.34    0.536   0.0349        0
        8|        0  -0.0841  -0.0224  -0.0121 -0.00161 -0.00193  0.00212-0.000673  0.00247-0.000645  0.00242-0.000689  0.00283-0.000144  0.00317  0.00044  0.00419  0.00237  0.00463  -0.0297  -0.0443        0
        7|        0  -0.0335  -0.0135 -0.00619 -0.00576-0.000609 -0.00256  0.00115 -0.00162  0.00164 -0.00139  0.00174 -0.00141  0.00153 -0.00193 0.000363 -0.00453 -0.00567  -0.0184  -0.0298  -0.0269        0
        6|        0  -0.0205 -0.00462   -0.006 -0.00118 -0.00308 0.000765 -0.00188  0.00147 -0.00149  0.00167 -0.00142  0.00161 -0.00164  0.00114  -0.0026-0.000785 -0.00633 -0.00745  -0.0147 0.000922        0
        5|        0  -0.0116 -0.00512 -0.00121 -0.00335 0.000491 -0.00209  0.00134 -0.00156  0.00165  -0.0014   0.0017 -0.00146  0.00151 -0.00183 0.000801 -0.00312 -0.00139 -0.00644 -0.00498  0.00399        0
        4|        0  -0.0106-0.000757 -0.00338  0.00031 -0.00228   0.0012 -0.00164  0.00162 -0.00138  0.00176 -0.00134  0.00171 -0.00149  0.00141 -0.00203 0.000504 -0.00343 -0.00143 -0.00534  0.00695        0
        3|        0 -0.00649  -0.0032 0.000227 -0.00245  0.00103 -0.00176  0.00156  -0.0014  0.00179 -0.00127  0.00183 -0.00131   0.0017 -0.00156  0.00127 -0.00226 0.000253 -0.00355 -0.00094  0.00441        0
        2|        0    -0.03  -0.0244  -0.0253  -0.0189  -0.0184  -0.0116  -0.0112 -0.00488  -0.0051 0.000493-0.000507  0.00445  0.00298  0.00744  0.00537   0.0091  0.00623  0.00922  0.00595   0.0155        0
        1|        0    0.134    0.138    0.136    0.124    0.115   0.0978   0.0846   0.0637   0.0476   0.0244  0.00643  -0.0191  -0.0399  -0.0681   -0.091    -0.12   -0.142   -0.166   -0.178   -0.177        0
        0|        0        0        0        0        0        0        0        0        0        0        0        0        0        0        0        0        0        0        0        0        0        0

