t: 1.17653
nCells: 20x10, dx: 0.1, dy: 0.1

u (22x12): 
         |        0        1        2        3        4        5        6        7        8        9       10       11       12       13       14       15       16       17       18       19       20
-------------------------------------------------------------------------------------------------------------------------------------------------------------------------------------------------------------------------
       11|        0 -0.00285 -0.00598 -0.00881  -0.0112  -0.0132  -0.0148   -0.016  -0.0168  -0.0172  -0.0174  -0.0172  -0.0168   -0.016  -0.0149  -0.0134  -0.0114 -0.00897 -0.00613 -0.00295        0
       10|        0 -0.00231 -0.00483 -0.00717 -0.00925   -0.011  -0.0125  -0.0136  -0.0145   -0.015  -0.0152  -0.0152  -0.0148  -0.0141  -0.0131  -0.0117 -0.00993 -0.00779 -0.00531 -0.00262        0
        9|        0 -0.00198 -0.00413 -0.00615 -0.00796 -0.00954  -0.0108  -0.0119  -0.0126  -0.0131  -0.0133  -0.0133  -0.0129  -0.0123  -0.0113  -0.0101 -0.00848  -0.0066 -0.00448 -0.00218        0
        8|        0 -0.00172 -0.00357 -0.00533 -0.00692 -0.00832 -0.00949  -0.0104  -0.0111  -0.0116  -0.0117  -0.0117  -0.0113  -0.0107 -0.00984  -0.0087  -0.0073 -0.00566 -0.00382 -0.00185        0
        7|        0  -0.0015 -0.00313 -0.00467 -0.00608 -0.00732 -0.00838 -0.00922 -0.00984  -0.0102  -0.0104  -0.0103    -0.01 -0.00944 -0.00864  -0.0076 -0.00636 -0.00491  -0.0033 -0.00159        0
        6|        0 -0.00133 -0.00277 -0.00415  -0.0054 -0.00652 -0.00747 -0.00823 -0.00879 -0.00915 -0.00929 -0.00921 -0.00891  -0.0084 -0.00766 -0.00673  -0.0056 -0.00432  -0.0029  -0.0014        0
        5|        0 -0.00119  -0.0025 -0.00373 -0.00487 -0.00588 -0.00675 -0.00744 -0.00796 -0.00828  -0.0084 -0.00832 -0.00805 -0.00756 -0.00689 -0.00604 -0.00502 -0.00386 -0.00259 -0.00124        0
        4|        0 -0.00109 -0.00228 -0.00342 -0.00446  -0.0054 -0.00619 -0.00683 -0.00731 -0.00761 -0.00772 -0.00764 -0.00738 -0.00693  -0.0063 -0.00552 -0.00458 -0.00352 -0.00235 -0.00113        0
        3|        0 -0.00102 -0.00213 -0.00319 -0.00417 -0.00504 -0.00579 -0.00639 -0.00684 -0.00711 -0.00722 -0.00714 -0.00689 -0.00647 -0.00588 -0.00514 -0.00426 -0.00327 -0.00219 -0.00105        0
        2|        0-0.000972 -0.00203 -0.00304 -0.00397  -0.0048 -0.00551 -0.00609 -0.00651 -0.00678 -0.00687  -0.0068 -0.00656 -0.00615 -0.00559 -0.00488 -0.00404  -0.0031 -0.00207-0.000997        0
        1|        0-0.000847 -0.00178 -0.00266 -0.00348 -0.00421 -0.00484 -0.00535 -0.00572 -0.00595 -0.00604 -0.00598 -0.00577 -0.00541 -0.00491 -0.00429 -0.00355 -0.00272 -0.00182 -0.00087        0
        0|        0 0.000834  0.00175  0.00262  0.00342  0.00414  0.00476  0.00525  0.00562  0.00585  0.00594  0.00587  0.00566  0.00531  0.00482  0.00421  0.00349  0.00267  0.00179 0.000856        0

v (22x12): 
         |        0        1        2        3        4        5        6        7        8        9       10       11       12       13       14       15       16       17       18       19       20       21
-------------------------------------------------------------------------------------------------------------------------------------------------------------------------------------------------------------------------
       10|  -0.0138    0.014   0.0152   0.0144   0.0131   0.0115   0.0097  0.00775  0.00571   0.0036  0.00146-0.000709  -0.0029 -0.00511 -0.00731 -0.00947  -0.0115  -0.0134  -0.0149  -0.0159  -0.0149   0.0146
        9|  -0.0115   0.0117   0.0127    0.012    0.011  0.00972  0.00824  0.00661  0.00488  0.00308  0.00123 -0.00065 -0.00254 -0.00443 -0.00629 -0.00808 -0.00975  -0.0112  -0.0124  -0.0132  -0.0123    0.012
        8| -0.00953  0.00969   0.0105     0.01  0.00919  0.00815  0.00693  0.00557  0.00412  0.00259  0.00102-0.000586 -0.00219 -0.00379 -0.00534 -0.00682 -0.00817 -0.00935  -0.0103  -0.0109  -0.0101  0.00991
        7| -0.00784  0.00798  0.00866  0.00825  0.00759  0.00675  0.00575  0.00464  0.00343  0.00215 0.000831 -0.00051 -0.00186 -0.00318 -0.00447 -0.00567 -0.00677 -0.00771 -0.00846 -0.00894 -0.00826  0.00811
        6| -0.00636  0.00647  0.00704   0.0067  0.00618   0.0055   0.0047  0.00379  0.00281  0.00176 0.000673-0.000435 -0.00154 -0.00263 -0.00367 -0.00464 -0.00552 -0.00627 -0.00686 -0.00723 -0.00667  0.00655
        5| -0.00506  0.00514  0.00559  0.00533  0.00492  0.00439  0.00375  0.00303  0.00224   0.0014 0.000529-0.000355 -0.00124 -0.00211 -0.00294 -0.00371  -0.0044 -0.00498 -0.00544 -0.00573 -0.00528  0.00518
        4| -0.00388  0.00394  0.00429  0.00409  0.00378  0.00337  0.00289  0.00233  0.00173  0.00108 0.000406-0.000281-0.000963 -0.00163 -0.00227 -0.00286 -0.00338 -0.00382 -0.00417 -0.00438 -0.00404  0.00396
        3|  -0.0028  0.00285   0.0031  0.00296  0.00273  0.00244  0.00209  0.00169  0.00125 0.000781  0.00029-0.000205-0.000702 -0.00118 -0.00165 -0.00207 -0.00245 -0.00276 -0.00301 -0.00316 -0.00291  0.00286
        2| -0.00179  0.00182  0.00199   0.0019  0.00176  0.00157  0.00134  0.00108 0.000804   0.0005 0.000188-0.000134 -0.00045-0.000763 -0.00106 -0.00133 -0.00157 -0.00177 -0.00193 -0.00202 -0.00186  0.00183
        1| -0.00084 0.000853 0.000929  0.00089  0.00082 0.000735 0.000628  0.00051 0.000376 0.000237 8.74e-05-6.01e-05-0.000212-0.000355-0.000495 -0.00062-0.000735-0.000827-0.000902-0.000945-0.000869 0.000855
        0|        0        0        0        0        0        0        0        0        0        0        0        0        0        0        0        0        0        0        0        0        0        0

p (22x12): 
         |        0        1        2        3        4        5        6        7        8        9       10       11       12       13       14       15       16       17       18       19       20       21
-------------------------------------------------------------------------------------------------------------------------------------------------------------------------------------------------------------------------
       11|    -1.34    -1.34    -1.34    -1.34    -1.34    -1.34    -1.34    -1.33    -1.33    -1.33    -1.33    -1.33    -1.33    -1.33    -1.33    -1.32    -1.32    -1.32    -1.32    -1.32    -1.32    -1.32
       10|    -1.34    -1.34    -1.34    -1.34    -1.34    -1.34    -1.33    -1.33    -1.33    -1.33    -1.33    -1.33    -1.33    -1.33    -1.33    -1.32    -1.32    -1.32    -1.32    -1.32    -1.32    -1.32
        9|    -1.34    -1.34    -1.34    -1.34    -1.34    -1.33    -1.33    -1.33    -1.33    -1.33    -1.33    -1.33    -1.33    -1.33    -1.33    -1.33    -1.32    -1.32    -1.32    -1.32    -1.32    -1.32
        8|    -1.34    -1.34    -1.33    -1.33    -1.33    -1.33    -1.33    -1.33    -1.33    -1.33    -1.33    -1.33    -1.33    -1.33    -1.33    -1.33    -1.32    -1.32    -1.32    -1.32    -1.32    -1.32
        7|    -1.33    -1.33    -1.33    -1.33    -1.33    -1.33    -1.33    -1.33    -1.33    -1.33    -1.33    -1.33    -1.33    -1.33    -1.33    -1.33    -1.33    -1.32    -1.32    -1.32    -1.32    -1.32
        6|    -1.33    -1.33    -1.33    -1.33    -1.33    -1.33    -1.33    -1.33    -1.33    -1.33    -1.33    -1.33    -1.33    -1.33    -1.33    -1.33    -1.33    -1.33    -1.33    -1.32    -1.32    -1.32
        5|    -1.33    -1.33    -1.33    -1.33    -1.33    -1.33    -1.33    -1.33    -1.33    -1.33    -1.33    -1.33    -1.33    -1.33    -1.33    -1.33    -1.33    -1.33    -1.33    -1.33    -1.33    -1.33
        4|    -1.33    -1.33    -1.33    -1.33    -1.33    -1.33    -1.33    -1.33    -1.33    -1.33    -1.33    -1.33    -1.33    -1.33    -1.33    -1.33    -1.33    -1.33    -1.33    -1.33    -1.33    -1.33
        3|    -1.33    -1.33    -1.33    -1.33    -1.33    -1.33    -1.33    -1.33    -1.33    -1.33    -1.33    -1.33    -1.33    -1.33    -1.33    -1.33    -1.33    -1.33    -1.33    -1.33    -1.33    -1.33
        2|    -1.33    -1.33    -1.33    -1.33    -1.33    -1.33    -1.33    -1.33    -1.33    -1.33    -1.33    -1.33    -1.33    -1.33    -1.33    -1.33    -1.33    -1.33    -1.33    -1.33    -1.33    -1.33
        1|    -1.33    -1.33    -1.33    -1.33    -1.33    -1.33    -1.33    -1.33    -1.33    -1.33    -1.33    -1.33    -1.33    -1.33    -1.33    -1.33    -1.33    -1.33    -1.33    -1.33    -1.33    -1.33
        0|    -1.33    -1.33    -1.33    -1.33    -1.33    -1.33    -1.33    -1.33    -1.33    -1.33    -1.33    -1.33    -1.33    -1.33    -1.33    -1.33    -1.33    -1.33    -1.33    -1.33    -1.33    -1.33

F (22x12): 
         |        0        1        2        3        4        5        6        7        8        9       10       11       12       13       14       15       16       17       18       19       20
-------------------------------------------------------------------------------------------------------------------------------------------------------------------------------------------------------------------------
       11|        0        0        0        0        0        0        0        0        0        0        0        0        0        0        0        0        0        0        0        0        0
       10|        0 -0.00228 -0.00475 -0.00705 -0.00908  -0.0108  -0.0122  -0.0134  -0.0142  -0.0147  -0.0149  -0.0148  -0.0145  -0.0138  -0.0128  -0.0115 -0.00972 -0.00762  -0.0052 -0.00256        0
        9|        0 -0.00195 -0.00406 -0.00603 -0.00782 -0.00936  -0.0106  -0.0117  -0.0124  -0.0129  -0.0131   -0.013  -0.0127   -0.012  -0.0111 -0.00984  -0.0083 -0.00646 -0.00439 -0.00213        0
        8|        0 -0.00169 -0.00351 -0.00523 -0.00679 -0.00816 -0.00931  -0.0102  -0.0109  -0.0113  -0.0115  -0.0114  -0.0111  -0.0105 -0.00964 -0.00852 -0.00714 -0.00554 -0.00374 -0.00181        0
        7|        0 -0.00148 -0.00307 -0.00458 -0.00597 -0.00718 -0.00822 -0.00904 -0.00965    -0.01  -0.0102  -0.0101 -0.00979 -0.00924 -0.00846 -0.00745 -0.00622 -0.00481 -0.00324 -0.00156        0
        6|        0 -0.00131 -0.00272 -0.00407  -0.0053  -0.0064 -0.00732 -0.00807 -0.00862 -0.00897  -0.0091 -0.00902 -0.00873 -0.00822  -0.0075 -0.00659 -0.00549 -0.00423 -0.00284 -0.00137        0
        5|        0 -0.00117 -0.00245 -0.00366 -0.00478 -0.00577 -0.00662 -0.00729  -0.0078 -0.00811 -0.00823 -0.00815 -0.00788 -0.00741 -0.00675 -0.00591 -0.00492 -0.00378 -0.00254 -0.00122        0
        4|        0 -0.00108 -0.00224 -0.00335 -0.00438 -0.00529 -0.00607  -0.0067 -0.00716 -0.00745 -0.00756 -0.00749 -0.00723 -0.00679 -0.00617  -0.0054 -0.00448 -0.00345 -0.00231 -0.00111        0
        3|        0   -0.001 -0.00209 -0.00313 -0.00409 -0.00494 -0.00568 -0.00627  -0.0067 -0.00697 -0.00707   -0.007 -0.00675 -0.00634 -0.00576 -0.00503 -0.00418  -0.0032 -0.00215 -0.00103        0
        2|        0-0.000955 -0.00199 -0.00298 -0.00389 -0.00471  -0.0054 -0.00597 -0.00638 -0.00664 -0.00673 -0.00666 -0.00642 -0.00603 -0.00547 -0.00478 -0.00396 -0.00304 -0.00203-0.000978        0
        1|        0-0.000831 -0.00174  -0.0026 -0.00341 -0.00412 -0.00473 -0.00523  -0.0056 -0.00582 -0.00591 -0.00584 -0.00563 -0.00528  -0.0048 -0.00419 -0.00347 -0.00266 -0.00178-0.000852        0
        0|        0 0.000834  0.00175  0.00262  0.00342  0.00414  0.00476  0.00525  0.00562  0.00585  0.00594  0.00587  0.00566  0.00531  0.00482  0.00421  0.00349  0.00267  0.00179 0.000856        0

G (22x12): 
         |        0        1        2        3        4        5        6        7        8        9       10       11       12       13       14       15       16       17       18       19       20       21
-------------------------------------------------------------------------------------------------------------------------------------------------------------------------------------------------------------------------
       10|  -0.0138   0.0137   0.0149   0.0141   0.0128   0.0112  0.00948  0.00756  0.00556   0.0035  0.00141-0.000717 -0.00286 -0.00501 -0.00715 -0.00925  -0.0112   -0.013  -0.0145  -0.0155  -0.0144   0.0146
        9|  -0.0115   0.0114   0.0124   0.0118   0.0108  0.00952  0.00806  0.00646  0.00476    0.003  0.00118-0.000656 -0.00251 -0.00436 -0.00618 -0.00793 -0.00956   -0.011  -0.0122  -0.0129   -0.012    0.012
        8| -0.00953  0.00948   0.0103   0.0098    0.009  0.00798  0.00678  0.00545  0.00402  0.00252 0.000983-0.000588 -0.00216 -0.00372 -0.00524 -0.00669 -0.00801 -0.00917  -0.0101  -0.0107 -0.00987  0.00991
        7| -0.00784   0.0078  0.00849  0.00808  0.00744  0.00661  0.00563  0.00454  0.00335   0.0021 0.000804 -0.00051 -0.00183 -0.00313 -0.00438 -0.00556 -0.00664 -0.00756 -0.00829 -0.00876 -0.00807  0.00811
        6| -0.00636  0.00633   0.0069  0.00657  0.00606  0.00539   0.0046  0.00371  0.00274  0.00171 0.000651-0.000434 -0.00151 -0.00258  -0.0036 -0.00455 -0.00541 -0.00614 -0.00672 -0.00708 -0.00652  0.00655
        5| -0.00506  0.00503  0.00548  0.00523  0.00482   0.0043  0.00367  0.00297  0.00219  0.00137 0.000513-0.000354 -0.00122 -0.00207 -0.00288 -0.00364 -0.00431 -0.00488 -0.00533 -0.00561 -0.00516  0.00518
        4| -0.00388  0.00386  0.00421  0.00401  0.00371   0.0033  0.00283  0.00228  0.00169  0.00105 0.000394 -0.00028-0.000947  -0.0016 -0.00222  -0.0028 -0.00331 -0.00375 -0.00408  -0.0043 -0.00395  0.00396
        3|  -0.0028  0.00279  0.00304   0.0029  0.00268  0.00239  0.00205  0.00166  0.00122 0.000763 0.000282-0.000203-0.000691 -0.00116 -0.00161 -0.00203  -0.0024 -0.00271 -0.00295  -0.0031 -0.00284  0.00286
        2| -0.00179  0.00178  0.00195  0.00186  0.00172  0.00154  0.00132  0.00106 0.000787 0.000489 0.000183-0.000133-0.000443-0.000749 -0.00104  -0.0013 -0.00154 -0.00174 -0.00189 -0.00199 -0.00182  0.00183
        1| -0.00084 0.000836 0.000912 0.000874 0.000806 0.000722 0.000616 0.000501 0.000368 0.000232 8.51e-05-5.99e-05-0.000209-0.000349-0.000487-0.000609-0.000722-0.000812-0.000886-0.000928-0.000851 0.000855
        0|        0        0        0        0        0        0        0        0        0        0        0        0        0        0        0        0        0        0        0        0        0        0

rhs (22x12): 
         |        0        1        2        3        4        5        6        7        8        9       10       11       12       13       14       15       16       17       18       19       20       21
-------------------------------------------------------------------------------------------------------------------------------------------------------------------------------------------------------------------------
       11|        0        0        0        0        0        0        0        0        0        0        0        0        0        0        0        0        0        0        0        0        0        0
       10|        0 -0.00696  0.00101 -0.00307 -0.00082 -0.00496 -0.00234 -0.00578 -0.00224 -0.00463 2.97e-05 -0.00124  0.00482   0.0053   0.0131   0.0153   0.0244   0.0272    0.036   0.0369   0.0416        0
        9|        0 -0.00269 -0.00207  0.00117 -0.00202  0.00128  -0.0019   0.0014 -0.00181  0.00146 -0.00177  0.00143 -0.00185  0.00135 -0.00196  0.00121 -0.00212  0.00103 -0.00229    0.001  0.00304        0
        8|        0 -0.00439   0.0014 -0.00185  0.00143 -0.00176  0.00153 -0.00167   0.0016 -0.00162  0.00164 -0.00165  0.00157 -0.00171  0.00149 -0.00181  0.00137 -0.00194  0.00125 -0.00197  0.00507        0
        7|        0 -0.00139  -0.0017  0.00155 -0.00166  0.00162 -0.00158   0.0017 -0.00152  0.00175 -0.00149  0.00173 -0.00153  0.00169  -0.0016   0.0016  -0.0017   0.0015 -0.00179  0.00147  0.00228        0
        6|        0 -0.00339  0.00165 -0.00159  0.00169 -0.00152  0.00176 -0.00145  0.00183  -0.0014  0.00186 -0.00141  0.00182 -0.00145  0.00176 -0.00153  0.00168 -0.00162   0.0016 -0.00165  0.00444        0
        5|        0-0.000614 -0.00152  0.00174 -0.00148   0.0018 -0.00141  0.00187 -0.00135  0.00192 -0.00132  0.00191 -0.00135  0.00187 -0.00141   0.0018 -0.00148  0.00173 -0.00156   0.0017  0.00178        0
        4|        0 -0.00281  0.00178 -0.00146  0.00182  -0.0014  0.00189 -0.00133  0.00195 -0.00128  0.00198 -0.00129  0.00195 -0.00132   0.0019 -0.00139  0.00183 -0.00146  0.00176  -0.0015  0.00404        0
        3|        0-0.000189 -0.00144  0.00183  -0.0014  0.00189 -0.00133  0.00195 -0.00127    0.002 -0.00124    0.002 -0.00126  0.00197 -0.00131   0.0019 -0.00138  0.00183 -0.00145   0.0018  0.00147        0
        2|        0 -0.00251  0.00185  -0.0014  0.00188 -0.00134  0.00194 -0.00128  0.00199 -0.00124  0.00202 -0.00123  0.00201 -0.00127  0.00196 -0.00132   0.0019 -0.00139  0.00184 -0.00143  0.00384        0
        1|        0  0.00191  0.00129  0.00366   0.0011   0.0034 0.000771    0.003 0.000315  0.00249-0.000232  0.00191-0.000836   0.0013 -0.00144 0.000727 -0.00197  0.00026 -0.00235-4.55e-06 0.000267        0
        0|        0        0        0        0        0        0        0        0        0        0        0        0        0        0        0        0        0        0        0        0        0        0

