t: 1.93395
nCells: 20x10, dx: 0.1, dy: 0.1

u (22x12): 
         |        0        1        2        3        4        5        6        7        8        9       10       11       12       13       14       15       16       17       18       19       20
-------------------------------------------------------------------------------------------------------------------------------------------------------------------------------------------------------------------------
       11|        0 -0.00396 -0.00885  -0.0133  -0.0171  -0.0202  -0.0227  -0.0246  -0.0259  -0.0266  -0.0268  -0.0266  -0.0259  -0.0247   -0.023  -0.0207  -0.0177  -0.0139 -0.00944 -0.00441        0
       10|        0   -0.003 -0.00669  -0.0102  -0.0133  -0.0161  -0.0184  -0.0203  -0.0218  -0.0228  -0.0234  -0.0235  -0.0232  -0.0223  -0.0208  -0.0188   -0.016  -0.0126 -0.00858 -0.00426        0
        9|        0 -0.00265 -0.00579 -0.00879  -0.0116   -0.014  -0.0161  -0.0178  -0.0191    -0.02  -0.0205  -0.0206  -0.0202  -0.0193   -0.018  -0.0161  -0.0136  -0.0106  -0.0072 -0.00345        0
        8|        0 -0.00234 -0.00506  -0.0077  -0.0101  -0.0123  -0.0141  -0.0157  -0.0168  -0.0176   -0.018  -0.0181  -0.0177  -0.0168  -0.0155  -0.0138  -0.0116 -0.00902 -0.00604 -0.00285        0
        7|        0 -0.00206 -0.00448 -0.00679 -0.00894  -0.0109  -0.0125  -0.0139  -0.0149  -0.0156   -0.016  -0.0159  -0.0156  -0.0148  -0.0136   -0.012    -0.01 -0.00774 -0.00517 -0.00241        0
        6|        0 -0.00185 -0.00399 -0.00607 -0.00799 -0.00972  -0.0112  -0.0124  -0.0134   -0.014  -0.0143  -0.0142  -0.0138  -0.0131   -0.012  -0.0106 -0.00879 -0.00676 -0.00449 -0.00209        0
        5|        0 -0.00167 -0.00362 -0.00549 -0.00724  -0.0088  -0.0102  -0.0113  -0.0121  -0.0127  -0.0129  -0.0128  -0.0125  -0.0118  -0.0107 -0.00942 -0.00784   -0.006 -0.00398 -0.00185        0
        4|        0 -0.00154 -0.00333 -0.00506 -0.00666  -0.0081 -0.00934  -0.0104  -0.0111  -0.0116  -0.0119  -0.0118  -0.0114  -0.0108  -0.0098 -0.00858 -0.00711 -0.00544  -0.0036 -0.00167        0
        3|        0 -0.00144 -0.00312 -0.00474 -0.00625 -0.00759 -0.00876 -0.00971  -0.0104  -0.0109  -0.0111   -0.011  -0.0107    -0.01 -0.00912 -0.00797  -0.0066 -0.00504 -0.00334 -0.00154        0
        2|        0 -0.00137 -0.00295 -0.00449 -0.00592  -0.0072  -0.0083 -0.00922 -0.00989  -0.0103  -0.0105  -0.0104  -0.0101 -0.00948 -0.00861 -0.00753 -0.00622 -0.00475 -0.00314 -0.00146        0
        1|        0  -0.0011 -0.00242 -0.00368 -0.00486 -0.00591 -0.00683 -0.00757 -0.00815  -0.0085 -0.00866 -0.00859 -0.00832 -0.00781 -0.00711  -0.0062 -0.00513 -0.00391 -0.00258 -0.00119        0
        0|        0   0.0011   0.0024  0.00365  0.00482  0.00586  0.00678  0.00751  0.00808  0.00843  0.00859  0.00852  0.00824  0.00774  0.00704  0.00614  0.00509  0.00387  0.00256  0.00118        0

v (22x12): 
         |        0        1        2        3        4        5        6        7        8        9       10       11       12       13       14       15       16       17       18       19       20       21
-------------------------------------------------------------------------------------------------------------------------------------------------------------------------------------------------------------------------
       10|  -0.0189   0.0191   0.0225   0.0216   0.0199   0.0177   0.0152   0.0125  0.00952   0.0064  0.00317-0.000184 -0.00363 -0.00719  -0.0108  -0.0144  -0.0179  -0.0211  -0.0237  -0.0253  -0.0227   0.0225
        9|   -0.016   0.0161   0.0188   0.0181   0.0167    0.015   0.0129   0.0106  0.00806  0.00539  0.00258-0.000306 -0.00328  -0.0063 -0.00934  -0.0123  -0.0151  -0.0177  -0.0197   -0.021  -0.0185   0.0183
        8|  -0.0133   0.0134   0.0156   0.0151    0.014   0.0125   0.0108  0.00887  0.00674  0.00447  0.00209-0.000386  -0.0029 -0.00545 -0.00797  -0.0104  -0.0127  -0.0147  -0.0163  -0.0172   -0.015   0.0149
        7|   -0.011   0.0111   0.0129   0.0124   0.0115   0.0104  0.00895  0.00735  0.00557  0.00367  0.00166-0.000402 -0.00251 -0.00462  -0.0067 -0.00867  -0.0105  -0.0121  -0.0133   -0.014  -0.0122   0.0121
        6| -0.00894    0.009   0.0105   0.0101  0.00939  0.00844   0.0073  0.00598  0.00453  0.00296  0.00132 -0.00039 -0.00211 -0.00384 -0.00551  -0.0071 -0.00853 -0.00978  -0.0108  -0.0113 -0.00976  0.00967
        5|  -0.0071  0.00716  0.00833  0.00804  0.00747  0.00672   0.0058  0.00476  0.00359  0.00234  0.00102-0.000342 -0.00173 -0.00309 -0.00442 -0.00566 -0.00679 -0.00774  -0.0085  -0.0089 -0.00768  0.00761
        4| -0.00543  0.00547  0.00639  0.00616  0.00573  0.00514  0.00445  0.00364  0.00275  0.00178 0.000767-0.000288 -0.00134  -0.0024  -0.0034 -0.00435 -0.00519 -0.00592 -0.00647 -0.00678 -0.00583  0.00578
        3| -0.00391  0.00394  0.00459  0.00443  0.00411  0.00371   0.0032  0.00262  0.00197  0.00128  0.00054-0.000211-0.000981 -0.00173 -0.00246 -0.00313 -0.00374 -0.00424 -0.00464 -0.00485 -0.00417  0.00414
        2| -0.00247  0.00248  0.00291   0.0028  0.00261  0.00235  0.00203  0.00166  0.00126 0.000808 0.000347 -0.00014-0.000619  -0.0011 -0.00156 -0.00199 -0.00236 -0.00269 -0.00293 -0.00307 -0.00263  0.00261
        1| -0.00111  0.00112  0.00131  0.00127  0.00118  0.00107 0.000918 0.000758 0.000567 0.000373 0.000156-5.52e-05-0.000281-0.000492-0.000706-0.000893 -0.00107 -0.00121 -0.00133 -0.00138 -0.00118  0.00117
        0|        0        0        0        0        0        0        0        0        0        0        0        0        0        0        0        0        0        0        0        0        0        0

p (22x12): 
         |        0        1        2        3        4        5        6        7        8        9       10       11       12       13       14       15       16       17       18       19       20       21
-------------------------------------------------------------------------------------------------------------------------------------------------------------------------------------------------------------------------
       11|    -5.72    -5.72    -5.72    -5.72    -5.72    -5.72    -5.72    -5.72    -5.72    -5.72    -5.72    -5.72    -5.71    -5.71    -5.71    -5.71    -5.71    -5.71    -5.71    -5.71    -5.71    -5.71
       10|    -5.72    -5.72    -5.72    -5.72    -5.72    -5.72    -5.72    -5.72    -5.72    -5.72    -5.72    -5.72    -5.71    -5.71    -5.71    -5.71    -5.71    -5.71    -5.71    -5.71    -5.71    -5.71
        9|    -5.72    -5.72    -5.72    -5.72    -5.72    -5.72    -5.72    -5.72    -5.72    -5.72    -5.72    -5.72    -5.71    -5.71    -5.71    -5.71    -5.71    -5.71    -5.71    -5.71    -5.71    -5.71
        8|    -5.72    -5.72    -5.72    -5.72    -5.72    -5.72    -5.72    -5.72    -5.72    -5.72    -5.72    -5.72    -5.71    -5.71    -5.71    -5.71    -5.71    -5.71    -5.71    -5.71    -5.71    -5.71
        7|    -5.72    -5.72    -5.72    -5.72    -5.72    -5.72    -5.72    -5.72    -5.72    -5.72    -5.72    -5.72    -5.71    -5.71    -5.71    -5.71    -5.71    -5.71    -5.71    -5.71    -5.71    -5.71
        6|    -5.72    -5.72    -5.72    -5.72    -5.72    -5.72    -5.72    -5.72    -5.72    -5.72    -5.72    -5.72    -5.71    -5.71    -5.71    -5.71    -5.71    -5.71    -5.71    -5.71    -5.71    -5.71
        5|    -5.72    -5.72    -5.72    -5.72    -5.72    -5.72    -5.72    -5.72    -5.72    -5.72    -5.72    -5.72    -5.71    -5.71    -5.71    -5.71    -5.71    -5.71    -5.71    -5.71    -5.71    -5.71
        4|    -5.72    -5.72    -5.72    -5.72    -5.72    -5.72    -5.72    -5.72    -5.72    -5.72    -5.72    -5.72    -5.71    -5.71    -5.71    -5.71    -5.71    -5.71    -5.71    -5.71    -5.71    -5.71
        3|    -5.72    -5.72    -5.72    -5.72    -5.72    -5.72    -5.72    -5.72    -5.72    -5.72    -5.72    -5.72    -5.71    -5.71    -5.71    -5.71    -5.71    -5.71    -5.71    -5.71    -5.71    -5.71
        2|    -5.72    -5.72    -5.72    -5.72    -5.72    -5.72    -5.72    -5.72    -5.72    -5.72    -5.72    -5.72    -5.71    -5.71    -5.71    -5.71    -5.71    -5.71    -5.71    -5.71    -5.71    -5.71
        1|    -5.72    -5.72    -5.72    -5.72    -5.72    -5.72    -5.72    -5.72    -5.72    -5.72    -5.72    -5.72    -5.71    -5.71    -5.71    -5.71    -5.71    -5.71    -5.71    -5.71    -5.71    -5.71
        0|    -5.72    -5.72    -5.72    -5.72    -5.72    -5.72    -5.72    -5.72    -5.72    -5.72    -5.72    -5.72    -5.71    -5.71    -5.71    -5.71    -5.71    -5.71    -5.71    -5.71    -5.71    -5.71

F (22x12): 
         |        0        1        2        3        4        5        6        7        8        9       10       11       12       13       14       15       16       17       18       19       20
-------------------------------------------------------------------------------------------------------------------------------------------------------------------------------------------------------------------------
       11|        0        0        0        0        0        0        0        0        0        0        0        0        0        0        0        0        0        0        0        0        0
       10|        0 -0.00299 -0.00665  -0.0101  -0.0132   -0.016  -0.0183  -0.0202  -0.0216  -0.0226  -0.0231  -0.0233  -0.0229   -0.022  -0.0206  -0.0185  -0.0158  -0.0124 -0.00847  -0.0042        0
        9|        0 -0.00264 -0.00575 -0.00872  -0.0115  -0.0139  -0.0159  -0.0176  -0.0189  -0.0198  -0.0203  -0.0203    -0.02  -0.0191  -0.0178  -0.0159  -0.0134  -0.0105  -0.0071  -0.0034        0
        8|        0 -0.00233 -0.00503 -0.00763    -0.01  -0.0122   -0.014  -0.0155  -0.0166  -0.0174  -0.0178  -0.0179  -0.0175  -0.0166  -0.0154  -0.0136  -0.0115  -0.0089 -0.00597 -0.00282        0
        7|        0 -0.00205 -0.00444 -0.00673 -0.00886  -0.0108  -0.0124  -0.0137  -0.0148  -0.0155  -0.0158  -0.0158  -0.0154  -0.0146  -0.0134  -0.0118 -0.00992 -0.00765 -0.00511 -0.00239        0
        6|        0 -0.00184 -0.00396 -0.00602 -0.00791 -0.00962  -0.0111  -0.0123  -0.0132  -0.0138  -0.0141  -0.0141  -0.0137  -0.0129  -0.0118  -0.0104 -0.00869 -0.00668 -0.00444 -0.00207        0
        5|        0 -0.00166 -0.00359 -0.00544 -0.00717 -0.00871  -0.0101  -0.0111   -0.012  -0.0125  -0.0128  -0.0127  -0.0123  -0.0116  -0.0106 -0.00931 -0.00774 -0.00593 -0.00394 -0.00183        0
        4|        0 -0.00153  -0.0033 -0.00501 -0.00659 -0.00802 -0.00925  -0.0103   -0.011  -0.0115  -0.0117  -0.0117  -0.0113  -0.0106 -0.00968 -0.00848 -0.00703 -0.00538 -0.00356 -0.00166        0
        3|        0 -0.00143  -0.0031 -0.00469 -0.00619 -0.00752 -0.00868 -0.00961  -0.0103  -0.0108   -0.011  -0.0109  -0.0105  -0.0099 -0.00902 -0.00788 -0.00653 -0.00498  -0.0033 -0.00153        0
        2|        0 -0.00136 -0.00293 -0.00445 -0.00586 -0.00713 -0.00822 -0.00912 -0.00978  -0.0102  -0.0104  -0.0103 -0.00996 -0.00937 -0.00851 -0.00744 -0.00615  -0.0047  -0.0031 -0.00144        0
        1|        0 -0.00109 -0.00239 -0.00363  -0.0048 -0.00584 -0.00675 -0.00748 -0.00804 -0.00839 -0.00855 -0.00848  -0.0082  -0.0077 -0.00701 -0.00611 -0.00506 -0.00385 -0.00255 -0.00117        0
        0|        0   0.0011   0.0024  0.00365  0.00482  0.00586  0.00678  0.00751  0.00808  0.00843  0.00859  0.00852  0.00824  0.00774  0.00704  0.00614  0.00509  0.00387  0.00256  0.00118        0

G (22x12): 
         |        0        1        2        3        4        5        6        7        8        9       10       11       12       13       14       15       16       17       18       19       20       21
-------------------------------------------------------------------------------------------------------------------------------------------------------------------------------------------------------------------------
       10|  -0.0189   0.0189   0.0223   0.0213   0.0197   0.0175    0.015   0.0123  0.00936  0.00627  0.00307-0.000241 -0.00364 -0.00713  -0.0107  -0.0142  -0.0176  -0.0207  -0.0233  -0.0248  -0.0222   0.0225
        9|   -0.016   0.0159   0.0186   0.0179   0.0165   0.0148   0.0127   0.0104  0.00793  0.00529  0.00251-0.000348 -0.00329 -0.00627 -0.00927  -0.0122   -0.015  -0.0175  -0.0195  -0.0207  -0.0182   0.0183
        8|  -0.0133   0.0132   0.0155   0.0149   0.0138   0.0124   0.0107  0.00875  0.00664  0.00439  0.00203-0.000415  -0.0029 -0.00542  -0.0079  -0.0103  -0.0125  -0.0145  -0.0161   -0.017  -0.0148   0.0149
        7|   -0.011   0.0109   0.0128   0.0123   0.0114   0.0102  0.00884  0.00725  0.00548  0.00361  0.00162-0.000422 -0.00251 -0.00459 -0.00664 -0.00858  -0.0104  -0.0119  -0.0132  -0.0139   -0.012   0.0121
        6| -0.00894  0.00889   0.0104     0.01  0.00929  0.00834  0.00721   0.0059  0.00446  0.00291  0.00128-0.000404 -0.00211 -0.00381 -0.00546 -0.00703 -0.00845 -0.00968  -0.0106  -0.0112 -0.00963  0.00967
        5|  -0.0071  0.00707  0.00824  0.00795  0.00738  0.00664  0.00573   0.0047  0.00354   0.0023 0.000991-0.000351 -0.00172 -0.00307 -0.00438  -0.0056 -0.00672 -0.00766  -0.0084  -0.0088 -0.00758  0.00761
        4| -0.00543  0.00541  0.00632  0.00609  0.00566  0.00509   0.0044  0.00359  0.00271  0.00175  0.00075-0.000294 -0.00134 -0.00238 -0.00337 -0.00431 -0.00514 -0.00585  -0.0064  -0.0067 -0.00576  0.00578
        3| -0.00391  0.00389  0.00454  0.00439  0.00407  0.00367  0.00316  0.00259  0.00195  0.00126 0.000528-0.000215-0.000976 -0.00172 -0.00244  -0.0031  -0.0037  -0.0042 -0.00459 -0.00479 -0.00412  0.00414
        2| -0.00247  0.00245  0.00288  0.00278  0.00259  0.00232  0.00201  0.00164  0.00124 0.000796 0.000339-0.000142-0.000617 -0.00109 -0.00154 -0.00197 -0.00234 -0.00266  -0.0029 -0.00304 -0.00259  0.00261
        1| -0.00111  0.00111   0.0013  0.00126  0.00117  0.00106 0.000909  0.00075 0.000561 0.000368 0.000153-5.66e-05 -0.00028-0.000489-0.000701-0.000886 -0.00106  -0.0012 -0.00132 -0.00137 -0.00117  0.00117
        0|        0        0        0        0        0        0        0        0        0        0        0        0        0        0        0        0        0        0        0        0        0        0

rhs (22x12): 
         |        0        1        2        3        4        5        6        7        8        9       10       11       12       13       14       15       16       17       18       19       20       21
-------------------------------------------------------------------------------------------------------------------------------------------------------------------------------------------------------------------------
       11|        0        0        0        0        0        0        0        0        0        0        0        0        0        0        0        0        0        0        0        0        0        0
       10|        0 -0.00357    0.014  0.00359  0.00884 -0.00259  0.00283 -0.00756-0.000453 -0.00869 0.000884 -0.00469  0.00821  0.00705   0.0248   0.0285   0.0507   0.0573   0.0795   0.0808   0.0832        0
        9|        0 -0.00159 -0.00491  0.00329  -0.0049  0.00348 -0.00467  0.00369  -0.0045  0.00382 -0.00445  0.00374 -0.00468  0.00346 -0.00499  0.00304 -0.00549   0.0025 -0.00597  0.00255  0.00371        0
        8|        0 -0.00683  0.00382 -0.00451  0.00383 -0.00435  0.00402 -0.00417  0.00417 -0.00407  0.00422 -0.00413  0.00404 -0.00434   0.0038 -0.00464  0.00344 -0.00503   0.0031 -0.00501  0.00942        0
        7|        0 0.000181 -0.00417   0.0041 -0.00412  0.00424 -0.00395  0.00441 -0.00381  0.00451 -0.00376  0.00447 -0.00389  0.00432 -0.00407  0.00407 -0.00435  0.00378 -0.00462  0.00378  0.00274        0
        6|        0 -0.00543  0.00435 -0.00395   0.0044 -0.00381  0.00456 -0.00365   0.0047 -0.00355  0.00476 -0.00357  0.00466 -0.00369   0.0045 -0.00389  0.00427 -0.00414  0.00406 -0.00417  0.00859        0
        5|        0  0.00128  -0.0038  0.00451 -0.00373  0.00465 -0.00357   0.0048 -0.00343  0.00491 -0.00336   0.0049 -0.00343   0.0048 -0.00358  0.00462 -0.00378   0.0044 -0.00398  0.00436  0.00205        0
        4|        0  -0.0046  0.00462 -0.00367  0.00469 -0.00353  0.00484 -0.00338  0.00498 -0.00327  0.00505 -0.00327    0.005 -0.00335  0.00486 -0.00352  0.00467 -0.00372   0.0045 -0.00379  0.00805        0
        3|        0  0.00189 -0.00362  0.00471 -0.00354  0.00484 -0.00338  0.00499 -0.00324   0.0051 -0.00317  0.00512 -0.00321  0.00504 -0.00334  0.00487 -0.00352  0.00469 -0.00369  0.00462  0.00163        0
        2|        0 -0.00413  0.00478 -0.00353  0.00484 -0.00341  0.00496 -0.00328  0.00508 -0.00318  0.00514 -0.00316  0.00513 -0.00323  0.00501 -0.00338  0.00485 -0.00355   0.0047 -0.00362  0.00775        0
        1|        0  0.00498   0.0013  0.00747  0.00109  0.00714 0.000659  0.00661 4.55e-05  0.00591-0.000726  0.00506 -0.00163  0.00414 -0.00256  0.00322 -0.00343  0.00245 -0.00406  0.00206 0.000775        0
        0|        0        0        0        0        0        0        0        0        0        0        0        0        0        0        0        0        0        0        0        0        0        0

