t: 0.0750931
nCells: 20x10, dx: 0.1, dy: 0.1

u (22x12): 
         |        0        1        2        3        4        5        6        7        8        9       10       11       12       13       14       15       16       17       18       19       20
-------------------------------------------------------------------------------------------------------------------------------------------------------------------------------------------------------------------------
       11|        0-0.000173-0.000338-0.000486-0.000611-0.000713-0.000792-0.000851 -0.00089-0.000913-0.000921-0.000913 -0.00089-0.000851-0.000792-0.000713-0.000611-0.000486-0.000338-0.000173        0
       10|        0-0.000144-0.000283-0.000409-0.000519-0.000611-0.000684-0.000739-0.000778  -0.0008-0.000808  -0.0008-0.000778-0.000739-0.000684-0.000611-0.000519-0.000409-0.000283-0.000144        0
        9|        0-0.000122 -0.00024-0.000348-0.000445-0.000527-0.000593-0.000645-0.000681-0.000702-0.000709-0.000702-0.000681-0.000645-0.000593-0.000527-0.000445-0.000349 -0.00024-0.000122        0
        8|        0-0.000105-0.000206  -0.0003-0.000385-0.000458-0.000518-0.000565-0.000599-0.000619-0.000625-0.000619-0.000599-0.000565-0.000518-0.000458-0.000385  -0.0003-0.000206-0.000105        0
        7|        0-9.09e-05-0.000179-0.000262-0.000337-0.000402-0.000456-0.000499 -0.00053-0.000548-0.000554-0.000548 -0.00053-0.000499-0.000456-0.000402-0.000337-0.000262-0.000179-9.09e-05        0
        6|        0-8.01e-05-0.000158-0.000232-0.000298-0.000357-0.000406-0.000445-0.000473 -0.00049-0.000496 -0.00049-0.000473-0.000445-0.000406-0.000357-0.000298-0.000232-0.000158-8.01e-05        0
        5|        0-7.17e-05-0.000142-0.000208-0.000268-0.000321-0.000366-0.000402-0.000428-0.000444-0.000449-0.000444-0.000428-0.000402-0.000366-0.000321-0.000268-0.000208-0.000142-7.17e-05        0
        4|        0-6.54e-05-0.000129 -0.00019-0.000245-0.000294-0.000335-0.000369-0.000393-0.000407-0.000412-0.000407-0.000393-0.000369-0.000335-0.000294-0.000245 -0.00019-0.000129-6.54e-05        0
        3|        0-6.08e-05 -0.00012-0.000177-0.000228-0.000274-0.000313-0.000344-0.000367-0.000381-0.000385-0.000381-0.000367-0.000344-0.000313-0.000274-0.000228-0.000177 -0.00012-6.08e-05        0
        2|        0-5.79e-05-0.000114-0.000168-0.000217-0.000261-0.000298-0.000328 -0.00035-0.000363-0.000368-0.000363 -0.00035-0.000328-0.000298-0.000261-0.000217-0.000168-0.000114-5.78e-05        0
        1|        0-5.62e-05-0.000111-0.000163-0.000211-0.000254 -0.00029-0.000319 -0.00034-0.000353-0.000358-0.000353 -0.00034-0.000319 -0.00029-0.000254-0.000211-0.000163-0.000111-5.62e-05        0
        0|        0 3.36e-05 6.64e-05 9.75e-05 0.000126 0.000152 0.000173 0.000191 0.000203 0.000211 0.000213 0.000211 0.000203 0.000191 0.000173 0.000152 0.000126 9.75e-05 6.64e-05 3.36e-05        0

v (22x12): 
         |        0        1        2        3        4        5        6        7        8        9       10       11       12       13       14       15       16       17       18       19       20       21
-------------------------------------------------------------------------------------------------------------------------------------------------------------------------------------------------------------------------
       10|-0.000511 0.000854 0.000829 0.000774 0.000697 0.000605 0.000502 0.000394 0.000283  0.00017 5.66e-05-5.66e-05 -0.00017-0.000282-0.000394-0.000502-0.000605-0.000697-0.000774-0.000829-0.000854 0.000511
        9|-0.000424  0.00071 0.000691 0.000648 0.000587 0.000513 0.000429 0.000339 0.000244 0.000147 4.92e-05-4.91e-05-0.000147-0.000244-0.000339-0.000429-0.000513-0.000587-0.000648-0.000691 -0.00071 0.000424
        8|-0.000351 0.000588 0.000573 0.000539 0.000491 0.000431 0.000363 0.000287 0.000208 0.000126 4.21e-05 -4.2e-05-0.000126-0.000208-0.000287-0.000363-0.000431-0.000491-0.000539-0.000573-0.000588 0.000351
        7|-0.000289 0.000483 0.000471 0.000445 0.000406 0.000358 0.000302 0.000241 0.000174 0.000106 3.54e-05-3.54e-05-0.000106-0.000174 -0.00024-0.000302-0.000358-0.000406-0.000445-0.000471-0.000483 0.000289
        6|-0.000234 0.000392 0.000383 0.000362 0.000332 0.000293 0.000248 0.000198 0.000144 8.73e-05 2.93e-05-2.92e-05-8.72e-05-0.000144-0.000198-0.000248-0.000293-0.000332-0.000362-0.000383-0.000392 0.000234
        5|-0.000186 0.000312 0.000305 0.000289 0.000265 0.000234 0.000199 0.000159 0.000116 7.03e-05 2.36e-05-2.36e-05-7.03e-05-0.000116-0.000159-0.000199-0.000234-0.000265-0.000289-0.000305-0.000312 0.000186
        4|-0.000144  0.00024 0.000235 0.000222 0.000204 0.000181 0.000154 0.000123 8.98e-05 5.46e-05 1.83e-05-1.83e-05-5.46e-05-8.98e-05-0.000123-0.000154-0.000181-0.000204-0.000223-0.000235 -0.00024 0.000144
        3|-0.000105 0.000175 0.000171 0.000162 0.000149 0.000132 0.000112 9.01e-05 6.57e-05    4e-05 1.34e-05-1.34e-05   -4e-05-6.57e-05   -9e-05-0.000112-0.000132-0.000149-0.000162-0.000171-0.000175 0.000105
        2|-6.82e-05 0.000114 0.000112 0.000106 9.73e-05 8.64e-05 7.35e-05 5.89e-05  4.3e-05 2.62e-05 8.79e-06-8.78e-06-2.62e-05 -4.3e-05-5.89e-05-7.35e-05-8.64e-05-9.73e-05-0.000106-0.000112-0.000114 6.82e-05
        1|-3.36e-05 5.62e-05  5.5e-05 5.21e-05  4.8e-05 4.26e-05 3.63e-05 2.91e-05 2.12e-05 1.29e-05 4.34e-06-4.34e-06-1.29e-05-2.12e-05-2.91e-05-3.63e-05-4.26e-05 -4.8e-05-5.21e-05 -5.5e-05-5.62e-05 3.36e-05
        0|        0        0        0        0        0        0        0        0        0        0        0        0        0        0        0        0        0        0        0        0        0        0

p (22x12): 
         |        0        1        2        3        4        5        6        7        8        9       10       11       12       13       14       15       16       17       18       19       20       21
-------------------------------------------------------------------------------------------------------------------------------------------------------------------------------------------------------------------------
       11|    -0.01    -0.01 -0.00972 -0.00918  -0.0084 -0.00742 -0.00627 -0.00499 -0.00362 -0.00218-0.000704 0.000784  0.00226   0.0037  0.00507  0.00635   0.0075  0.00848  0.00926   0.0098   0.0101   0.0101
       10| -0.00861 -0.00861 -0.00838 -0.00793 -0.00727 -0.00644 -0.00545 -0.00435 -0.00316  -0.0019-0.000612 0.000692  0.00198  0.00324  0.00443  0.00554  0.00652  0.00735  0.00801  0.00847   0.0087   0.0087
        9| -0.00747 -0.00747 -0.00727 -0.00689 -0.00633 -0.00561 -0.00476  -0.0038 -0.00276 -0.00167-0.000532 0.000613  0.00175  0.00285  0.00389  0.00484  0.00569  0.00641  0.00697  0.00735  0.00755  0.00755
        8| -0.00652 -0.00652 -0.00635 -0.00602 -0.00553 -0.00491 -0.00418 -0.00334 -0.00243 -0.00146-0.000464 0.000545  0.00154  0.00251  0.00342  0.00426  0.00499  0.00561   0.0061  0.00643   0.0066   0.0066
        7| -0.00573 -0.00573 -0.00559  -0.0053 -0.00488 -0.00433 -0.00369 -0.00295 -0.00215 -0.00129-0.000407 0.000488  0.00137  0.00223  0.00303  0.00377  0.00442  0.00496  0.00538  0.00567  0.00582  0.00582
        6|  -0.0051  -0.0051 -0.00497 -0.00472 -0.00434 -0.00386 -0.00329 -0.00263 -0.00191 -0.00115-0.000359 0.000441  0.00123    0.002  0.00271  0.00337  0.00394  0.00442   0.0048  0.00505  0.00518  0.00518
        5| -0.00459 -0.00459 -0.00448 -0.00425 -0.00392 -0.00348 -0.00297 -0.00238 -0.00173 -0.00104-0.000321 0.000403  0.00112  0.00181  0.00246  0.00305  0.00357    0.004  0.00433  0.00456  0.00468  0.00468
        4| -0.00421 -0.00421  -0.0041 -0.00389 -0.00359 -0.00319 -0.00272 -0.00218 -0.00158-0.000949-0.000292 0.000373  0.00103  0.00166  0.00226   0.0028  0.00327  0.00367  0.00397  0.00418  0.00429  0.00429
        3| -0.00392 -0.00392 -0.00382 -0.00363 -0.00335 -0.00298 -0.00254 -0.00203 -0.00148-0.000884 -0.00027 0.000352 0.000966  0.00156  0.00211  0.00262  0.00306  0.00343  0.00371  0.00391    0.004    0.004
        2| -0.00374 -0.00374 -0.00364 -0.00346 -0.00319 -0.00284 -0.00242 -0.00194 -0.00141-0.000842-0.000256 0.000337 0.000923  0.00149  0.00202   0.0025  0.00292  0.00327  0.00354  0.00373  0.00382  0.00382
        1| -0.00365 -0.00365 -0.00356 -0.00338 -0.00311 -0.00277 -0.00236 -0.00189 -0.00137-0.000821-0.000249  0.00033 0.000903  0.00145  0.00197  0.00244  0.00285  0.00319  0.00346  0.00364  0.00373  0.00373
        0| -0.00365 -0.00365 -0.00356 -0.00338 -0.00311 -0.00277 -0.00236 -0.00189 -0.00137-0.000821-0.000249  0.00033 0.000903  0.00145  0.00197  0.00244  0.00285  0.00319  0.00346  0.00364  0.00373  0.00373

F (22x12): 
         |        0        1        2        3        4        5        6        7        8        9       10       11       12       13       14       15       16       17       18       19       20
-------------------------------------------------------------------------------------------------------------------------------------------------------------------------------------------------------------------------
       11|        0        0        0        0        0        0        0        0        0        0        0        0        0        0        0        0        0        0        0        0        0
       10|        0-8.64e-05-0.000169-0.000244 -0.00031-0.000364-0.000408 -0.00044-0.000463-0.000476-0.000481-0.000476-0.000463 -0.00044-0.000408-0.000364 -0.00031-0.000244-0.000169-8.64e-05        0
        9|        0 -7.3e-05-0.000143-0.000208-0.000265-0.000314-0.000354-0.000384-0.000405-0.000418-0.000422-0.000418-0.000405-0.000384-0.000354-0.000314-0.000265-0.000208-0.000143 -7.3e-05        0
        8|        0-6.26e-05-0.000123-0.000179 -0.00023-0.000273-0.000309-0.000337-0.000356-0.000368-0.000372-0.000368-0.000356-0.000337-0.000309-0.000273 -0.00023-0.000179-0.000123-6.25e-05        0
        7|        0-5.43e-05-0.000107-0.000156-0.000201 -0.00024-0.000272-0.000297-0.000316-0.000327 -0.00033-0.000327-0.000316-0.000297-0.000272 -0.00024-0.000201-0.000156-0.000107-5.43e-05        0
        6|        0-4.79e-05-9.44e-05-0.000138-0.000178-0.000213-0.000242-0.000265-0.000282-0.000292-0.000295-0.000292-0.000282-0.000265-0.000242-0.000213-0.000178-0.000138-9.44e-05-4.79e-05        0
        5|        0-4.28e-05-8.46e-05-0.000124 -0.00016-0.000191-0.000218-0.000239-0.000255-0.000264-0.000267-0.000264-0.000255-0.000239-0.000218-0.000192 -0.00016-0.000124-8.45e-05-4.28e-05        0
        4|        0 -3.9e-05-7.71e-05-0.000113-0.000146-0.000175  -0.0002 -0.00022-0.000234-0.000243-0.000246-0.000243-0.000234 -0.00022  -0.0002-0.000175-0.000146-0.000113-7.71e-05 -3.9e-05        0
        3|        0-3.63e-05-7.17e-05-0.000105-0.000136-0.000163-0.000187-0.000205-0.000219-0.000227 -0.00023-0.000227-0.000219-0.000205-0.000187-0.000163-0.000136-0.000105-7.17e-05-3.63e-05        0
        2|        0-3.45e-05-6.82e-05  -0.0001 -0.00013-0.000156-0.000178-0.000196-0.000209-0.000216-0.000219-0.000216-0.000209-0.000196-0.000178-0.000156 -0.00013  -0.0001-6.83e-05-3.45e-05        0
        1|        0-3.34e-05-6.61e-05 -9.7e-05-0.000126-0.000151-0.000172 -0.00019-0.000202 -0.00021-0.000212 -0.00021-0.000202 -0.00019-0.000172-0.000151-0.000125 -9.7e-05-6.61e-05-3.34e-05        0
        0|        0 3.36e-05 6.64e-05 9.75e-05 0.000126 0.000152 0.000173 0.000191 0.000203 0.000211 0.000213 0.000211 0.000203 0.000191 0.000173 0.000152 0.000126 9.75e-05 6.64e-05 3.36e-05        0

G (22x12): 
         |        0        1        2        3        4        5        6        7        8        9       10       11       12       13       14       15       16       17       18       19       20       21
-------------------------------------------------------------------------------------------------------------------------------------------------------------------------------------------------------------------------
       10|-0.000511 0.000508 0.000494 0.000461 0.000415  0.00036 0.000298 0.000234 0.000168 0.000101 3.36e-05-3.36e-05-0.000101-0.000168-0.000234-0.000298 -0.00036-0.000415-0.000461-0.000494-0.000508 0.000511
        9|-0.000424 0.000422 0.000412 0.000386  0.00035 0.000305 0.000255 0.000201 0.000145 8.75e-05 2.92e-05-2.92e-05-8.75e-05-0.000145-0.000201-0.000255-0.000305 -0.00035-0.000386-0.000412-0.000422 0.000424
        8|-0.000351 0.000349 0.000341 0.000321 0.000292 0.000257 0.000216 0.000171 0.000124 7.48e-05  2.5e-05 -2.5e-05-7.48e-05-0.000124-0.000171-0.000216-0.000257-0.000292-0.000321-0.000341-0.000349 0.000351
        7|-0.000289 0.000287 0.000281 0.000265 0.000242 0.000213  0.00018 0.000143 0.000104 6.29e-05 2.11e-05-2.11e-05-6.29e-05-0.000104-0.000143 -0.00018-0.000213-0.000242-0.000265-0.000281-0.000287 0.000289
        6|-0.000234 0.000233 0.000228 0.000216 0.000198 0.000175 0.000148 0.000118 8.56e-05 5.19e-05 1.74e-05-1.74e-05-5.19e-05-8.56e-05-0.000118-0.000148-0.000175-0.000198-0.000216-0.000228-0.000233 0.000234
        5|-0.000186 0.000185 0.000182 0.000172 0.000158  0.00014 0.000118 9.46e-05 6.89e-05 4.18e-05  1.4e-05 -1.4e-05-4.18e-05-6.89e-05-9.46e-05-0.000118 -0.00014-0.000158-0.000172-0.000182-0.000185 0.000186
        4|-0.000144 0.000143  0.00014 0.000133 0.000122 0.000108 9.17e-05 7.33e-05 5.35e-05 3.25e-05 1.09e-05-1.09e-05-3.25e-05-5.35e-05-7.34e-05-9.17e-05-0.000108-0.000122-0.000133 -0.00014-0.000143 0.000144
        3|-0.000105 0.000104 0.000102 9.66e-05 8.88e-05 7.88e-05  6.7e-05 5.36e-05 3.91e-05 2.38e-05 7.99e-06-7.99e-06-2.38e-05-3.91e-05-5.36e-05 -6.7e-05-7.88e-05-8.88e-05-9.66e-05-0.000102-0.000104 0.000105
        2|-6.82e-05 6.78e-05 6.66e-05 6.31e-05  5.8e-05 5.15e-05 4.38e-05 3.51e-05 2.56e-05 1.56e-05 5.23e-06-5.23e-06-1.56e-05-2.56e-05-3.51e-05-4.38e-05-5.15e-05 -5.8e-05-6.31e-05-6.65e-05-6.79e-05 6.82e-05
        1|-3.36e-05 3.35e-05 3.28e-05 3.11e-05 2.86e-05 2.54e-05 2.16e-05 1.73e-05 1.27e-05 7.71e-06 2.59e-06-2.59e-06-7.71e-06-1.27e-05-1.73e-05-2.16e-05-2.54e-05-2.86e-05-3.11e-05-3.28e-05-3.35e-05 3.36e-05
        0|        0        0        0        0        0        0        0        0        0        0        0        0        0        0        0        0        0        0        0        0        0        0

rhs (22x12): 
         |        0        1        2        3        4        5        6        7        8        9       10       11       12       13       14       15       16       17       18       19       20       21
-------------------------------------------------------------------------------------------------------------------------------------------------------------------------------------------------------------------------
       11|        0        0        0        0        0        0        0        0        0        0        0        0        0        0        0        0        0        0        0        0        0        0
       10|        0-0.000377-0.000179-0.000192 -0.00015-0.000151-0.000109-9.92e-05-6.19e-05-4.35e-05-1.33e-05 1.37e-05 3.64e-05 7.23e-05 8.77e-05 0.000131 0.000138 0.000185 0.000181 0.000222 0.000374        0
        9|        0 -0.00013-1.11e-05 1.46e-05-9.48e-06 1.17e-05-7.14e-06 7.74e-06 -4.3e-06 3.02e-06-1.21e-06-2.14e-06 1.82e-06-7.23e-06 4.63e-06-1.19e-05 6.96e-06-1.56e-05 8.65e-06-1.82e-05 0.000149        0
        8|        0-0.000129  1.6e-05-1.02e-05 1.36e-05-8.21e-06 1.01e-05-5.61e-06 5.65e-06-2.62e-06 6.46e-07 4.72e-07-4.56e-06 3.48e-06-9.46e-06 6.11e-06-1.37e-05 8.19e-06-1.69e-05 9.58e-06 0.000106        0
        7|        0-9.18e-05-1.07e-05 1.52e-05-9.17e-06 1.22e-05-6.87e-06 8.15e-06-4.04e-06 3.34e-06-9.35e-07-1.85e-06 2.16e-06-6.97e-06 5.04e-06-1.16e-05 7.45e-06-1.53e-05 9.23e-06-1.79e-05 0.000112        0
        6|        0-9.97e-05 1.65e-05   -1e-05 1.41e-05-8.05e-06 1.05e-05-5.45e-06 5.97e-06-2.43e-06 8.86e-07 7.19e-07-4.37e-06 3.78e-06-9.33e-06 6.48e-06-1.36e-05 8.63e-06-1.68e-05 1.01e-05 7.71e-05        0
        5|        0-6.82e-05-1.07e-05 1.57e-05-9.13e-06 1.26e-05-6.81e-06 8.49e-06-3.94e-06 3.58e-06-7.84e-07 -1.7e-06 2.38e-06 -6.9e-06 5.32e-06-1.16e-05  7.8e-06-1.54e-05 9.64e-06 -1.8e-05  8.9e-05        0
        4|        0 -8.2e-05 1.71e-05-1.01e-05 1.46e-05-8.09e-06 1.09e-05-5.44e-06 6.24e-06-2.36e-06 1.04e-06  8.7e-07-4.33e-06    4e-06-9.39e-06 6.78e-06-1.37e-05 8.98e-06 -1.7e-05 1.05e-05 5.92e-05        0
        3|        0-5.46e-05-1.09e-05 1.62e-05-9.28e-06 1.31e-05-6.89e-06 8.81e-06-3.96e-06 3.77e-06-7.19e-07-1.64e-06 2.54e-06-6.97e-06 5.56e-06-1.18e-05 8.11e-06-1.57e-05    1e-05-1.83e-05 7.61e-05        0
        2|        0 -7.3e-05 1.77e-05-1.03e-05 1.51e-05-8.28e-06 1.13e-05-5.55e-06  6.5e-06-2.38e-06 1.13e-06 9.57e-07-4.39e-06 4.18e-06 -9.6e-06 7.05e-06-1.41e-05 9.33e-06-1.74e-05 1.09e-05 4.97e-05        0
        1|        0 1.88e-05 6.19e-05 7.91e-05  5.4e-05 6.45e-05 4.09e-05 4.39e-05  2.4e-05 1.94e-05 4.94e-06-6.83e-06-1.46e-05-3.25e-05-3.28e-05-5.55e-05-4.82e-05-7.35e-05 -5.9e-05-8.46e-05-4.31e-06        0
        0|        0        0        0        0        0        0        0        0        0        0        0        0        0        0        0        0        0        0        0        0        0        0

