t: 1.02071
nCells: 20x10, dx: 0.1, dy: 0.1

u (22x12): 
         |        0        1        2        3        4        5        6        7        8        9       10       11       12       13       14       15       16       17       18       19       20
-------------------------------------------------------------------------------------------------------------------------------------------------------------------------------------------------------------------------
       11|        0 -0.00255 -0.00529 -0.00776 -0.00989  -0.0116   -0.013   -0.014  -0.0147  -0.0151  -0.0153  -0.0151  -0.0147   -0.014  -0.0131  -0.0117 -0.00999 -0.00787 -0.00539 -0.00262        0
       10|        0 -0.00209 -0.00431 -0.00638  -0.0082 -0.00976   -0.011   -0.012  -0.0127  -0.0132  -0.0133  -0.0133  -0.0129  -0.0123  -0.0114  -0.0102 -0.00866 -0.00679 -0.00463 -0.00228        0
        9|        0 -0.00178 -0.00368 -0.00546 -0.00705 -0.00843 -0.00958  -0.0105  -0.0111  -0.0115  -0.0117  -0.0116  -0.0113  -0.0107 -0.00989 -0.00878  -0.0074 -0.00576 -0.00391 -0.00191        0
        8|        0 -0.00154 -0.00318 -0.00473 -0.00612 -0.00735 -0.00837 -0.00919 -0.00978  -0.0102  -0.0103  -0.0102 -0.00992 -0.00938 -0.00861  -0.0076 -0.00637 -0.00494 -0.00334 -0.00163        0
        7|        0 -0.00134 -0.00278 -0.00414 -0.00538 -0.00646 -0.00738 -0.00812 -0.00866 -0.00899 -0.00912 -0.00904 -0.00876 -0.00826 -0.00756 -0.00665 -0.00556 -0.00429  -0.0029  -0.0014        0
        6|        0 -0.00119 -0.00246 -0.00367 -0.00477 -0.00575 -0.00658 -0.00725 -0.00773 -0.00804 -0.00815 -0.00808 -0.00781 -0.00735 -0.00671 -0.00589 -0.00491 -0.00378 -0.00255 -0.00123        0
        5|        0 -0.00107 -0.00221  -0.0033  -0.0043 -0.00519 -0.00594 -0.00655 -0.00699 -0.00727 -0.00738  -0.0073 -0.00705 -0.00663 -0.00604 -0.00529  -0.0044 -0.00339 -0.00228  -0.0011        0
        4|        0-0.000978 -0.00202 -0.00302 -0.00394 -0.00475 -0.00545 -0.00601 -0.00642 -0.00668 -0.00677  -0.0067 -0.00647 -0.00608 -0.00552 -0.00483 -0.00401 -0.00309 -0.00207   -0.001        0
        3|        0 -0.00091 -0.00189 -0.00282 -0.00368 -0.00444  -0.0051 -0.00562 -0.00601 -0.00625 -0.00634 -0.00627 -0.00605 -0.00567 -0.00516  -0.0045 -0.00374 -0.00287 -0.00193 -0.00093        0
        2|        0-0.000867  -0.0018 -0.00268  -0.0035 -0.00423 -0.00485 -0.00536 -0.00572 -0.00596 -0.00604 -0.00597 -0.00576  -0.0054  -0.0049 -0.00428 -0.00355 -0.00273 -0.00183-0.000884        0
        1|        0-0.000768  -0.0016 -0.00238 -0.00312 -0.00376 -0.00432 -0.00477  -0.0051 -0.00531 -0.00538 -0.00532 -0.00513 -0.00481 -0.00437 -0.00381 -0.00316 -0.00242 -0.00163-0.000783        0
        0|        0 0.000754  0.00157  0.00234  0.00305  0.00369  0.00423  0.00467  0.00499  0.00519  0.00527  0.00521  0.00502  0.00471  0.00428  0.00373  0.00309  0.00237  0.00159 0.000768        0

v (22x12): 
         |        0        1        2        3        4        5        6        7        8        9       10       11       12       13       14       15       16       17       18       19       20       21
-------------------------------------------------------------------------------------------------------------------------------------------------------------------------------------------------------------------------
       10|  -0.0123   0.0125   0.0134   0.0126   0.0115   0.0101  0.00848  0.00675  0.00494  0.00308   0.0012-0.000701 -0.00262 -0.00454 -0.00645 -0.00832  -0.0101  -0.0117   -0.013  -0.0139  -0.0131   0.0128
        9|  -0.0103   0.0105   0.0112   0.0106  0.00967  0.00853  0.00721  0.00576  0.00423  0.00264  0.00101-0.000631 -0.00229 -0.00393 -0.00555  -0.0071 -0.00854 -0.00981  -0.0108  -0.0115  -0.0109   0.0106
        8|  -0.0085  0.00868  0.00928  0.00881  0.00808  0.00715  0.00606  0.00486  0.00358  0.00223 0.000846-0.000559 -0.00196 -0.00336  -0.0047 -0.00599 -0.00716 -0.00818   -0.009 -0.00954 -0.00895  0.00875
        7| -0.00699  0.00714  0.00764  0.00726  0.00667  0.00592  0.00504  0.00405  0.00298  0.00186 0.000695-0.000481 -0.00166 -0.00282 -0.00393 -0.00498 -0.00593 -0.00675  -0.0074 -0.00782 -0.00733  0.00717
        6| -0.00567  0.00579   0.0062   0.0059  0.00543  0.00483  0.00412  0.00331  0.00244  0.00152 0.000565-0.000406 -0.00137 -0.00232 -0.00323 -0.00408 -0.00484 -0.00549   -0.006 -0.00633 -0.00592  0.00579
        5| -0.00451   0.0046  0.00493   0.0047  0.00433  0.00385  0.00329  0.00265  0.00195  0.00121 0.000446 -0.00033 -0.00111 -0.00186 -0.00259 -0.00326 -0.00386 -0.00437 -0.00476 -0.00502 -0.00469  0.00459
        4| -0.00346  0.00353  0.00379  0.00361  0.00333  0.00296  0.00253  0.00204  0.00151 0.000934 0.000343 -0.00026-0.000857 -0.00144   -0.002 -0.00251 -0.00297 -0.00335 -0.00365 -0.00385 -0.00359  0.00351
        3|  -0.0025  0.00255  0.00274  0.00261  0.00241  0.00215  0.00184  0.00148  0.00109 0.000679 0.000247-0.000189-0.000626 -0.00105 -0.00145 -0.00182 -0.00215 -0.00242 -0.00264 -0.00278 -0.00259  0.00254
        2| -0.00161  0.00164  0.00176  0.00168  0.00155  0.00138  0.00118 0.000953 0.000704 0.000436  0.00016-0.000123-0.000402-0.000676-0.000933 -0.00117 -0.00138 -0.00156 -0.00169 -0.00178 -0.00166  0.00163
        1|-0.000758 0.000772 0.000828 0.000792  0.00073 0.000653 0.000557 0.000451 0.000332 0.000207 7.49e-05-5.64e-05 -0.00019-0.000317-0.000441-0.000551-0.000652-0.000733-0.000799-0.000839-0.000782 0.000767
        0|        0        0        0        0        0        0        0        0        0        0        0        0        0        0        0        0        0        0        0        0        0        0

p (22x12): 
         |        0        1        2        3        4        5        6        7        8        9       10       11       12       13       14       15       16       17       18       19       20       21
-------------------------------------------------------------------------------------------------------------------------------------------------------------------------------------------------------------------------
       11|   -0.871   -0.871   -0.871   -0.871    -0.87   -0.869   -0.868   -0.867   -0.866   -0.865   -0.863   -0.862   -0.861   -0.859   -0.858   -0.856   -0.855   -0.854   -0.853   -0.853   -0.853   -0.853
       10|    -0.87    -0.87    -0.87    -0.87   -0.869   -0.868   -0.868   -0.867   -0.865   -0.864   -0.863   -0.862   -0.861   -0.859   -0.858   -0.857   -0.856   -0.855   -0.855   -0.854   -0.854   -0.854
        9|   -0.869   -0.869   -0.869   -0.869   -0.868   -0.868   -0.867   -0.866   -0.865   -0.864   -0.863   -0.862   -0.861    -0.86   -0.859   -0.858   -0.857   -0.856   -0.856   -0.855   -0.855   -0.855
        8|   -0.868   -0.868   -0.868   -0.868   -0.867   -0.867   -0.866   -0.865   -0.865   -0.864   -0.863   -0.862   -0.861    -0.86   -0.859   -0.858   -0.858   -0.857   -0.857   -0.856   -0.856   -0.856
        7|   -0.867   -0.867   -0.867   -0.867   -0.867   -0.866   -0.866   -0.865   -0.864   -0.864   -0.863   -0.862   -0.861    -0.86    -0.86   -0.859   -0.858   -0.858   -0.857   -0.857   -0.857   -0.857
        6|   -0.867   -0.867   -0.867   -0.867   -0.866   -0.866   -0.865   -0.865   -0.864   -0.863   -0.863   -0.862   -0.861   -0.861    -0.86   -0.859   -0.859   -0.858   -0.858   -0.858   -0.858   -0.858
        5|   -0.866   -0.866   -0.866   -0.866   -0.866   -0.866   -0.865   -0.865   -0.864   -0.863   -0.863   -0.862   -0.861   -0.861    -0.86   -0.859   -0.859   -0.859   -0.858   -0.858   -0.858   -0.858
        4|   -0.866   -0.866   -0.866   -0.866   -0.866   -0.865   -0.865   -0.864   -0.864   -0.863   -0.863   -0.862   -0.861   -0.861    -0.86    -0.86   -0.859   -0.859   -0.859   -0.858   -0.858   -0.858
        3|   -0.866   -0.866   -0.866   -0.866   -0.865   -0.865   -0.865   -0.864   -0.864   -0.863   -0.863   -0.862   -0.861   -0.861    -0.86    -0.86   -0.859   -0.859   -0.859   -0.859   -0.859   -0.859
        2|   -0.866   -0.866   -0.866   -0.865   -0.865   -0.865   -0.865   -0.864   -0.864   -0.863   -0.863   -0.862   -0.861   -0.861    -0.86    -0.86    -0.86   -0.859   -0.859   -0.859   -0.859   -0.859
        1|   -0.866   -0.866   -0.866   -0.865   -0.865   -0.865   -0.864   -0.864   -0.864   -0.863   -0.863   -0.862   -0.861   -0.861    -0.86    -0.86    -0.86   -0.859   -0.859   -0.859   -0.859   -0.859
        0|   -0.866   -0.866   -0.866   -0.865   -0.865   -0.865   -0.864   -0.864   -0.864   -0.863   -0.863   -0.862   -0.861   -0.861    -0.86    -0.86    -0.86   -0.859   -0.859   -0.859   -0.859   -0.859

F (22x12): 
         |        0        1        2        3        4        5        6        7        8        9       10       11       12       13       14       15       16       17       18       19       20
-------------------------------------------------------------------------------------------------------------------------------------------------------------------------------------------------------------------------
       11|        0        0        0        0        0        0        0        0        0        0        0        0        0        0        0        0        0        0        0        0        0
       10|        0 -0.00205 -0.00422 -0.00624 -0.00802 -0.00954  -0.0108  -0.0117  -0.0124  -0.0129   -0.013   -0.013  -0.0126   -0.012  -0.0112 -0.00996 -0.00844 -0.00662 -0.00452 -0.00223        0
        9|        0 -0.00175  -0.0036 -0.00534  -0.0069 -0.00824 -0.00936  -0.0102  -0.0109  -0.0113  -0.0114  -0.0114   -0.011  -0.0105 -0.00965 -0.00856 -0.00721 -0.00562 -0.00382 -0.00187        0
        8|        0 -0.00151 -0.00311 -0.00462 -0.00599 -0.00718 -0.00818 -0.00898 -0.00955 -0.00991  -0.0101 -0.00998 -0.00968 -0.00915  -0.0084 -0.00742 -0.00622 -0.00482 -0.00326 -0.00159        0
        7|        0 -0.00132 -0.00272 -0.00405 -0.00526 -0.00632 -0.00722 -0.00793 -0.00845 -0.00878 -0.00891 -0.00883 -0.00855 -0.00806 -0.00738 -0.00649 -0.00542 -0.00419 -0.00283 -0.00137        0
        6|        0 -0.00117 -0.00241 -0.00359 -0.00467 -0.00562 -0.00643 -0.00708 -0.00755 -0.00785 -0.00796 -0.00789 -0.00762 -0.00718 -0.00655 -0.00575 -0.00479 -0.00369 -0.00249 -0.00121        0
        5|        0 -0.00105 -0.00217 -0.00323  -0.0042 -0.00507 -0.00581  -0.0064 -0.00683  -0.0071  -0.0072 -0.00713 -0.00689 -0.00647  -0.0059 -0.00516  -0.0043  -0.0033 -0.00222 -0.00108        0
        4|        0-0.000958 -0.00198 -0.00295 -0.00385 -0.00465 -0.00532 -0.00587 -0.00627 -0.00652 -0.00661 -0.00655 -0.00631 -0.00593 -0.00539 -0.00472 -0.00392 -0.00301 -0.00202 -0.00098        0
        3|        0-0.000892 -0.00185 -0.00275 -0.00359 -0.00434 -0.00498 -0.00549 -0.00587  -0.0061 -0.00619 -0.00612  -0.0059 -0.00554 -0.00503  -0.0044 -0.00365  -0.0028 -0.00188 -0.00091        0
        2|        0-0.000849 -0.00176 -0.00262 -0.00342 -0.00413 -0.00474 -0.00523 -0.00559 -0.00581 -0.00589 -0.00583 -0.00562 -0.00527 -0.00479 -0.00418 -0.00347 -0.00266 -0.00178-0.000865        0
        1|        0 -0.00075 -0.00156 -0.00233 -0.00304 -0.00367 -0.00421 -0.00465 -0.00497 -0.00517 -0.00524 -0.00518   -0.005 -0.00468 -0.00425 -0.00371 -0.00308 -0.00236 -0.00158-0.000764        0
        0|        0 0.000754  0.00157  0.00234  0.00305  0.00369  0.00423  0.00467  0.00499  0.00519  0.00527  0.00521  0.00502  0.00471  0.00428  0.00373  0.00309  0.00237  0.00159 0.000768        0

G (22x12): 
         |        0        1        2        3        4        5        6        7        8        9       10       11       12       13       14       15       16       17       18       19       20       21
-------------------------------------------------------------------------------------------------------------------------------------------------------------------------------------------------------------------------
       10|  -0.0123   0.0122   0.0131   0.0123   0.0112  0.00982  0.00825  0.00656   0.0048  0.00299  0.00115-0.000702 -0.00256 -0.00443 -0.00629  -0.0081 -0.00981  -0.0113  -0.0126  -0.0135  -0.0127   0.0128
        9|  -0.0103   0.0102   0.0109   0.0103  0.00944  0.00832  0.00703  0.00561  0.00411  0.00256 0.000975 -0.00063 -0.00225 -0.00385 -0.00542 -0.00694 -0.00834 -0.00958  -0.0106  -0.0113  -0.0106   0.0106
        8|  -0.0085  0.00846  0.00906   0.0086  0.00788  0.00697  0.00591  0.00474  0.00348  0.00216 0.000815-0.000556 -0.00193 -0.00328  -0.0046 -0.00585 -0.00699 -0.00799 -0.00878 -0.00931 -0.00871  0.00875
        7| -0.00699  0.00696  0.00746  0.00709  0.00651  0.00578  0.00491  0.00395   0.0029  0.00181 0.000671-0.000477 -0.00163 -0.00276 -0.00385 -0.00487  -0.0058 -0.00659 -0.00722 -0.00763 -0.00713  0.00717
        6| -0.00567  0.00564  0.00606  0.00576  0.00531  0.00471  0.00402  0.00323  0.00238  0.00148 0.000546-0.000402 -0.00135 -0.00227 -0.00316 -0.00399 -0.00473 -0.00536 -0.00586 -0.00618 -0.00577  0.00579
        5| -0.00451  0.00448  0.00481  0.00459  0.00422  0.00376  0.00321  0.00258   0.0019  0.00118 0.000432-0.000327 -0.00109 -0.00182 -0.00253 -0.00318 -0.00377 -0.00426 -0.00465  -0.0049 -0.00457  0.00459
        4| -0.00346  0.00344   0.0037  0.00352  0.00325  0.00289  0.00247  0.00199  0.00147 0.000909 0.000332-0.000257 -0.00084 -0.00141 -0.00195 -0.00245  -0.0029 -0.00328 -0.00357 -0.00376  -0.0035  0.00351
        3|  -0.0025  0.00249  0.00267  0.00255  0.00235   0.0021  0.00179  0.00145  0.00106 0.000661 0.000239-0.000187-0.000613 -0.00102 -0.00142 -0.00178  -0.0021 -0.00237 -0.00258 -0.00271 -0.00253  0.00254
        2| -0.00161   0.0016  0.00172  0.00164  0.00151  0.00135  0.00116 0.000931 0.000687 0.000425 0.000155-0.000122-0.000394-0.000662-0.000913 -0.00115 -0.00135 -0.00152 -0.00166 -0.00174 -0.00162  0.00163
        1|-0.000758 0.000754 0.000811 0.000775 0.000714 0.000639 0.000545 0.000441 0.000324 0.000202 7.27e-05-5.59e-05-0.000187-0.000311-0.000432 -0.00054-0.000638-0.000718-0.000782-0.000821-0.000764 0.000767
        0|        0        0        0        0        0        0        0        0        0        0        0        0        0        0        0        0        0        0        0        0        0        0

rhs (22x12): 
         |        0        1        2        3        4        5        6        7        8        9       10       11       12       13       14       15       16       17       18       19       20       21
-------------------------------------------------------------------------------------------------------------------------------------------------------------------------------------------------------------------------
       11|        0        0        0        0        0        0        0        0        0        0        0        0        0        0        0        0        0        0        0        0        0        0
       10|        0 -0.00727-0.000818 -0.00382 -0.00202 -0.00497 -0.00282 -0.00519 -0.00229 -0.00384-8.78e-05-0.000778  0.00404  0.00467   0.0108   0.0126   0.0197    0.022   0.0288   0.0296   0.0341        0
        9|        0 -0.00263 -0.00158 0.000856 -0.00153 0.000946 -0.00144  0.00103 -0.00136  0.00109 -0.00134  0.00106 -0.00139  0.00101 -0.00147 0.000902 -0.00159 0.000772 -0.00172  0.00074   0.0028        0
        8|        0 -0.00381  0.00103  -0.0014  0.00106 -0.00133  0.00114 -0.00126   0.0012 -0.00122  0.00122 -0.00124  0.00118 -0.00128  0.00111 -0.00136  0.00102 -0.00146 0.000937 -0.00148  0.00425        0
        7|        0 -0.00148 -0.00129  0.00115 -0.00126  0.00121 -0.00119  0.00127 -0.00114  0.00131 -0.00112   0.0013 -0.00115  0.00126  -0.0012   0.0012 -0.00128  0.00112 -0.00134   0.0011  0.00211        0
        6|        0 -0.00293  0.00123  -0.0012  0.00126 -0.00115  0.00132 -0.00109  0.00137 -0.00105  0.00139 -0.00106  0.00136 -0.00109  0.00132 -0.00115  0.00125 -0.00121  0.00119 -0.00124  0.00368        0
        5|        0-0.000804 -0.00115   0.0013 -0.00112  0.00135 -0.00106   0.0014 -0.00102  0.00143-0.000995  0.00143 -0.00102   0.0014 -0.00106  0.00135 -0.00112  0.00129 -0.00117  0.00127  0.00165        0
        4|        0 -0.00242  0.00133  -0.0011  0.00136 -0.00105  0.00141-0.000999  0.00146-0.000964  0.00148-0.000965  0.00146-0.000991  0.00142 -0.00104  0.00137  -0.0011  0.00132 -0.00113  0.00332        0
        3|        0-0.000431 -0.00108  0.00137 -0.00105  0.00141-0.000998  0.00146-0.000954   0.0015-0.000932   0.0015-0.000947  0.00147-0.000985  0.00143 -0.00104  0.00137 -0.00109  0.00135  0.00138        0
        2|        0 -0.00215  0.00138 -0.00105  0.00141 -0.00101  0.00145-0.000963  0.00149-0.000931  0.00151-0.000925  0.00151-0.000949  0.00147-0.000994  0.00142 -0.00105  0.00137 -0.00107  0.00313        0
        1|        0  0.00142  0.00121  0.00298  0.00104  0.00274 0.000742  0.00238 0.000331  0.00192-0.000156  0.00141-0.000687 0.000876 -0.00121 0.000376 -0.00167-2.82e-05   -0.002 -0.00026 0.000192        0
        0|        0        0        0        0        0        0        0        0        0        0        0        0        0        0        0        0        0        0        0        0        0        0

