t: 1.0726
nCells: 20x10, dx: 0.1, dy: 0.1

u (22x12): 
         |        0        1        2        3        4        5        6        7        8        9       10       11       12       13       14       15       16       17       18       19       20
-------------------------------------------------------------------------------------------------------------------------------------------------------------------------------------------------------------------------
       11|        0     1.93     1.89     1.87     1.86     1.85     1.85     1.84     1.84     1.84     1.84     1.84     1.84     1.84     1.84     1.84     1.85     1.86     1.87     1.91        0
       10|        0   0.0744    0.113    0.133    0.145    0.152    0.156    0.159    0.161    0.162    0.163    0.163    0.163    0.163    0.161    0.159    0.155    0.147     0.13   0.0893        0
        9|        0  -0.0285  -0.0303  -0.0265  -0.0225  -0.0193  -0.0169  -0.0152  -0.0141  -0.0134  -0.0131  -0.0131  -0.0134  -0.0141  -0.0152   -0.017  -0.0196  -0.0229   -0.026  -0.0237        0
        8|        0  -0.0146  -0.0223  -0.0247  -0.0248  -0.0241  -0.0232  -0.0225   -0.022  -0.0217  -0.0216  -0.0217  -0.0221  -0.0228  -0.0239  -0.0254  -0.0274  -0.0296  -0.0302   -0.024        0
        7|        0 -0.00872  -0.0153  -0.0188  -0.0204   -0.021  -0.0211   -0.021  -0.0209  -0.0209  -0.0209   -0.021  -0.0213  -0.0217  -0.0222  -0.0228  -0.0233   -0.023  -0.0207  -0.0137        0
        6|        0 -0.00591  -0.0111  -0.0147  -0.0169  -0.0182  -0.0189  -0.0193  -0.0195  -0.0197  -0.0198  -0.0199    -0.02  -0.0201  -0.0201  -0.0199  -0.0192  -0.0176  -0.0143 -0.00826        0
        5|        0 -0.00441 -0.00865  -0.0119  -0.0143   -0.016  -0.0171  -0.0178  -0.0182  -0.0185  -0.0187  -0.0187  -0.0187  -0.0185  -0.0181  -0.0174  -0.0161  -0.0139  -0.0105 -0.00562        0
        4|        0 -0.00355 -0.00711  -0.0101  -0.0125  -0.0142  -0.0155  -0.0165  -0.0171  -0.0175  -0.0177  -0.0177  -0.0176  -0.0172  -0.0165  -0.0154  -0.0138  -0.0115 -0.00832 -0.00425        0
        3|        0 -0.00303 -0.00615  -0.0089  -0.0112   -0.013  -0.0144  -0.0155  -0.0162  -0.0167  -0.0169  -0.0169  -0.0166  -0.0161  -0.0153   -0.014  -0.0123 -0.00996 -0.00701 -0.00349        0
        2|        0 -0.00274 -0.00558 -0.00817  -0.0104  -0.0122  -0.0137  -0.0148  -0.0156  -0.0161  -0.0163  -0.0163   -0.016  -0.0154  -0.0144  -0.0131  -0.0113 -0.00903 -0.00625 -0.00308        0
        1|        0 -0.00265 -0.00553 -0.00812  -0.0103  -0.0122  -0.0136  -0.0147  -0.0154  -0.0158   -0.016  -0.0158  -0.0154  -0.0147  -0.0137  -0.0123  -0.0105 -0.00824 -0.00564 -0.00273        0
        0|        0 -0.00216 -0.00449 -0.00665 -0.00856  -0.0102  -0.0115  -0.0126  -0.0133  -0.0138   -0.014  -0.0139  -0.0136  -0.0129   -0.012  -0.0107 -0.00908 -0.00712 -0.00486 -0.00239        0

v (22x12): 
         |        0        1        2        3        4        5        6        7        8        9       10       11       12       13       14       15       16       17       18       19       20       21
-------------------------------------------------------------------------------------------------------------------------------------------------------------------------------------------------------------------------
       10|        0        0        0        0        0        0        0        0        0        0        0        0        0        0        0        0        0        0        0        0        0        0
        9|  -0.0734   0.0744   0.0383   0.0203   0.0116  0.00711  0.00453  0.00296  0.00194  0.00125 0.000731  0.00029-0.000156-0.000622 -0.00124 -0.00223 -0.00409 -0.00802  -0.0173  -0.0405  -0.0893   0.0874
        8|  -0.0453   0.0459   0.0365   0.0241   0.0157   0.0103  0.00689  0.00462  0.00306  0.00193  0.00105 0.000294-0.000446  -0.0013 -0.00241 -0.00404 -0.00667  -0.0113  -0.0203  -0.0383  -0.0656   0.0638
        7|  -0.0309   0.0313   0.0287   0.0217   0.0156    0.011  0.00773  0.00535  0.00359  0.00225  0.00115 0.000159-0.000849 -0.00201  -0.0035 -0.00559 -0.00869  -0.0135   -0.021   -0.032  -0.0416   0.0405
        6|  -0.0222   0.0226   0.0222   0.0181    0.014   0.0105  0.00764  0.00543  0.00371  0.00231  0.00113 2.33e-05 -0.00111 -0.00242 -0.00404  -0.0062 -0.00915  -0.0132  -0.0187   -0.025  -0.0279   0.0271
        5|  -0.0164   0.0167    0.017   0.0145   0.0118  0.00917  0.00692  0.00504  0.00348  0.00218  0.00102-7.53e-05 -0.00121  -0.0025 -0.00405   -0.006  -0.0085  -0.0116  -0.0153   -0.019  -0.0196   0.0191
        4|  -0.0121   0.0123   0.0127   0.0112  0.00939  0.00753  0.00582  0.00432  0.00302  0.00188 0.000856-0.000138 -0.00117 -0.00231 -0.00365 -0.00527 -0.00722 -0.00949  -0.0119  -0.0141   -0.014   0.0137
        3| -0.00859  0.00874  0.00916  0.00823  0.00703  0.00575  0.00452   0.0034  0.00239  0.00149 0.000652 -0.00016   -0.001 -0.00193 -0.00298 -0.00421 -0.00562 -0.00717 -0.00872    -0.01 -0.00973  0.00952
        2| -0.00561  0.00571  0.00604  0.00548  0.00474  0.00392  0.00312  0.00236  0.00166  0.00102 0.000429-0.000158-0.000759 -0.00141 -0.00214 -0.00297 -0.00388 -0.00484 -0.00577 -0.00649 -0.00624  0.00611
        1| -0.00293  0.00298  0.00319   0.0029  0.00251  0.00209  0.00166  0.00125 0.000874 0.000526 0.000192-0.000131-0.000466-0.000818 -0.00121 -0.00163 -0.00209 -0.00255 -0.00299 -0.00332 -0.00316   0.0031
        0|  -0.0128    0.013    0.014   0.0132    0.012   0.0106  0.00889  0.00708   0.0052  0.00326  0.00129-0.000708 -0.00272 -0.00474 -0.00674 -0.00871  -0.0106  -0.0122  -0.0136  -0.0146  -0.0137   0.0134

p (22x12): 
         |        0        1        2        3        4        5        6        7        8        9       10       11       12       13       14       15       16       17       18       19       20       21
-------------------------------------------------------------------------------------------------------------------------------------------------------------------------------------------------------------------------
       11|    -1.03    -1.03    -1.03    -1.02    -1.02    -1.02    -1.01    -1.01    -1.01    -1.01    -1.01       -1       -1       -1   -0.998   -0.996   -0.993    -0.99   -0.985   -0.976   -0.961   -0.961
       10|    -1.03    -1.03    -1.03    -1.02    -1.02    -1.02    -1.01    -1.01    -1.01    -1.01    -1.01       -1       -1       -1   -0.998   -0.996   -0.993    -0.99   -0.985   -0.976   -0.961   -0.961
        9|    -1.03    -1.03    -1.02    -1.02    -1.02    -1.02    -1.01    -1.01    -1.01    -1.01    -1.01       -1       -1       -1   -0.998   -0.996   -0.994   -0.991   -0.987   -0.982   -0.975   -0.975
        8|    -1.02    -1.02    -1.02    -1.02    -1.02    -1.02    -1.01    -1.01    -1.01    -1.01    -1.01       -1       -1       -1   -0.998   -0.996   -0.994   -0.991   -0.988   -0.985   -0.982   -0.982
        7|    -1.02    -1.02    -1.02    -1.02    -1.02    -1.01    -1.01    -1.01    -1.01    -1.01    -1.01       -1       -1       -1   -0.998   -0.996   -0.994   -0.992    -0.99   -0.988   -0.986   -0.986
        6|    -1.02    -1.02    -1.02    -1.02    -1.01    -1.01    -1.01    -1.01    -1.01    -1.01    -1.01       -1       -1       -1   -0.998   -0.997   -0.995   -0.993   -0.991    -0.99   -0.989   -0.989
        5|    -1.02    -1.02    -1.01    -1.01    -1.01    -1.01    -1.01    -1.01    -1.01    -1.01    -1.01       -1       -1       -1   -0.999   -0.997   -0.995   -0.994   -0.993   -0.991   -0.991   -0.991
        4|    -1.01    -1.01    -1.01    -1.01    -1.01    -1.01    -1.01    -1.01    -1.01    -1.01    -1.01       -1       -1       -1   -0.999   -0.997   -0.996   -0.995   -0.994   -0.993   -0.992   -0.992
        3|    -1.01    -1.01    -1.01    -1.01    -1.01    -1.01    -1.01    -1.01    -1.01    -1.01       -1       -1       -1       -1   -0.999   -0.998   -0.996   -0.995   -0.994   -0.994   -0.993   -0.993
        2|    -1.01    -1.01    -1.01    -1.01    -1.01    -1.01    -1.01    -1.01    -1.01    -1.01       -1       -1       -1       -1   -0.999   -0.998   -0.997   -0.996   -0.995   -0.994   -0.994   -0.994
        1|    -1.01    -1.01    -1.01    -1.01    -1.01    -1.01    -1.01    -1.01    -1.01    -1.01       -1       -1       -1       -1   -0.999   -0.998   -0.997   -0.996   -0.995   -0.994   -0.994   -0.994
        0|    -1.01    -1.01    -1.01    -1.01    -1.01    -1.01    -1.01    -1.01    -1.01    -1.01       -1       -1       -1       -1       -1   -0.999   -0.998   -0.997   -0.996   -0.996   -0.996   -0.996

F (22x12): 
         |        0        1        2        3        4        5        6        7        8        9       10       11       12       13       14       15       16       17       18       19       20
-------------------------------------------------------------------------------------------------------------------------------------------------------------------------------------------------------------------------
       11|        0     1.93     1.89     1.87     1.86     1.85     1.85     1.84     1.84     1.84     1.84     1.84     1.84     1.84     1.84     1.84     1.85     1.86     1.87     1.91        0
       10|        0    0.076    0.114    0.134    0.145    0.152    0.157     0.16    0.162    0.163    0.164    0.164    0.164    0.163    0.162     0.16    0.156    0.148    0.132   0.0933        0
        9|        0   -0.028  -0.0297  -0.0259  -0.0218  -0.0187  -0.0163  -0.0147  -0.0136  -0.0129  -0.0126  -0.0126  -0.0129  -0.0135  -0.0147  -0.0164  -0.0189   -0.022  -0.0246  -0.0219        0
        8|        0  -0.0144  -0.0219  -0.0243  -0.0243  -0.0236  -0.0227   -0.022  -0.0215  -0.0212  -0.0211  -0.0212  -0.0216  -0.0223  -0.0233  -0.0248  -0.0268  -0.0288  -0.0293  -0.0232        0
        7|        0 -0.00861   -0.015  -0.0185  -0.0201  -0.0206  -0.0207  -0.0206  -0.0205  -0.0204  -0.0204  -0.0205  -0.0208  -0.0212  -0.0217  -0.0223  -0.0227  -0.0224  -0.0202  -0.0134        0
        6|        0 -0.00583  -0.0109  -0.0144  -0.0166  -0.0178  -0.0185  -0.0189  -0.0191  -0.0192  -0.0193  -0.0194  -0.0195  -0.0196  -0.0196  -0.0194  -0.0188  -0.0172  -0.0139 -0.00804        0
        5|        0 -0.00434  -0.0085  -0.0117   -0.014  -0.0156  -0.0167  -0.0174  -0.0178  -0.0181  -0.0183  -0.0183  -0.0183  -0.0181  -0.0177   -0.017  -0.0157  -0.0136  -0.0103 -0.00548        0
        4|        0 -0.00349 -0.00698 -0.00992  -0.0122   -0.014  -0.0152  -0.0161  -0.0167  -0.0171  -0.0173  -0.0173  -0.0172  -0.0168  -0.0161  -0.0151  -0.0135  -0.0112 -0.00811 -0.00415        0
        3|        0 -0.00298 -0.00604 -0.00873   -0.011  -0.0128  -0.0141  -0.0151  -0.0158  -0.0163  -0.0165  -0.0165  -0.0162  -0.0157  -0.0149  -0.0137   -0.012 -0.00971 -0.00683 -0.00341        0
        2|        0 -0.00269 -0.00548 -0.00801  -0.0102   -0.012  -0.0134  -0.0145  -0.0152  -0.0157  -0.0159  -0.0159  -0.0156   -0.015  -0.0141  -0.0128   -0.011  -0.0088 -0.00609 -0.00301        0
        1|        0 -0.00261 -0.00543 -0.00796  -0.0101  -0.0119  -0.0133  -0.0144  -0.0151  -0.0155  -0.0156  -0.0155  -0.0151  -0.0144  -0.0133  -0.0119  -0.0102 -0.00802 -0.00549 -0.00266        0
        0|        0        0        0        0        0        0        0        0        0        0        0        0        0        0        0        0        0        0        0        0        0

G (22x12): 
         |        0        1        2        3        4        5        6        7        8        9       10       11       12       13       14       15       16       17       18       19       20       21
-------------------------------------------------------------------------------------------------------------------------------------------------------------------------------------------------------------------------
       10|        0        0        0        0        0        0        0        0        0        0        0        0        0        0        0        0        0        0        0        0        0        0
        9|  -0.0734   0.0726   0.0377   0.0199   0.0114  0.00693   0.0044  0.00287  0.00188   0.0012 0.000698 0.000268-0.000166-0.000623 -0.00123  -0.0022 -0.00399 -0.00779  -0.0167  -0.0391  -0.0856   0.0874
        8|  -0.0453   0.0448   0.0356   0.0234   0.0152     0.01  0.00666  0.00446  0.00294  0.00185 0.000993 0.000254-0.000473 -0.00132 -0.00242 -0.00403 -0.00663  -0.0112  -0.0201  -0.0376  -0.0638   0.0638
        7|  -0.0309   0.0306   0.0281   0.0211   0.0152   0.0107   0.0075  0.00518  0.00347  0.00216  0.00109  0.00012-0.000867 -0.00201 -0.00348 -0.00553 -0.00858  -0.0133  -0.0206  -0.0313  -0.0405   0.0405
        6|  -0.0222   0.0221   0.0217   0.0177   0.0136   0.0102  0.00743  0.00527  0.00359  0.00223  0.00107-9.09e-06 -0.00112  -0.0024 -0.00399 -0.00611   -0.009   -0.013  -0.0183  -0.0245  -0.0271   0.0271
        5|  -0.0164   0.0163   0.0166   0.0142   0.0115  0.00894  0.00673   0.0049  0.00338   0.0021 0.000971-0.000101 -0.00122 -0.00247 -0.00399 -0.00591 -0.00835  -0.0114   -0.015  -0.0185  -0.0191   0.0191
        4|  -0.0121    0.012   0.0125    0.011  0.00918  0.00735  0.00568   0.0042  0.00293  0.00182 0.000817-0.000156 -0.00116 -0.00228  -0.0036 -0.00518 -0.00708 -0.00929  -0.0117  -0.0137  -0.0136   0.0137
        3| -0.00859  0.00854  0.00897  0.00805  0.00687  0.00562  0.00441  0.00331  0.00233  0.00144 0.000623-0.000172-0.000998  -0.0019 -0.00294 -0.00413 -0.00551 -0.00702 -0.00853 -0.00977 -0.00948  0.00952
        2| -0.00561  0.00558  0.00591  0.00536  0.00463  0.00383  0.00304   0.0023  0.00162 0.000995 0.000411-0.000163-0.000752 -0.00139  -0.0021 -0.00291  -0.0038 -0.00474 -0.00564 -0.00635 -0.00608  0.00611
        1| -0.00293  0.00296  0.00318  0.00289   0.0025  0.00208  0.00166  0.00125 0.000871 0.000523  0.00019-0.000132-0.000465-0.000815  -0.0012 -0.00162 -0.00207 -0.00253 -0.00296 -0.00328 -0.00311   0.0031
        0|  -0.0128        0        0        0        0        0        0        0        0        0        0        0        0        0        0        0        0        0        0        0        0   0.0134

rhs (22x12): 
         |        0        1        2        3        4        5        6        7        8        9       10       11       12       13       14       15       16       17       18       19       20       21
-------------------------------------------------------------------------------------------------------------------------------------------------------------------------------------------------------------------------
       11|        0        0        0        0        0        0        0        0        0        0        0        0        0        0        0        0        0        0        0        0        0        0
       10|        0     1.33  -0.0757    0.106   0.0817   0.0495   0.0327   0.0198   0.0154  0.00994   0.0103   0.0085  0.00811  0.00752   0.0134   0.0196    0.039   0.0747    0.143    0.102    -2.94        0
        9|        0   -0.107    0.176    0.131   0.0737   0.0456   0.0261   0.0192   0.0109   0.0103  0.00588  0.00798  0.00872   0.0136   0.0163   0.0314   0.0581    0.132    0.297    0.475   0.0324        0
        8|        0  -0.0803   -0.021  -0.0111 -0.00168 -0.00184  0.00173-0.000668  0.00208-0.000607  0.00206-0.000587  0.00241-0.000181  0.00266 0.000216  0.00324 0.000917 0.000913  -0.0306  -0.0392        0
        7|        0   -0.032  -0.0123 -0.00565 -0.00512-0.000577 -0.00224 0.000985 -0.00141  0.00142 -0.00121   0.0015 -0.00123  0.00131  -0.0017 0.000273 -0.00399 -0.00497  -0.0158  -0.0251  -0.0203        0
        6|        0  -0.0193 -0.00426 -0.00534 -0.00109  -0.0027 0.000652 -0.00164  0.00127 -0.00129  0.00144 -0.00124  0.00139 -0.00143 0.000976 -0.00227-0.000684 -0.00545 -0.00629  -0.0124  0.00228        0
        5|        0  -0.0111 -0.00457 -0.00112 -0.00294 0.000407 -0.00182  0.00116 -0.00136  0.00143 -0.00122  0.00147 -0.00127  0.00131  -0.0016 0.000687 -0.00271 -0.00118 -0.00552 -0.00423  0.00427        0
        4|        0 -0.00996-0.000729 -0.00298 0.000243 -0.00199  0.00103 -0.00143  0.00141  -0.0012  0.00153 -0.00117  0.00148  -0.0013  0.00122 -0.00177 0.000434 -0.00297 -0.00121 -0.00459   0.0066        0
        3|        0 -0.00623 -0.00282 0.000166 -0.00214  0.00089 -0.00153  0.00135 -0.00121  0.00155  -0.0011  0.00158 -0.00114  0.00147 -0.00136  0.00109 -0.00196 0.000222 -0.00307-0.000799   0.0043        0
        2|        0  -0.0278  -0.0224   -0.023  -0.0174  -0.0168  -0.0107  -0.0102 -0.00455  -0.0046 0.000383-0.000357  0.00407  0.00292  0.00691  0.00523  0.00858  0.00619  0.00887  0.00609   0.0148        0
        1|        0    0.137     0.14    0.137    0.124    0.115   0.0973   0.0832   0.0623   0.0456   0.0226  0.00425  -0.0207  -0.0416  -0.0687  -0.0912   -0.119    -0.14   -0.163   -0.174   -0.174        0
        0|        0        0        0        0        0        0        0        0        0        0        0        0        0        0        0        0        0        0        0        0        0        0

