t: 1.48932
nCells: 20x10, dx: 0.1, dy: 0.1

u (22x12): 
         |        0        1        2        3        4        5        6        7        8        9       10       11       12       13       14       15       16       17       18       19       20
-------------------------------------------------------------------------------------------------------------------------------------------------------------------------------------------------------------------------
       11|        0     1.91     1.87     1.84     1.82     1.81      1.8      1.8     1.79     1.79     1.79     1.79     1.79     1.79     1.79     1.79      1.8     1.81     1.83     1.88        0
       10|        0   0.0855    0.134    0.163    0.181    0.193      0.2    0.206    0.209    0.212    0.213    0.214    0.215    0.214    0.213    0.211    0.207    0.197    0.174    0.118        0
        9|        0  -0.0324  -0.0348  -0.0306  -0.0259  -0.0219  -0.0188  -0.0165  -0.0149  -0.0138  -0.0132   -0.013  -0.0132  -0.0137  -0.0148  -0.0165  -0.0188  -0.0215  -0.0237  -0.0211        0
        8|        0  -0.0159   -0.026    -0.03  -0.0311  -0.0308  -0.0302  -0.0295  -0.0289  -0.0286  -0.0285  -0.0287  -0.0293  -0.0302  -0.0318  -0.0341  -0.0373  -0.0412  -0.0433  -0.0347        0
        7|        0 -0.00992  -0.0181  -0.0231  -0.0258   -0.027  -0.0275  -0.0277  -0.0278  -0.0278   -0.028  -0.0282  -0.0287  -0.0294  -0.0303  -0.0315  -0.0328  -0.0335  -0.0314   -0.022        0
        6|        0 -0.00692  -0.0135  -0.0182  -0.0214  -0.0234  -0.0247  -0.0254  -0.0259  -0.0262  -0.0265  -0.0268   -0.027  -0.0273  -0.0276  -0.0276  -0.0272  -0.0256  -0.0214  -0.0128        0
        5|        0 -0.00527  -0.0106   -0.015  -0.0182  -0.0206  -0.0222  -0.0234  -0.0242  -0.0247  -0.0251  -0.0253  -0.0253  -0.0253  -0.0249  -0.0242  -0.0227    -0.02  -0.0154 -0.00827        0
        4|        0 -0.00431 -0.00885  -0.0128  -0.0159  -0.0184  -0.0203  -0.0217  -0.0227  -0.0233  -0.0237  -0.0239  -0.0238  -0.0235  -0.0227  -0.0214  -0.0194  -0.0163  -0.0119 -0.00604        0
        3|        0 -0.00372 -0.00773  -0.0113  -0.0144  -0.0169  -0.0189  -0.0204  -0.0215  -0.0222  -0.0227  -0.0228  -0.0226   -0.022   -0.021  -0.0194  -0.0171   -0.014 -0.00985 -0.00486        0
        2|        0 -0.00341 -0.00706  -0.0104  -0.0134  -0.0159  -0.0179  -0.0195  -0.0207  -0.0214  -0.0219   -0.022  -0.0217   -0.021  -0.0198  -0.0181  -0.0157  -0.0126  -0.0087 -0.00423        0
        1|        0 -0.00338 -0.00727  -0.0108  -0.0138  -0.0163  -0.0183  -0.0197  -0.0207  -0.0213  -0.0215  -0.0213  -0.0208  -0.0198  -0.0184  -0.0165  -0.0141  -0.0111 -0.00755 -0.00359        0
        0|        0 -0.00268 -0.00573 -0.00859  -0.0111  -0.0134  -0.0152  -0.0166  -0.0177  -0.0184  -0.0188  -0.0188  -0.0184  -0.0176  -0.0164  -0.0147  -0.0125 -0.00978 -0.00667 -0.00328        0

v (22x12): 
         |        0        1        2        3        4        5        6        7        8        9       10       11       12       13       14       15       16       17       18       19       20       21
-------------------------------------------------------------------------------------------------------------------------------------------------------------------------------------------------------------------------
       10|        0        0        0        0        0        0        0        0        0        0        0        0        0        0        0        0        0        0        0        0        0        0
        9|   -0.085   0.0855    0.049   0.0287   0.0178   0.0116  0.00772  0.00524  0.00359  0.00246  0.00164  0.00101 0.000398-0.000238-0.000978 -0.00214 -0.00447 -0.00983  -0.0231  -0.0559   -0.118    0.116
        8|  -0.0528   0.0532   0.0466   0.0328   0.0226   0.0156   0.0108  0.00753  0.00521  0.00352  0.00224  0.00119 0.000231 -0.00079 -0.00205 -0.00383  -0.0068  -0.0126  -0.0252  -0.0534  -0.0969   0.0948
        7|  -0.0369   0.0372   0.0365   0.0288   0.0216   0.0158   0.0115  0.00821  0.00575  0.00386  0.00233  0.00099-0.000317 -0.00176  -0.0036 -0.00615  -0.0101  -0.0164  -0.0273  -0.0448  -0.0622   0.0608
        6|  -0.0271   0.0273   0.0283   0.0238   0.0189   0.0146   0.0109  0.00803   0.0057   0.0038  0.00219 0.000714-0.000772 -0.00246 -0.00455 -0.00737  -0.0113  -0.0171  -0.0252  -0.0354  -0.0402   0.0394
        5|  -0.0202   0.0204   0.0217    0.019   0.0157   0.0125   0.0097  0.00727  0.00521  0.00347  0.00192 0.000458 -0.00105 -0.00274  -0.0048 -0.00744  -0.0109  -0.0154   -0.021  -0.0268  -0.0275   0.0269
        4|  -0.0149   0.0151   0.0164   0.0147   0.0125   0.0102  0.00805  0.00612  0.00442  0.00292  0.00156 0.000236 -0.00113 -0.00266 -0.00446 -0.00669 -0.00943  -0.0127  -0.0164  -0.0197  -0.0192   0.0188
        3|  -0.0107   0.0108   0.0118   0.0108   0.0093  0.00773  0.00618  0.00474  0.00343  0.00225  0.00114 6.99e-05 -0.00105 -0.00229 -0.00372 -0.00541  -0.0074 -0.00965   -0.012  -0.0139  -0.0131   0.0129
        2| -0.00699  0.00706  0.00781  0.00716  0.00625  0.00522   0.0042  0.00323  0.00233  0.00149 0.000711-6.17e-05-0.000854 -0.00173  -0.0027 -0.00384 -0.00511 -0.00649 -0.00784 -0.00889 -0.00829  0.00816
        1| -0.00362  0.00366  0.00415  0.00378  0.00328  0.00274  0.00218  0.00165  0.00115 0.000701 0.000266 -0.00015-0.000583 -0.00104 -0.00155  -0.0021 -0.00272 -0.00336 -0.00397 -0.00441 -0.00407  0.00401
        0|  -0.0163   0.0165   0.0185   0.0176   0.0161   0.0142   0.0121  0.00974  0.00727  0.00471  0.00208 -0.00061 -0.00334 -0.00612 -0.00889  -0.0116  -0.0143  -0.0167  -0.0186  -0.0199  -0.0182    0.018

p (22x12): 
         |        0        1        2        3        4        5        6        7        8        9       10       11       12       13       14       15       16       17       18       19       20       21
-------------------------------------------------------------------------------------------------------------------------------------------------------------------------------------------------------------------------
       11|    -2.71    -2.71     -2.7     -2.7     -2.7     -2.7     -2.7    -2.69    -2.69    -2.69    -2.69    -2.69    -2.68    -2.68    -2.68    -2.68    -2.68    -2.67    -2.67    -2.66    -2.64    -2.64
       10|    -2.71    -2.71     -2.7     -2.7     -2.7     -2.7     -2.7    -2.69    -2.69    -2.69    -2.69    -2.69    -2.68    -2.68    -2.68    -2.68    -2.68    -2.67    -2.67    -2.66    -2.64    -2.64
        9|     -2.7     -2.7     -2.7     -2.7     -2.7     -2.7    -2.69    -2.69    -2.69    -2.69    -2.69    -2.69    -2.68    -2.68    -2.68    -2.68    -2.68    -2.67    -2.67    -2.66    -2.65    -2.65
        8|     -2.7     -2.7     -2.7     -2.7     -2.7     -2.7    -2.69    -2.69    -2.69    -2.69    -2.69    -2.69    -2.68    -2.68    -2.68    -2.68    -2.68    -2.67    -2.67    -2.67    -2.66    -2.66
        7|     -2.7     -2.7     -2.7     -2.7    -2.69    -2.69    -2.69    -2.69    -2.69    -2.69    -2.69    -2.68    -2.68    -2.68    -2.68    -2.68    -2.68    -2.67    -2.67    -2.67    -2.67    -2.67
        6|    -2.69    -2.69    -2.69    -2.69    -2.69    -2.69    -2.69    -2.69    -2.69    -2.69    -2.69    -2.68    -2.68    -2.68    -2.68    -2.68    -2.68    -2.67    -2.67    -2.67    -2.67    -2.67
        5|    -2.69    -2.69    -2.69    -2.69    -2.69    -2.69    -2.69    -2.69    -2.69    -2.69    -2.69    -2.68    -2.68    -2.68    -2.68    -2.68    -2.68    -2.67    -2.67    -2.67    -2.67    -2.67
        4|    -2.69    -2.69    -2.69    -2.69    -2.69    -2.69    -2.69    -2.69    -2.69    -2.69    -2.69    -2.68    -2.68    -2.68    -2.68    -2.68    -2.68    -2.68    -2.67    -2.67    -2.67    -2.67
        3|    -2.69    -2.69    -2.69    -2.69    -2.69    -2.69    -2.69    -2.69    -2.69    -2.69    -2.69    -2.68    -2.68    -2.68    -2.68    -2.68    -2.68    -2.68    -2.67    -2.67    -2.67    -2.67
        2|    -2.69    -2.69    -2.69    -2.69    -2.69    -2.69    -2.69    -2.69    -2.69    -2.69    -2.69    -2.68    -2.68    -2.68    -2.68    -2.68    -2.68    -2.68    -2.68    -2.67    -2.67    -2.67
        1|    -2.69    -2.69    -2.69    -2.69    -2.69    -2.69    -2.69    -2.69    -2.69    -2.69    -2.69    -2.68    -2.68    -2.68    -2.68    -2.68    -2.68    -2.68    -2.68    -2.67    -2.67    -2.67
        0|    -2.69    -2.69    -2.69    -2.69    -2.69    -2.69    -2.69    -2.69    -2.69    -2.69    -2.68    -2.68    -2.68    -2.68    -2.68    -2.68    -2.68    -2.68    -2.68    -2.68    -2.68    -2.68

F (22x12): 
         |        0        1        2        3        4        5        6        7        8        9       10       11       12       13       14       15       16       17       18       19       20
-------------------------------------------------------------------------------------------------------------------------------------------------------------------------------------------------------------------------
       11|        0     1.91     1.87     1.84     1.82     1.81      1.8      1.8     1.79     1.79     1.79     1.79     1.79     1.79     1.79     1.79      1.8     1.81     1.83     1.88        0
       10|        0   0.0868    0.135    0.164    0.182    0.193    0.201    0.206     0.21    0.212    0.214    0.215    0.215    0.215    0.214    0.212    0.208    0.198    0.177    0.123        0
        9|        0  -0.0322  -0.0344  -0.0302  -0.0254  -0.0214  -0.0183   -0.016  -0.0144  -0.0133  -0.0127  -0.0126  -0.0127  -0.0133  -0.0143   -0.016  -0.0182  -0.0206   -0.022  -0.0187        0
        8|        0  -0.0159  -0.0258  -0.0297  -0.0307  -0.0304  -0.0297  -0.0291  -0.0285  -0.0282  -0.0281  -0.0283  -0.0288  -0.0298  -0.0313  -0.0335  -0.0367  -0.0404  -0.0422  -0.0337        0
        7|        0 -0.00987   -0.018  -0.0229  -0.0255  -0.0267  -0.0272  -0.0273  -0.0274  -0.0274  -0.0275  -0.0278  -0.0282  -0.0289  -0.0298   -0.031  -0.0322  -0.0328  -0.0307  -0.0214        0
        6|        0 -0.00688  -0.0134  -0.0181  -0.0212  -0.0231  -0.0243  -0.0251  -0.0255  -0.0259  -0.0261  -0.0264  -0.0266  -0.0269  -0.0271  -0.0272  -0.0267  -0.0251  -0.0209  -0.0125        0
        5|        0 -0.00524  -0.0105  -0.0148   -0.018  -0.0203  -0.0219   -0.023  -0.0238  -0.0243  -0.0247  -0.0249  -0.0249  -0.0248  -0.0245  -0.0237  -0.0223  -0.0196   -0.015  -0.0081        0
        4|        0 -0.00427 -0.00876  -0.0126  -0.0158  -0.0182    -0.02  -0.0214  -0.0223   -0.023  -0.0234  -0.0235  -0.0234  -0.0231  -0.0223   -0.021   -0.019   -0.016  -0.0116 -0.00593        0
        3|        0 -0.00369 -0.00765  -0.0112  -0.0142  -0.0167  -0.0186  -0.0201  -0.0212  -0.0219  -0.0223  -0.0224  -0.0222  -0.0217  -0.0206  -0.0191  -0.0168  -0.0137 -0.00966 -0.00477        0
        2|        0 -0.00338 -0.00698  -0.0103  -0.0132  -0.0157  -0.0177  -0.0192  -0.0204  -0.0211  -0.0216  -0.0216  -0.0213  -0.0207  -0.0195  -0.0178  -0.0154  -0.0124 -0.00854 -0.00415        0
        1|        0 -0.00336  -0.0072  -0.0107  -0.0136  -0.0161   -0.018  -0.0194  -0.0204   -0.021  -0.0212   -0.021  -0.0204  -0.0194  -0.0181  -0.0162  -0.0138  -0.0109 -0.00739 -0.00352        0
        0|        0        0        0        0        0        0        0        0        0        0        0        0        0        0        0        0        0        0        0        0        0

G (22x12): 
         |        0        1        2        3        4        5        6        7        8        9       10       11       12       13       14       15       16       17       18       19       20       21
-------------------------------------------------------------------------------------------------------------------------------------------------------------------------------------------------------------------------
       10|        0        0        0        0        0        0        0        0        0        0        0        0        0        0        0        0        0        0        0        0        0        0
        9|   -0.085   0.0841   0.0486   0.0284   0.0176   0.0114  0.00756  0.00513   0.0035  0.00239  0.00159 0.000963 0.000362 -0.00026-0.000989 -0.00213  -0.0044 -0.00957  -0.0223   -0.054   -0.113    0.116
        8|  -0.0528   0.0523   0.0458   0.0322   0.0221   0.0152   0.0105   0.0073  0.00505   0.0034  0.00214  0.00111 0.000163-0.000853 -0.00211 -0.00391 -0.00689  -0.0126  -0.0252  -0.0528  -0.0949   0.0948
        7|  -0.0369   0.0367    0.036   0.0283   0.0211   0.0155   0.0112  0.00799  0.00559  0.00373  0.00223 0.000911 -0.00038 -0.00182 -0.00364 -0.00618  -0.0101  -0.0164  -0.0271  -0.0443  -0.0611   0.0608
        6|  -0.0271   0.0269   0.0279   0.0234   0.0186   0.0143   0.0107  0.00784  0.00555  0.00369   0.0021 0.000645-0.000822 -0.00249 -0.00456 -0.00735  -0.0113  -0.0169  -0.0249  -0.0348  -0.0394   0.0394
        5|  -0.0202   0.0201   0.0214   0.0187   0.0155   0.0123   0.0095  0.00711  0.00508  0.00337  0.00184 0.000402 -0.00108 -0.00275 -0.00479 -0.00739  -0.0108  -0.0153  -0.0207  -0.0263  -0.0269   0.0269
        4|  -0.0149   0.0149   0.0161   0.0145   0.0123     0.01   0.0079  0.00599  0.00432  0.00284   0.0015 0.000195 -0.00115 -0.00266 -0.00444 -0.00663 -0.00933  -0.0126  -0.0162  -0.0194  -0.0188   0.0188
        3|  -0.0107   0.0106   0.0116   0.0106  0.00915   0.0076  0.00607  0.00465  0.00336  0.00219   0.0011 4.25e-05 -0.00106 -0.00228 -0.00369 -0.00535 -0.00731 -0.00952  -0.0118  -0.0136  -0.0129   0.0129
        2| -0.00699  0.00695   0.0077  0.00705  0.00615  0.00514  0.00413  0.00317  0.00228  0.00146 0.000686-7.54e-05-0.000857 -0.00172 -0.00268 -0.00379 -0.00505  -0.0064 -0.00773 -0.00875 -0.00813  0.00816
        1| -0.00362  0.00368  0.00418  0.00381   0.0033  0.00275  0.00219  0.00166  0.00116 0.000702 0.000265-0.000153-0.000586 -0.00104 -0.00155  -0.0021 -0.00271 -0.00334 -0.00394 -0.00438 -0.00403  0.00401
        0|  -0.0163        0        0        0        0        0        0        0        0        0        0        0        0        0        0        0        0        0        0        0        0    0.018

rhs (22x12): 
         |        0        1        2        3        4        5        6        7        8        9       10       11       12       13       14       15       16       17       18       19       20       21
-------------------------------------------------------------------------------------------------------------------------------------------------------------------------------------------------------------------------
       11|        0        0        0        0        0        0        0        0        0        0        0        0        0        0        0        0        0        0        0        0        0        0
       10|        0     1.06   -0.205   0.0996    0.112   0.0816   0.0613   0.0402    0.032   0.0206   0.0197   0.0146   0.0195   0.0115   0.0197   0.0289   0.0637     0.13    0.247    0.107    -3.72        0
        9|        0   -0.146    0.212    0.186     0.12   0.0836   0.0521   0.0401   0.0239   0.0218   0.0123   0.0154  0.00998    0.023   0.0255   0.0522    0.103     0.25    0.559    0.832   0.0497        0
        8|        0  -0.0934  -0.0265  -0.0159-0.000755 -0.00198  0.00439-0.000437  0.00461 -0.00066  0.00431-0.000902   0.0045 8.76e-05   0.0057   0.0017  0.00981   0.0138   0.0371 -0.00404  -0.0617        0
        7|        0  -0.0374   -0.018 -0.00807 -0.00857-0.000617 -0.00407  0.00196 -0.00264  0.00274 -0.00225  0.00289 -0.00223  0.00266 -0.00298 0.000934 -0.00702   -0.009  -0.0315  -0.0567  -0.0675        0
        6|        0  -0.0244 -0.00575 -0.00885 -0.00144 -0.00487  0.00134 -0.00309  0.00243 -0.00246  0.00277 -0.00232   0.0027 -0.00265  0.00195 -0.00423 -0.00136  -0.0111  -0.0144  -0.0278  -0.0103        0
        5|        0  -0.0131 -0.00752 -0.00141 -0.00523  0.00095  -0.0034  0.00222 -0.00258  0.00273  -0.0023  0.00284 -0.00238  0.00254 -0.00297  0.00136 -0.00521 -0.00265  -0.0116 -0.00945  0.00124        0
        4|        0  -0.0132-0.000703 -0.00525 0.000703 -0.00369    0.002 -0.00272  0.00267 -0.00229  0.00292 -0.00219  0.00285 -0.00243  0.00238 -0.00332 0.000815 -0.00584 -0.00278 -0.00934  0.00806        0
        3|        0  -0.0072 -0.00492 0.000613 -0.00393  0.00176 -0.00291  0.00256 -0.00233  0.00295  -0.0021  0.00304 -0.00215  0.00285 -0.00253  0.00214 -0.00372 0.000342 -0.00609 -0.00182  0.00459        0
        2|        0  -0.0388  -0.0335  -0.0356   -0.026  -0.0261  -0.0158   -0.016 -0.00635  -0.0075    0.001 -0.00135  0.00613  0.00302  0.00971  0.00563   0.0112  0.00578   0.0102  0.00438   0.0183        0
        1|        0    0.123    0.129    0.131     0.12    0.116   0.0996   0.0908   0.0699   0.0573   0.0329   0.0172  -0.0109  -0.0314  -0.0642  -0.0889   -0.125    -0.15   -0.181   -0.195   -0.193        0
        0|        0        0        0        0        0        0        0        0        0        0        0        0        0        0        0        0        0        0        0        0        0        0

