t: 0.403569
nCells: 20x10, dx: 0.1, dy: 0.1

u (22x12): 
         |        0        1        2        3        4        5        6        7        8        9       10       11       12       13       14       15       16       17       18       19       20
-------------------------------------------------------------------------------------------------------------------------------------------------------------------------------------------------------------------------
       11|        0  -0.0011  -0.0022 -0.00319 -0.00404 -0.00473 -0.00527 -0.00567 -0.00594  -0.0061 -0.00615  -0.0061 -0.00594 -0.00567 -0.00527 -0.00473 -0.00404  -0.0032 -0.00221 -0.00111        0
       10|        0-0.000921 -0.00184 -0.00268 -0.00342 -0.00404 -0.00453 -0.00491 -0.00518 -0.00534 -0.00539 -0.00534 -0.00519 -0.00493 -0.00456 -0.00406 -0.00344  -0.0027 -0.00186-0.000932        0
        9|        0-0.000782 -0.00156 -0.00229 -0.00293 -0.00348 -0.00393 -0.00428 -0.00453 -0.00468 -0.00473 -0.00468 -0.00454  -0.0043 -0.00395  -0.0035 -0.00295  -0.0023 -0.00158-0.000789        0
        8|        0-0.000672 -0.00135 -0.00197 -0.00254 -0.00303 -0.00344 -0.00375 -0.00398 -0.00412 -0.00417 -0.00412 -0.00399 -0.00376 -0.00345 -0.00304 -0.00255 -0.00199 -0.00135-0.000677        0
        7|        0-0.000585 -0.00117 -0.00172 -0.00222 -0.00266 -0.00303 -0.00331 -0.00352 -0.00365 -0.00369 -0.00365 -0.00353 -0.00332 -0.00304 -0.00267 -0.00223 -0.00173 -0.00118-0.000588        0
        6|        0-0.000516 -0.00104 -0.00152 -0.00197 -0.00236 -0.00269 -0.00296 -0.00315 -0.00326  -0.0033 -0.00326 -0.00315 -0.00296  -0.0027 -0.00237 -0.00198 -0.00153 -0.00104-0.000519        0
        5|        0-0.000462-0.000928 -0.00137 -0.00177 -0.00213 -0.00243 -0.00267 -0.00284 -0.00295 -0.00299 -0.00295 -0.00285 -0.00267 -0.00243 -0.00213 -0.00178 -0.00137-0.000932-0.000464        0
        4|        0-0.000422-0.000847 -0.00125 -0.00162 -0.00195 -0.00223 -0.00245 -0.00261 -0.00271 -0.00274 -0.00271 -0.00261 -0.00245 -0.00223 -0.00195 -0.00162 -0.00125 -0.00085-0.000423        0
        3|        0-0.000392-0.000789 -0.00116 -0.00151 -0.00182 -0.00208 -0.00229 -0.00244 -0.00253 -0.00256 -0.00253 -0.00244 -0.00229 -0.00208 -0.00182 -0.00151 -0.00117-0.000791-0.000394        0
        2|        0-0.000374-0.000751 -0.00111 -0.00144 -0.00173 -0.00198 -0.00218 -0.00233 -0.00242 -0.00245 -0.00242 -0.00233 -0.00218 -0.00198 -0.00174 -0.00144 -0.00111-0.000753-0.000375        0
        1|        0-0.000352-0.000707 -0.00104 -0.00136 -0.00163 -0.00187 -0.00206 -0.00219 -0.00228 -0.00231 -0.00228  -0.0022 -0.00206 -0.00187 -0.00163 -0.00136 -0.00105-0.000709-0.000353        0
        0|        0 0.000331 0.000664  0.00098  0.00127  0.00153  0.00175  0.00193  0.00206  0.00214  0.00216  0.00214  0.00206  0.00193  0.00175  0.00153  0.00127 0.000982 0.000666 0.000331        0

v (22x12): 
         |        0        1        2        3        4        5        6        7        8        9       10       11       12       13       14       15       16       17       18       19       20       21
-------------------------------------------------------------------------------------------------------------------------------------------------------------------------------------------------------------------------
       10| -0.00514  0.00548   0.0055  0.00515  0.00465  0.00405  0.00338  0.00266  0.00191  0.00116 0.000397-0.000367 -0.00113 -0.00189 -0.00264 -0.00337 -0.00405 -0.00466 -0.00517 -0.00553 -0.00551  0.00517
        9| -0.00428  0.00456  0.00458  0.00431  0.00392  0.00343  0.00288  0.00228  0.00165    0.001 0.000342-0.000319-0.000978 -0.00163 -0.00226 -0.00287 -0.00343 -0.00392 -0.00432  -0.0046 -0.00458  0.00429
        8| -0.00354  0.00378   0.0038  0.00359  0.00327  0.00288  0.00243  0.00193   0.0014 0.000851 0.000291-0.000273-0.000835 -0.00139 -0.00192 -0.00242 -0.00288 -0.00328  -0.0036 -0.00382 -0.00379  0.00355
        7| -0.00291   0.0031  0.00313  0.00296  0.00271  0.00239  0.00202  0.00161  0.00117 0.000714 0.000244 -0.00023-0.000702 -0.00116  -0.0016 -0.00202 -0.00239 -0.00271 -0.00296 -0.00314 -0.00311  0.00292
        6| -0.00236  0.00252  0.00254  0.00241  0.00221  0.00195  0.00166  0.00132 0.000965 0.000588 0.000201-0.000191-0.000578-0.000957 -0.00132 -0.00165 -0.00195 -0.00221 -0.00241 -0.00255 -0.00253  0.00237
        5| -0.00188    0.002  0.00202  0.00192  0.00176  0.00156  0.00133  0.00106 0.000774 0.000472 0.000161-0.000153-0.000465-0.000768 -0.00106 -0.00132 -0.00156 -0.00176 -0.00192 -0.00203 -0.00201  0.00188
        4| -0.00145  0.00154  0.00156  0.00147  0.00136   0.0012  0.00102 0.000821   0.0006 0.000366 0.000125-0.000119-0.000361-0.000595-0.000818 -0.00102  -0.0012 -0.00136 -0.00148 -0.00156 -0.00154  0.00145
        3| -0.00105  0.00112  0.00113  0.00107 0.000986 0.000877 0.000746 0.000599 0.000437 0.000267 9.08e-05 -8.7e-05-0.000264-0.000434-0.000596-0.000745-0.000876-0.000987 -0.00107 -0.00113 -0.00112  0.00105
        2|-0.000681 0.000726 0.000733 0.000696 0.000641  0.00057 0.000485 0.000389 0.000285 0.000174 5.93e-05-5.69e-05-0.000171-0.000283-0.000388-0.000484-0.000569-0.000641-0.000696-0.000734-0.000727 0.000682
        1|-0.000331 0.000352 0.000356 0.000338 0.000311 0.000277 0.000236 0.000189 0.000138 8.47e-05 2.87e-05-2.74e-05-8.35e-05-0.000137-0.000188-0.000235-0.000276-0.000311-0.000338-0.000356-0.000352 0.000331
        0|        0        0        0        0        0        0        0        0        0        0        0        0        0        0        0        0        0        0        0        0        0        0

p (22x12): 
         |        0        1        2        3        4        5        6        7        8        9       10       11       12       13       14       15       16       17       18       19       20       21
-------------------------------------------------------------------------------------------------------------------------------------------------------------------------------------------------------------------------
       11|  -0.0507  -0.0507  -0.0505  -0.0499  -0.0491  -0.0481  -0.0469  -0.0456  -0.0442  -0.0427  -0.0411  -0.0396   -0.038  -0.0365   -0.035  -0.0337  -0.0324  -0.0314  -0.0306    -0.03  -0.0297  -0.0297
       10|  -0.0493  -0.0493   -0.049  -0.0486  -0.0479  -0.0471  -0.0461  -0.0449  -0.0437  -0.0424   -0.041  -0.0396  -0.0383   -0.037  -0.0357  -0.0346  -0.0335  -0.0326   -0.032  -0.0315  -0.0313  -0.0313
        9|  -0.0481  -0.0481  -0.0479  -0.0475  -0.0469  -0.0462  -0.0453  -0.0443  -0.0432  -0.0421  -0.0409  -0.0397  -0.0385  -0.0374  -0.0363  -0.0353  -0.0344  -0.0336  -0.0331  -0.0327  -0.0325  -0.0325
        8|  -0.0471  -0.0471  -0.0469  -0.0466  -0.0461  -0.0455  -0.0447  -0.0438  -0.0429  -0.0419  -0.0408  -0.0398  -0.0387  -0.0377  -0.0368  -0.0359  -0.0351  -0.0345   -0.034  -0.0336  -0.0335  -0.0335
        7|  -0.0463  -0.0463  -0.0461  -0.0458  -0.0454  -0.0448  -0.0442  -0.0434  -0.0426  -0.0417  -0.0408  -0.0398  -0.0389   -0.038  -0.0372  -0.0364  -0.0357  -0.0352  -0.0347  -0.0344  -0.0343  -0.0343
        6|  -0.0456  -0.0456  -0.0455  -0.0452  -0.0448  -0.0444  -0.0438  -0.0431  -0.0423  -0.0415  -0.0407  -0.0399  -0.0391  -0.0383  -0.0375  -0.0368  -0.0362  -0.0357  -0.0353  -0.0351  -0.0349  -0.0349
        5|  -0.0451  -0.0451   -0.045  -0.0447  -0.0444   -0.044  -0.0434  -0.0428  -0.0421  -0.0414  -0.0407  -0.0399  -0.0392  -0.0384  -0.0378  -0.0372  -0.0366  -0.0362  -0.0358  -0.0356  -0.0355  -0.0355
        4|  -0.0447  -0.0447  -0.0446  -0.0444  -0.0441  -0.0437  -0.0432  -0.0426   -0.042  -0.0413  -0.0406  -0.0399  -0.0393  -0.0386   -0.038  -0.0374  -0.0369  -0.0365  -0.0362   -0.036  -0.0359  -0.0359
        3|  -0.0444  -0.0444  -0.0443  -0.0441  -0.0438  -0.0434   -0.043  -0.0424  -0.0419  -0.0413  -0.0406    -0.04  -0.0393  -0.0387  -0.0381  -0.0376  -0.0371  -0.0368  -0.0365  -0.0363  -0.0362  -0.0362
        2|  -0.0442  -0.0442  -0.0441  -0.0439  -0.0436  -0.0433  -0.0429  -0.0424  -0.0418  -0.0412  -0.0406    -0.04  -0.0394  -0.0388  -0.0382  -0.0377  -0.0373  -0.0369  -0.0366  -0.0364  -0.0364  -0.0364
        1|  -0.0441  -0.0441   -0.044  -0.0438  -0.0436  -0.0432  -0.0428  -0.0423  -0.0418  -0.0412  -0.0406    -0.04  -0.0394  -0.0388  -0.0383  -0.0378  -0.0373   -0.037  -0.0367  -0.0365  -0.0364  -0.0364
        0|  -0.0441  -0.0441   -0.044  -0.0438  -0.0436  -0.0432  -0.0428  -0.0423  -0.0418  -0.0412  -0.0406    -0.04  -0.0394  -0.0388  -0.0383  -0.0378  -0.0373   -0.037  -0.0367  -0.0365  -0.0364  -0.0364

F (22x12): 
         |        0        1        2        3        4        5        6        7        8        9       10       11       12       13       14       15       16       17       18       19       20
-------------------------------------------------------------------------------------------------------------------------------------------------------------------------------------------------------------------------
       11|        0        0        0        0        0        0        0        0        0        0        0        0        0        0        0        0        0        0        0        0        0
       10|        0-0.000865 -0.00172 -0.00251  -0.0032 -0.00378 -0.00424  -0.0046 -0.00485 -0.00499 -0.00504   -0.005 -0.00486 -0.00461 -0.00426  -0.0038 -0.00322 -0.00253 -0.00174-0.000874        0
        9|        0-0.000734 -0.00147 -0.00214 -0.00275 -0.00326 -0.00368 -0.00401 -0.00424 -0.00438 -0.00443 -0.00438 -0.00425 -0.00402  -0.0037 -0.00328 -0.00276 -0.00216 -0.00148 -0.00074        0
        8|        0-0.000631 -0.00126 -0.00185 -0.00238 -0.00284 -0.00322 -0.00351 -0.00373 -0.00385  -0.0039 -0.00386 -0.00373 -0.00352 -0.00323 -0.00285 -0.00239 -0.00186 -0.00127-0.000635        0
        7|        0-0.000549  -0.0011 -0.00161 -0.00208 -0.00249 -0.00283  -0.0031  -0.0033 -0.00341 -0.00345 -0.00342  -0.0033 -0.00311 -0.00284  -0.0025 -0.00209 -0.00162  -0.0011-0.000551        0
        6|        0-0.000484 -0.00097 -0.00143 -0.00185 -0.00221 -0.00252 -0.00277 -0.00294 -0.00305 -0.00309 -0.00305 -0.00295 -0.00277 -0.00253 -0.00222 -0.00185 -0.00143-0.000974-0.000486        0
        5|        0-0.000434 -0.00087 -0.00128 -0.00166 -0.00199 -0.00227  -0.0025 -0.00266 -0.00276 -0.00279 -0.00276 -0.00266  -0.0025 -0.00228   -0.002 -0.00166 -0.00129-0.000873-0.000435        0
        4|        0-0.000396-0.000794 -0.00117 -0.00152 -0.00182 -0.00208 -0.00229 -0.00244 -0.00253 -0.00257 -0.00254 -0.00244 -0.00229 -0.00209 -0.00183 -0.00152 -0.00117-0.000796-0.000397        0
        3|        0-0.000368-0.000739 -0.00109 -0.00141  -0.0017 -0.00194 -0.00214 -0.00228 -0.00237  -0.0024 -0.00237 -0.00228 -0.00214 -0.00195  -0.0017 -0.00142 -0.00109-0.000741-0.000369        0
        2|        0-0.000351-0.000703 -0.00104 -0.00135 -0.00162 -0.00185 -0.00204 -0.00218 -0.00226 -0.00229 -0.00226 -0.00218 -0.00204 -0.00186 -0.00162 -0.00135 -0.00104-0.000705-0.000351        0
        1|        0-0.000329-0.000661-0.000976 -0.00127 -0.00152 -0.00174 -0.00192 -0.00205 -0.00213 -0.00215 -0.00213 -0.00205 -0.00192 -0.00175 -0.00153 -0.00127-0.000977-0.000662 -0.00033        0
        0|        0 0.000331 0.000664  0.00098  0.00127  0.00153  0.00175  0.00193  0.00206  0.00214  0.00216  0.00214  0.00206  0.00193  0.00175  0.00153  0.00127 0.000982 0.000666 0.000331        0

G (22x12): 
         |        0        1        2        3        4        5        6        7        8        9       10       11       12       13       14       15       16       17       18       19       20       21
-------------------------------------------------------------------------------------------------------------------------------------------------------------------------------------------------------------------------
       10| -0.00514  0.00511  0.00514  0.00481  0.00435  0.00378  0.00315  0.00248  0.00178  0.00108 0.000367-0.000345 -0.00106 -0.00176 -0.00246 -0.00314 -0.00378 -0.00435 -0.00482 -0.00515 -0.00512  0.00517
        9| -0.00428  0.00425  0.00429  0.00403  0.00366  0.00321  0.00269  0.00213  0.00154 0.000933 0.000318  -0.0003-0.000917 -0.00153 -0.00212 -0.00269 -0.00321 -0.00367 -0.00404 -0.00431 -0.00427  0.00429
        8| -0.00354  0.00352  0.00356  0.00335  0.00306  0.00269  0.00227   0.0018  0.00131 0.000794 0.000271-0.000257-0.000782  -0.0013  -0.0018 -0.00227 -0.00269 -0.00307 -0.00336 -0.00357 -0.00354  0.00355
        7| -0.00291   0.0029  0.00293  0.00277  0.00253  0.00224  0.00189  0.00151   0.0011 0.000667 0.000227-0.000217-0.000657 -0.00109  -0.0015 -0.00189 -0.00224 -0.00254 -0.00277 -0.00294 -0.00291  0.00292
        6| -0.00236  0.00235  0.00238  0.00225  0.00206  0.00183  0.00155  0.00124 0.000902 0.000549 0.000187-0.000179-0.000542-0.000896 -0.00123 -0.00155 -0.00183 -0.00207 -0.00225 -0.00238 -0.00236  0.00237
        5| -0.00188  0.00187  0.00189  0.00179  0.00165  0.00146  0.00124 0.000992 0.000724 0.000441  0.00015-0.000144-0.000436-0.000719-0.000989 -0.00124 -0.00146 -0.00165  -0.0018  -0.0019 -0.00187  0.00188
        4| -0.00145  0.00144  0.00146  0.00138  0.00127  0.00113 0.000958 0.000768 0.000561 0.000342 0.000116-0.000112-0.000338-0.000558-0.000765-0.000957 -0.00113 -0.00127 -0.00138 -0.00146 -0.00144  0.00145
        3| -0.00105  0.00104  0.00106    0.001 0.000923 0.000821 0.000698  0.00056 0.000409  0.00025 8.47e-05-8.18e-05-0.000247-0.000407-0.000558-0.000697 -0.00082-0.000924   -0.001 -0.00106 -0.00105  0.00105
        2|-0.000681 0.000678 0.000687 0.000652   0.0006 0.000533 0.000454 0.000364 0.000267 0.000163 5.53e-05-5.34e-05-0.000161-0.000265-0.000363-0.000454-0.000533  -0.0006-0.000652-0.000688-0.000679 0.000682
        1|-0.000331 0.000329 0.000333 0.000317 0.000292 0.000259 0.000221 0.000177  0.00013 7.93e-05 2.68e-05-2.58e-05-7.83e-05-0.000129-0.000177 -0.00022-0.000259-0.000292-0.000317-0.000334 -0.00033 0.000331
        0|        0        0        0        0        0        0        0        0        0        0        0        0        0        0        0        0        0        0        0        0        0        0

rhs (22x12): 
         |        0        1        2        3        4        5        6        7        8        9       10       11       12       13       14       15       16       17       18       19       20       21
-------------------------------------------------------------------------------------------------------------------------------------------------------------------------------------------------------------------------
       11|        0        0        0        0        0        0        0        0        0        0        0        0        0        0        0        0        0        0        0        0        0        0
       10|        0 -0.00502 -0.00307 -0.00326  -0.0028 -0.00284 -0.00224 -0.00213 -0.00138 -0.00112 -0.00024 0.000135  0.00117  0.00173  0.00293  0.00364  0.00493  0.00562  0.00677  0.00713  0.00917        0
        9|        0 -0.00141-0.000214 7.43e-05-0.000202 8.95e-05-0.000187 0.000104-0.000175 0.000113 -0.00017 0.000109-0.000177 0.000102-0.000188 8.81e-05-0.000204 7.06e-05-0.000221 6.05e-05  0.00134        0
        8|        0 -0.00138 9.88e-05-0.000182 0.000107-0.000171 0.000119 -0.00016 0.000128-0.000153 0.000132-0.000156 0.000126-0.000161 0.000118-0.000172 0.000106-0.000185 9.37e-05-0.000192  0.00137        0
        7|        0-0.000985-0.000166 0.000121-0.000159  0.00013-0.000149 0.000139-0.000141 0.000145-0.000137 0.000143-0.000142 0.000139-0.000149  0.00013-0.000159 0.000119-0.000169 0.000114  0.00101        0
        6|        0 -0.00105 0.000132 -0.00015 0.000138-0.000142 0.000147-0.000133 0.000154-0.000128 0.000157-0.000129 0.000153-0.000133 0.000147-0.000141 0.000138 -0.00015  0.00013-0.000156  0.00111        0
        5|        0 -0.00073-0.000143 0.000143-0.000137 0.000151-0.000129 0.000159-0.000122 0.000164-0.000119 0.000163-0.000122 0.000159-0.000128 0.000152-0.000136 0.000144-0.000144 0.000139 0.000802        0
        4|        0-0.000861 0.000147-0.000135 0.000153-0.000127 0.000161 -0.00012 0.000168-0.000114 0.000171-0.000115 0.000168-0.000118 0.000162-0.000126 0.000154-0.000134 0.000147-0.000139 0.000944        0
        3|        0-0.000588-0.000133 0.000154-0.000127 0.000161-0.000119 0.000168-0.000113 0.000173 -0.00011 0.000174-0.000112  0.00017-0.000117 0.000163-0.000125 0.000155-0.000132  0.00015 0.000679        0
        2|        0-0.000763 0.000155-0.000128  0.00016-0.000121 0.000167-0.000114 0.000174-0.000109 0.000177-0.000108 0.000175-0.000112 0.000169-0.000118 0.000162-0.000126 0.000155-0.000131  0.00086        0
        1|        0 0.000157 0.000613 0.000795 0.000534 0.000686 0.000399 0.000528 0.000222 0.000336 1.87e-05 0.000126-0.000193-8.39e-05-0.000396-0.000274-0.000569-0.000424-0.000692-0.000514 1.44e-05        0
        0|        0        0        0        0        0        0        0        0        0        0        0        0        0        0        0        0        0        0        0        0        0        0

