t: 0.556708
nCells: 20x10, dx: 0.1, dy: 0.1

u (22x12): 
         |        0        1        2        3        4        5        6        7        8        9       10       11       12       13       14       15       16       17       18       19       20
-------------------------------------------------------------------------------------------------------------------------------------------------------------------------------------------------------------------------
       11|        0  -0.0015 -0.00302 -0.00439 -0.00556 -0.00652 -0.00728 -0.00783 -0.00821 -0.00843 -0.00851 -0.00844 -0.00822 -0.00784 -0.00728 -0.00653 -0.00558 -0.00441 -0.00304 -0.00151        0
       10|        0 -0.00125 -0.00251 -0.00367 -0.00469 -0.00555 -0.00625 -0.00677 -0.00715 -0.00737 -0.00745 -0.00739 -0.00718 -0.00683 -0.00631 -0.00563 -0.00477 -0.00374 -0.00256 -0.00128        0
        9|        0 -0.00106 -0.00214 -0.00314 -0.00403 -0.00479 -0.00542  -0.0059 -0.00625 -0.00646 -0.00654 -0.00648 -0.00628 -0.00595 -0.00547 -0.00485 -0.00408 -0.00319 -0.00217 -0.00108        0
        8|        0-0.000912 -0.00184 -0.00271 -0.00349 -0.00417 -0.00473 -0.00518 -0.00549 -0.00569 -0.00575  -0.0057 -0.00552 -0.00521 -0.00477 -0.00421 -0.00353 -0.00274 -0.00187-0.000927        0
        7|        0-0.000794  -0.0016 -0.00237 -0.00306 -0.00366 -0.00417 -0.00457 -0.00486 -0.00504  -0.0051 -0.00505 -0.00488 -0.00459  -0.0042 -0.00369 -0.00309 -0.00239 -0.00162-0.000804        0
        6|        0-0.000701 -0.00142 -0.00209 -0.00271 -0.00325 -0.00371 -0.00408 -0.00434  -0.0045 -0.00456 -0.00451 -0.00435 -0.00409 -0.00373 -0.00328 -0.00273 -0.00211 -0.00143-0.000709        0
        5|        0-0.000628 -0.00127 -0.00188 -0.00244 -0.00293 -0.00335 -0.00368 -0.00392 -0.00407 -0.00412 -0.00408 -0.00393 -0.00369 -0.00336 -0.00295 -0.00245 -0.00189 -0.00128-0.000634        0
        4|        0-0.000574 -0.00116 -0.00172 -0.00223 -0.00268 -0.00307 -0.00338  -0.0036 -0.00374 -0.00379 -0.00374 -0.00361 -0.00339 -0.00308  -0.0027 -0.00224 -0.00173 -0.00117-0.000578        0
        3|        0-0.000534 -0.00108  -0.0016 -0.00208  -0.0025 -0.00287 -0.00316 -0.00337  -0.0035 -0.00354  -0.0035 -0.00337 -0.00316 -0.00288 -0.00251 -0.00209 -0.00161 -0.00109-0.000537        0
        2|        0-0.000509 -0.00103 -0.00153 -0.00198 -0.00239 -0.00273 -0.00301 -0.00321 -0.00334 -0.00338 -0.00334 -0.00322 -0.00302 -0.00274  -0.0024 -0.00199 -0.00153 -0.00103-0.000511        0
        1|        0-0.000471-0.000956 -0.00142 -0.00184 -0.00222 -0.00254  -0.0028 -0.00299  -0.0031 -0.00314  -0.0031 -0.00299  -0.0028 -0.00255 -0.00222 -0.00185 -0.00142-0.000961-0.000474        0
        0|        0 0.000452 0.000916  0.00136  0.00176  0.00212  0.00243  0.00268  0.00286  0.00297  0.00301  0.00297  0.00286  0.00268  0.00244  0.00213  0.00177  0.00136  0.00092 0.000454        0

v (22x12): 
         |        0        1        2        3        4        5        6        7        8        9       10       11       12       13       14       15       16       17       18       19       20       21
-------------------------------------------------------------------------------------------------------------------------------------------------------------------------------------------------------------------------
       10| -0.00712  0.00744  0.00758  0.00711  0.00643  0.00561  0.00468  0.00369  0.00267  0.00162  0.00057-0.000488 -0.00155  -0.0026 -0.00364 -0.00465  -0.0056 -0.00646 -0.00716 -0.00766 -0.00753   0.0072
        9| -0.00592  0.00619  0.00632  0.00595  0.00541  0.00475  0.00399  0.00316  0.00229   0.0014 0.000489-0.000426 -0.00134 -0.00224 -0.00313 -0.00397 -0.00475 -0.00543 -0.00599 -0.00637 -0.00625  0.00598
        8| -0.00491  0.00513  0.00524  0.00495  0.00452  0.00398  0.00336  0.00268  0.00195  0.00119 0.000414-0.000367 -0.00114 -0.00191 -0.00265 -0.00335 -0.00398 -0.00454 -0.00498 -0.00528 -0.00517  0.00494
        7| -0.00403  0.00421  0.00431  0.00408  0.00374   0.0033   0.0028  0.00223  0.00163 0.000995 0.000345 -0.00031-0.000962  -0.0016 -0.00221 -0.00279  -0.0033 -0.00375  -0.0041 -0.00434 -0.00424  0.00406
        6| -0.00327  0.00342   0.0035  0.00332  0.00305   0.0027  0.00229  0.00183  0.00134 0.000818 0.000284-0.000257-0.000794 -0.00132 -0.00182 -0.00228  -0.0027 -0.00305 -0.00333 -0.00352 -0.00344  0.00329
        5|  -0.0026  0.00272  0.00279  0.00264  0.00243  0.00216  0.00183  0.00147  0.00107 0.000657 0.000227-0.000207-0.000639 -0.00106 -0.00146 -0.00183 -0.00216 -0.00243 -0.00265  -0.0028 -0.00273  0.00261
        4|   -0.002  0.00209  0.00214  0.00203  0.00187  0.00166  0.00142  0.00113 0.000831 0.000508 0.000176-0.000161-0.000495 -0.00082 -0.00113 -0.00141 -0.00166 -0.00187 -0.00204 -0.00215  -0.0021  0.00201
        3| -0.00145  0.00152  0.00155  0.00148  0.00136  0.00121  0.00103 0.000827 0.000605 0.000371 0.000128-0.000118-0.000361-0.000597-0.000821 -0.00103 -0.00121 -0.00136 -0.00148 -0.00156 -0.00152  0.00146
        2|-0.000939 0.000981  0.00101 0.000956 0.000881 0.000783 0.000668 0.000536 0.000393  0.00024 8.32e-05-7.68e-05-0.000234-0.000388-0.000532-0.000666-0.000783-0.000882-0.000958 -0.00101-0.000984 0.000942
        1|-0.000453 0.000472 0.000484 0.000461 0.000424 0.000378 0.000322 0.000259 0.000189 0.000116 3.99e-05-3.66e-05-0.000113-0.000187-0.000257 -0.00032-0.000377-0.000424-0.000461-0.000486-0.000474 0.000454
        0|        0        0        0        0        0        0        0        0        0        0        0        0        0        0        0        0        0        0        0        0        0        0

p (22x12): 
         |        0        1        2        3        4        5        6        7        8        9       10       11       12       13       14       15       16       17       18       19       20       21
-------------------------------------------------------------------------------------------------------------------------------------------------------------------------------------------------------------------------
       11|   -0.134   -0.134   -0.133   -0.133   -0.132   -0.131    -0.13   -0.129   -0.127   -0.126   -0.124   -0.123   -0.121    -0.12   -0.118   -0.117   -0.116   -0.115   -0.114   -0.113   -0.113   -0.113
       10|   -0.132   -0.132   -0.132   -0.132   -0.131    -0.13   -0.129   -0.128   -0.127   -0.126   -0.124   -0.123   -0.122    -0.12   -0.119   -0.118   -0.117   -0.116   -0.115   -0.115   -0.115   -0.115
        9|   -0.131   -0.131   -0.131    -0.13    -0.13   -0.129   -0.128   -0.127   -0.126   -0.125   -0.124   -0.123   -0.122   -0.121    -0.12   -0.119   -0.118   -0.117   -0.116   -0.116   -0.116   -0.116
        8|    -0.13    -0.13    -0.13    -0.13   -0.129   -0.129   -0.128   -0.127   -0.126   -0.125   -0.124   -0.123   -0.122   -0.121    -0.12   -0.119   -0.118   -0.118   -0.117   -0.117   -0.117   -0.117
        7|   -0.129   -0.129   -0.129   -0.129   -0.128   -0.128   -0.127   -0.127   -0.126   -0.125   -0.124   -0.123   -0.122   -0.121    -0.12    -0.12   -0.119   -0.119   -0.118   -0.118   -0.118   -0.118
        6|   -0.129   -0.129   -0.129   -0.128   -0.128   -0.127   -0.127   -0.126   -0.125   -0.125   -0.124   -0.123   -0.122   -0.122   -0.121    -0.12    -0.12   -0.119   -0.119   -0.118   -0.118   -0.118
        5|   -0.128   -0.128   -0.128   -0.128   -0.127   -0.127   -0.127   -0.126   -0.125   -0.125   -0.124   -0.123   -0.122   -0.122   -0.121    -0.12    -0.12   -0.119   -0.119   -0.119   -0.119   -0.119
        4|   -0.128   -0.128   -0.128   -0.127   -0.127   -0.127   -0.126   -0.126   -0.125   -0.124   -0.124   -0.123   -0.122   -0.122   -0.121   -0.121    -0.12    -0.12    -0.12   -0.119   -0.119   -0.119
        3|   -0.127   -0.127   -0.127   -0.127   -0.127   -0.127   -0.126   -0.126   -0.125   -0.124   -0.124   -0.123   -0.123   -0.122   -0.121   -0.121    -0.12    -0.12    -0.12    -0.12   -0.119   -0.119
        2|   -0.127   -0.127   -0.127   -0.127   -0.127   -0.126   -0.126   -0.125   -0.125   -0.124   -0.124   -0.123   -0.123   -0.122   -0.121   -0.121   -0.121    -0.12    -0.12    -0.12    -0.12    -0.12
        1|   -0.127   -0.127   -0.127   -0.127   -0.127   -0.126   -0.126   -0.125   -0.125   -0.124   -0.124   -0.123   -0.123   -0.122   -0.122   -0.121   -0.121    -0.12    -0.12    -0.12    -0.12    -0.12
        0|   -0.127   -0.127   -0.127   -0.127   -0.127   -0.126   -0.126   -0.125   -0.125   -0.124   -0.124   -0.123   -0.123   -0.122   -0.122   -0.121   -0.121    -0.12    -0.12    -0.12    -0.12    -0.12

F (22x12): 
         |        0        1        2        3        4        5        6        7        8        9       10       11       12       13       14       15       16       17       18       19       20
-------------------------------------------------------------------------------------------------------------------------------------------------------------------------------------------------------------------------
       11|        0        0        0        0        0        0        0        0        0        0        0        0        0        0        0        0        0        0        0        0        0
       10|        0  -0.0012  -0.0024 -0.00351 -0.00448  -0.0053 -0.00596 -0.00647 -0.00682 -0.00703 -0.00711 -0.00705 -0.00685 -0.00651 -0.00602 -0.00537 -0.00455 -0.00357 -0.00245 -0.00122        0
        9|        0 -0.00102 -0.00204   -0.003 -0.00385 -0.00458 -0.00518 -0.00564 -0.00597 -0.00617 -0.00624 -0.00618 -0.00599 -0.00567 -0.00522 -0.00462  -0.0039 -0.00304 -0.00208 -0.00103        0
        8|        0-0.000874 -0.00176 -0.00259 -0.00334 -0.00398 -0.00452 -0.00494 -0.00524 -0.00543 -0.00549 -0.00544 -0.00526 -0.00497 -0.00455 -0.00402 -0.00337 -0.00262 -0.00178-0.000886        0
        7|        0 -0.00076 -0.00153 -0.00226 -0.00292  -0.0035 -0.00398 -0.00436 -0.00464 -0.00481 -0.00487 -0.00482 -0.00465 -0.00438 -0.00401 -0.00352 -0.00295 -0.00228 -0.00155-0.000769        0
        6|        0-0.000671 -0.00136   -0.002 -0.00259 -0.00311 -0.00354 -0.00389 -0.00414  -0.0043 -0.00435  -0.0043 -0.00415 -0.00391 -0.00356 -0.00313 -0.00261 -0.00202 -0.00137-0.000678        0
        5|        0-0.000601 -0.00122  -0.0018 -0.00233  -0.0028  -0.0032 -0.00351 -0.00375 -0.00389 -0.00394 -0.00389 -0.00375 -0.00353 -0.00321 -0.00281 -0.00234 -0.00181 -0.00122-0.000606        0
        4|        0-0.000549 -0.00111 -0.00164 -0.00213 -0.00256 -0.00293 -0.00322 -0.00344 -0.00357 -0.00361 -0.00357 -0.00344 -0.00323 -0.00294 -0.00257 -0.00214 -0.00165 -0.00112-0.000553        0
        3|        0-0.000511 -0.00103 -0.00153 -0.00199 -0.00239 -0.00274 -0.00301 -0.00321 -0.00334 -0.00338 -0.00334 -0.00322 -0.00302 -0.00274  -0.0024 -0.00199 -0.00154 -0.00104-0.000514        0
        2|        0-0.000487-0.000984 -0.00146 -0.00189 -0.00228 -0.00261 -0.00287 -0.00307 -0.00318 -0.00322 -0.00319 -0.00307 -0.00288 -0.00261 -0.00229  -0.0019 -0.00146-0.000988-0.000489        0
        1|        0 -0.00045-0.000911 -0.00135 -0.00175 -0.00211 -0.00242 -0.00266 -0.00284 -0.00295 -0.00299 -0.00295 -0.00285 -0.00267 -0.00242 -0.00212 -0.00176 -0.00135-0.000915-0.000452        0
        0|        0 0.000452 0.000916  0.00136  0.00176  0.00212  0.00243  0.00268  0.00286  0.00297  0.00301  0.00297  0.00286  0.00268  0.00244  0.00213  0.00177  0.00136  0.00092 0.000454        0

G (22x12): 
         |        0        1        2        3        4        5        6        7        8        9       10       11       12       13       14       15       16       17       18       19       20       21
-------------------------------------------------------------------------------------------------------------------------------------------------------------------------------------------------------------------------
       10| -0.00712  0.00707  0.00723  0.00678  0.00613  0.00534  0.00445  0.00351  0.00253  0.00154 0.000536 -0.00047 -0.00148 -0.00248 -0.00347 -0.00443 -0.00533 -0.00614 -0.00681 -0.00728 -0.00714   0.0072
        9| -0.00592  0.00589  0.00603  0.00568  0.00516  0.00453   0.0038  0.00301  0.00218  0.00133 0.000462-0.000411 -0.00128 -0.00214 -0.00299 -0.00379 -0.00453 -0.00518 -0.00571 -0.00608 -0.00595  0.00598
        8| -0.00491  0.00488    0.005  0.00472  0.00431   0.0038  0.00321  0.00255  0.00185  0.00113 0.000392-0.000353 -0.00109 -0.00182 -0.00253  -0.0032  -0.0038 -0.00433 -0.00475 -0.00504 -0.00492  0.00494
        7| -0.00403  0.00401  0.00412  0.00389  0.00357  0.00315  0.00267  0.00213  0.00155 0.000948 0.000327-0.000298-0.000921 -0.00153 -0.00211 -0.00266 -0.00315 -0.00358 -0.00391 -0.00414 -0.00404  0.00406
        6| -0.00327  0.00326  0.00334  0.00317  0.00291  0.00258  0.00218  0.00175  0.00128 0.000779 0.000269-0.000247-0.000759 -0.00126 -0.00174 -0.00218 -0.00258 -0.00291 -0.00318 -0.00336 -0.00328  0.00329
        5|  -0.0026  0.00259  0.00266  0.00252  0.00232  0.00206  0.00175   0.0014  0.00102 0.000626 0.000215-0.000199-0.000611 -0.00101 -0.00139 -0.00174 -0.00206 -0.00232 -0.00253 -0.00267  -0.0026  0.00261
        4|   -0.002  0.00199  0.00205  0.00194  0.00179  0.00159  0.00135  0.00108 0.000792 0.000484 0.000167-0.000155-0.000473-0.000783 -0.00108 -0.00135 -0.00159 -0.00179 -0.00195 -0.00205   -0.002  0.00201
        3| -0.00145  0.00144  0.00148  0.00141   0.0013  0.00115 0.000982 0.000789 0.000577 0.000353 0.000121-0.000113-0.000346-0.000571-0.000784 -0.00098 -0.00115  -0.0013 -0.00141 -0.00149 -0.00145  0.00146
        2|-0.000939 0.000935 0.000961 0.000913 0.000841 0.000748 0.000638 0.000512 0.000375 0.000229 7.91e-05-7.37e-05-0.000224-0.000371-0.000509-0.000636-0.000748-0.000842-0.000915-0.000964-0.000938 0.000942
        1|-0.000453 0.000451 0.000463 0.000441 0.000406 0.000361 0.000308 0.000248 0.000181 0.000111  3.8e-05-3.52e-05-0.000109-0.000179-0.000246-0.000307-0.000361-0.000406-0.000441-0.000465-0.000452 0.000454
        0|        0        0        0        0        0        0        0        0        0        0        0        0        0        0        0        0        0        0        0        0        0        0

rhs (22x12): 
         |        0        1        2        3        4        5        6        7        8        9       10       11       12       13       14       15       16       17       18       19       20       21
-------------------------------------------------------------------------------------------------------------------------------------------------------------------------------------------------------------------------
       11|        0        0        0        0        0        0        0        0        0        0        0        0        0        0        0        0        0        0        0        0        0        0
       10|        0 -0.00626 -0.00338   -0.004 -0.00328 -0.00373 -0.00279 -0.00299 -0.00179 -0.00173-0.000262 4.92e-05  0.00182  0.00251  0.00464  0.00563  0.00798  0.00902   0.0112   0.0116   0.0145        0
        9|        0 -0.00186-0.000449 0.000195-0.000428 0.000224-0.000398 0.000252-0.000374  0.00027-0.000364 0.000262 -0.00038 0.000248-0.000402  0.00022-0.000435 0.000184-0.000469 0.000167  0.00179        0
        8|        0 -0.00199 0.000244-0.000389 0.000259-0.000367 0.000282-0.000345 0.000301-0.000331 0.000309-0.000337 0.000297-0.000348  0.00028-0.000369 0.000255-0.000395 0.000231-0.000408  0.00203        0
        7|        0 -0.00125-0.000356 0.000286-0.000343 0.000304-0.000323 0.000323-0.000308 0.000335  -0.0003 0.000331 -0.00031 0.000321-0.000324 0.000304-0.000344 0.000283-0.000364 0.000272  0.00135        0
        6|        0 -0.00152 0.000308-0.000325  0.00032-0.000309 0.000337-0.000292 0.000352-0.000281 0.000358-0.000284 0.000351-0.000292 0.000338-0.000308  0.00032-0.000327 0.000303-0.000337  0.00167        0
        5|        0-0.000882-0.000312 0.000331  -0.0003 0.000346-0.000284 0.000361 -0.00027 0.000372-0.000264 0.000371 -0.00027 0.000363-0.000282 0.000348-0.000298 0.000331-0.000314 0.000322  0.00107        0
        4|        0 -0.00124 0.000339-0.000295  0.00035 -0.00028 0.000366-0.000265 0.000379-0.000255 0.000385-0.000255  0.00038-0.000263 0.000369-0.000277 0.000353-0.000293 0.000338-0.000303  0.00145        0
        3|        0-0.000679-0.000291 0.000352 -0.00028 0.000366-0.000265 0.000381-0.000251 0.000391-0.000245 0.000391-0.000249 0.000384-0.000261  0.00037-0.000276 0.000354 -0.00029 0.000345 0.000903        0
        2|        0  -0.0011 0.000354-0.000281 0.000364-0.000268 0.000378-0.000253 0.000391-0.000244 0.000397-0.000242 0.000394-0.000249 0.000383-0.000263 0.000368-0.000278 0.000354-0.000288  0.00134        0
        1|        0 0.000361 0.000812  0.00125 0.000706   0.0011 0.000522 0.000885 0.000278  0.00062-2.61e-06 0.000328-0.000299 3.37e-05-0.000585-0.000236-0.000831 -0.00045 -0.00101-0.000577 4.02e-05        0
        0|        0        0        0        0        0        0        0        0        0        0        0        0        0        0        0        0        0        0        0        0        0        0

