t: 0.659272
nCells: 20x10, dx: 0.1, dy: 0.1

u (22x12): 
         |        0        1        2        3        4        5        6        7        8        9       10       11       12       13       14       15       16       17       18       19       20
-------------------------------------------------------------------------------------------------------------------------------------------------------------------------------------------------------------------------
       11|        0 -0.00175 -0.00355 -0.00517 -0.00656  -0.0077 -0.00859 -0.00925  -0.0097 -0.00996    -0.01 -0.00996  -0.0097 -0.00925  -0.0086 -0.00772 -0.00659  -0.0052 -0.00358 -0.00177        0
       10|        0 -0.00145 -0.00294 -0.00431 -0.00552 -0.00653 -0.00736 -0.00798 -0.00843  -0.0087  -0.0088 -0.00873 -0.00849 -0.00807 -0.00747 -0.00666 -0.00564 -0.00443 -0.00303 -0.00151        0
        9|        0 -0.00124 -0.00251 -0.00368 -0.00474 -0.00564 -0.00638 -0.00696 -0.00737 -0.00762 -0.00772 -0.00765 -0.00742 -0.00703 -0.00647 -0.00573 -0.00483 -0.00377 -0.00257 -0.00127        0
        8|        0 -0.00106 -0.00216 -0.00318 -0.00411 -0.00491 -0.00558  -0.0061 -0.00648 -0.00671 -0.00679 -0.00673 -0.00652 -0.00615 -0.00564 -0.00498 -0.00417 -0.00324  -0.0022 -0.00109        0
        7|        0-0.000926 -0.00188 -0.00278  -0.0036 -0.00431 -0.00491 -0.00539 -0.00573 -0.00594 -0.00602 -0.00596 -0.00576 -0.00543 -0.00496 -0.00436 -0.00365 -0.00282 -0.00191-0.000943        0
        6|        0-0.000819 -0.00166 -0.00246 -0.00319 -0.00383 -0.00437 -0.00481 -0.00512 -0.00531 -0.00538 -0.00532 -0.00514 -0.00484 -0.00441 -0.00387 -0.00323 -0.00249 -0.00169-0.000831        0
        5|        0-0.000734 -0.00149 -0.00221 -0.00287 -0.00345 -0.00395 -0.00434 -0.00463 -0.00481 -0.00487 -0.00481 -0.00465 -0.00436 -0.00397 -0.00348  -0.0029 -0.00223 -0.00151-0.000743        0
        4|        0 -0.00067 -0.00136 -0.00202 -0.00263 -0.00316 -0.00362 -0.00398 -0.00425 -0.00441 -0.00447 -0.00442 -0.00426   -0.004 -0.00364 -0.00318 -0.00265 -0.00204 -0.00138-0.000677        0
        3|        0-0.000624 -0.00127 -0.00188 -0.00245 -0.00295 -0.00338 -0.00372 -0.00397 -0.00413 -0.00418 -0.00413 -0.00398 -0.00374  -0.0034 -0.00297 -0.00247  -0.0019 -0.00128-0.000629        0
        2|        0-0.000594 -0.00121 -0.00179 -0.00233 -0.00281 -0.00322 -0.00355 -0.00379 -0.00394 -0.00399 -0.00394  -0.0038 -0.00356 -0.00323 -0.00283 -0.00235 -0.00181 -0.00122-0.000599        0
        1|        0-0.000545 -0.00111 -0.00165 -0.00215 -0.00259 -0.00296 -0.00327 -0.00349 -0.00362 -0.00367 -0.00363  -0.0035 -0.00328 -0.00298  -0.0026 -0.00216 -0.00166 -0.00112 -0.00055        0
        0|        0 0.000527  0.00107  0.00159  0.00207   0.0025  0.00286  0.00315  0.00337   0.0035  0.00354   0.0035  0.00337  0.00316  0.00287  0.00251  0.00208   0.0016  0.00108 0.000531        0

v (22x12): 
         |        0        1        2        3        4        5        6        7        8        9       10       11       12       13       14       15       16       17       18       19       20       21
-------------------------------------------------------------------------------------------------------------------------------------------------------------------------------------------------------------------------
       10| -0.00837  0.00867  0.00894  0.00839  0.00759  0.00663  0.00554  0.00437  0.00317  0.00194 0.000694-0.000556 -0.00181 -0.00306 -0.00429 -0.00549 -0.00663 -0.00764 -0.00848 -0.00906 -0.00883  0.00851
        9| -0.00697  0.00722  0.00745  0.00702  0.00639  0.00561  0.00472  0.00375  0.00272  0.00167 0.000593-0.000488 -0.00157 -0.00264 -0.00369 -0.00468 -0.00561 -0.00642 -0.00709 -0.00754 -0.00733  0.00706
        8| -0.00577  0.00598  0.00618  0.00584  0.00534  0.00471  0.00397  0.00317  0.00231  0.00141 0.000501-0.000422 -0.00134 -0.00225 -0.00312 -0.00395 -0.00471 -0.00536 -0.00589 -0.00624 -0.00605  0.00584
        7| -0.00474  0.00492  0.00508  0.00481  0.00441   0.0039  0.00331  0.00264  0.00193  0.00118 0.000417-0.000357 -0.00113 -0.00188 -0.00261 -0.00329  -0.0039 -0.00443 -0.00485 -0.00513 -0.00497  0.00479
        6| -0.00385  0.00399  0.00413  0.00391  0.00359  0.00319  0.00271  0.00217  0.00159 0.000972 0.000342-0.000297-0.000931 -0.00155 -0.00214 -0.00269 -0.00319 -0.00361 -0.00394 -0.00416 -0.00402  0.00388
        5| -0.00306  0.00317  0.00328  0.00312  0.00286  0.00254  0.00216  0.00174  0.00127  0.00078 0.000273 -0.00024 -0.00075 -0.00125 -0.00172 -0.00215 -0.00254 -0.00287 -0.00313  -0.0033  -0.0032  0.00308
        4| -0.00235  0.00244  0.00252   0.0024  0.00221  0.00196  0.00167  0.00134 0.000983 0.000603 0.000211-0.000187-0.000581-0.000965 -0.00133 -0.00166 -0.00196 -0.00221 -0.00241 -0.00254 -0.00245  0.00236
        3|  -0.0017  0.00177  0.00183  0.00174   0.0016  0.00143  0.00121 0.000976 0.000715 0.000439 0.000153-0.000136-0.000424-0.000702-0.000967 -0.00121 -0.00142  -0.0016 -0.00175 -0.00184 -0.00178  0.00171
        2|  -0.0011  0.00114  0.00118  0.00112  0.00104 0.000922 0.000787 0.000632 0.000464 0.000284 9.95e-05 -8.9e-05-0.000275-0.000456-0.000626-0.000783-0.000921 -0.00104 -0.00113 -0.00119 -0.00115  0.00111
        1|-0.000529 0.000547 0.000566 0.000539 0.000496 0.000443 0.000377 0.000304 0.000222 0.000137 4.75e-05 -4.2e-05-0.000132-0.000218-0.000301-0.000375-0.000442-0.000497-0.000541-0.000569-0.000549 0.000531
        0|        0        0        0        0        0        0        0        0        0        0        0        0        0        0        0        0        0        0        0        0        0        0

p (22x12): 
         |        0        1        2        3        4        5        6        7        8        9       10       11       12       13       14       15       16       17       18       19       20       21
-------------------------------------------------------------------------------------------------------------------------------------------------------------------------------------------------------------------------
       11|   -0.226   -0.226   -0.226   -0.225   -0.225   -0.224   -0.223   -0.221    -0.22   -0.219   -0.217   -0.216   -0.214   -0.213   -0.211    -0.21   -0.209   -0.208   -0.207   -0.206   -0.206   -0.206
       10|   -0.225   -0.225   -0.225   -0.224   -0.224   -0.223   -0.222   -0.221    -0.22   -0.218   -0.217   -0.216   -0.214   -0.213   -0.212   -0.211    -0.21   -0.209   -0.208   -0.208   -0.208   -0.208
        9|   -0.224   -0.224   -0.223   -0.223   -0.223   -0.222   -0.221    -0.22   -0.219   -0.218   -0.217   -0.216   -0.215   -0.214   -0.212   -0.211   -0.211    -0.21   -0.209   -0.209   -0.209   -0.209
        8|   -0.223   -0.223   -0.223   -0.222   -0.222   -0.221    -0.22    -0.22   -0.219   -0.218   -0.217   -0.216   -0.215   -0.214   -0.213   -0.212   -0.211   -0.211    -0.21    -0.21    -0.21    -0.21
        7|   -0.222   -0.222   -0.222   -0.222   -0.221   -0.221    -0.22   -0.219   -0.218   -0.218   -0.217   -0.216   -0.215   -0.214   -0.213   -0.213   -0.212   -0.211   -0.211   -0.211   -0.211   -0.211
        6|   -0.221   -0.221   -0.221   -0.221   -0.221    -0.22    -0.22   -0.219   -0.218   -0.217   -0.217   -0.216   -0.215   -0.214   -0.214   -0.213   -0.212   -0.212   -0.212   -0.211   -0.211   -0.211
        5|   -0.221   -0.221   -0.221    -0.22    -0.22    -0.22   -0.219   -0.219   -0.218   -0.217   -0.217   -0.216   -0.215   -0.215   -0.214   -0.213   -0.213   -0.212   -0.212   -0.212   -0.212   -0.212
        4|    -0.22    -0.22    -0.22    -0.22    -0.22   -0.219   -0.219   -0.218   -0.218   -0.217   -0.217   -0.216   -0.215   -0.215   -0.214   -0.214   -0.213   -0.213   -0.212   -0.212   -0.212   -0.212
        3|    -0.22    -0.22    -0.22    -0.22    -0.22   -0.219   -0.219   -0.218   -0.218   -0.217   -0.217   -0.216   -0.215   -0.215   -0.214   -0.214   -0.213   -0.213   -0.213   -0.212   -0.212   -0.212
        2|    -0.22    -0.22    -0.22    -0.22   -0.219   -0.219   -0.219   -0.218   -0.218   -0.217   -0.217   -0.216   -0.215   -0.215   -0.214   -0.214   -0.213   -0.213   -0.213   -0.213   -0.212   -0.212
        1|    -0.22    -0.22    -0.22    -0.22   -0.219   -0.219   -0.219   -0.218   -0.218   -0.217   -0.217   -0.216   -0.215   -0.215   -0.214   -0.214   -0.213   -0.213   -0.213   -0.213   -0.213   -0.213
        0|    -0.22    -0.22    -0.22    -0.22   -0.219   -0.219   -0.219   -0.218   -0.218   -0.217   -0.217   -0.216   -0.215   -0.215   -0.214   -0.214   -0.213   -0.213   -0.213   -0.213   -0.213   -0.213

F (22x12): 
         |        0        1        2        3        4        5        6        7        8        9       10       11       12       13       14       15       16       17       18       19       20
-------------------------------------------------------------------------------------------------------------------------------------------------------------------------------------------------------------------------
       11|        0        0        0        0        0        0        0        0        0        0        0        0        0        0        0        0        0        0        0        0        0
       10|        0  -0.0014 -0.00284 -0.00416 -0.00531 -0.00629 -0.00708 -0.00768 -0.00811 -0.00837 -0.00846  -0.0084 -0.00817 -0.00776 -0.00718  -0.0064 -0.00542 -0.00425 -0.00291 -0.00145        0
        9|        0 -0.00119 -0.00241 -0.00355 -0.00456 -0.00543 -0.00614  -0.0067  -0.0071 -0.00734 -0.00742 -0.00736 -0.00714 -0.00676 -0.00622 -0.00551 -0.00464 -0.00362 -0.00247 -0.00122        0
        8|        0 -0.00103 -0.00208 -0.00307 -0.00395 -0.00473 -0.00537 -0.00587 -0.00623 -0.00646 -0.00654 -0.00647 -0.00627 -0.00592 -0.00542 -0.00479 -0.00401 -0.00312 -0.00212 -0.00105        0
        7|        0-0.000894 -0.00181 -0.00268 -0.00346 -0.00415 -0.00473 -0.00519 -0.00552 -0.00572 -0.00579 -0.00573 -0.00554 -0.00522 -0.00477  -0.0042 -0.00351 -0.00272 -0.00184-0.000909        0
        6|        0 -0.00079  -0.0016 -0.00237 -0.00307 -0.00369 -0.00421 -0.00463 -0.00493 -0.00511 -0.00518 -0.00512 -0.00494 -0.00465 -0.00424 -0.00372  -0.0031  -0.0024 -0.00162-0.000801        0
        5|        0-0.000708 -0.00144 -0.00213 -0.00276 -0.00332  -0.0038 -0.00418 -0.00445 -0.00462 -0.00468 -0.00463 -0.00447  -0.0042 -0.00382 -0.00335 -0.00279 -0.00215 -0.00145-0.000716        0
        4|        0-0.000647 -0.00131 -0.00195 -0.00253 -0.00304 -0.00348 -0.00383 -0.00409 -0.00425  -0.0043 -0.00425  -0.0041 -0.00385  -0.0035 -0.00306 -0.00255 -0.00196 -0.00132-0.000653        0
        3|        0-0.000602 -0.00122 -0.00181 -0.00236 -0.00284 -0.00325 -0.00358 -0.00382 -0.00397 -0.00402 -0.00397 -0.00383 -0.00359 -0.00327 -0.00286 -0.00237 -0.00183 -0.00123-0.000607        0
        2|        0-0.000573 -0.00116 -0.00173 -0.00225 -0.00271  -0.0031 -0.00342 -0.00365 -0.00379 -0.00384 -0.00379 -0.00365 -0.00343 -0.00311 -0.00272 -0.00226 -0.00174 -0.00117-0.000577        0
        1|        0-0.000525 -0.00107 -0.00158 -0.00206 -0.00248 -0.00285 -0.00314 -0.00335 -0.00348 -0.00352 -0.00348 -0.00336 -0.00314 -0.00286  -0.0025 -0.00207 -0.00159 -0.00108-0.000528        0
        0|        0 0.000527  0.00107  0.00159  0.00207   0.0025  0.00286  0.00315  0.00337   0.0035  0.00354   0.0035  0.00337  0.00316  0.00287  0.00251  0.00208   0.0016  0.00108 0.000531        0

G (22x12): 
         |        0        1        2        3        4        5        6        7        8        9       10       11       12       13       14       15       16       17       18       19       20       21
-------------------------------------------------------------------------------------------------------------------------------------------------------------------------------------------------------------------------
       10| -0.00837  0.00832  0.00859  0.00806  0.00729  0.00636  0.00531  0.00419  0.00303  0.00185 0.000657-0.000542 -0.00174 -0.00294 -0.00412 -0.00527 -0.00635 -0.00732 -0.00812 -0.00868 -0.00843  0.00851
        9| -0.00697  0.00693  0.00716  0.00675  0.00614  0.00539  0.00453   0.0036  0.00261   0.0016 0.000564-0.000476 -0.00152 -0.00254 -0.00355 -0.00451  -0.0054 -0.00618 -0.00681 -0.00725 -0.00703  0.00706
        8| -0.00577  0.00574  0.00594  0.00561  0.00513  0.00452  0.00382  0.00304  0.00222  0.00136 0.000478-0.000411 -0.00129 -0.00217 -0.00301  -0.0038 -0.00453 -0.00516 -0.00566 -0.00601 -0.00581  0.00584
        7| -0.00474  0.00472  0.00489  0.00463  0.00424  0.00375  0.00318  0.00254  0.00185  0.00114 0.000397-0.000347 -0.00109 -0.00182 -0.00251 -0.00317 -0.00376 -0.00426 -0.00466 -0.00493 -0.00477  0.00479
        6| -0.00385  0.00383  0.00397  0.00376  0.00346  0.00306   0.0026  0.00208  0.00152 0.000933 0.000326-0.000289-0.000898 -0.00149 -0.00206 -0.00259 -0.00307 -0.00347 -0.00379   -0.004 -0.00386  0.00388
        5| -0.00306  0.00304  0.00316    0.003  0.00276  0.00245  0.00208  0.00167  0.00122 0.000749  0.00026-0.000233-0.000723  -0.0012 -0.00165 -0.00207 -0.00245 -0.00276 -0.00301 -0.00318 -0.00307  0.00308
        4| -0.00235  0.00234  0.00243  0.00231  0.00212  0.00189  0.00161  0.00129 0.000945 0.000579 0.000202-0.000181 -0.00056-0.000929 -0.00128  -0.0016 -0.00189 -0.00213 -0.00232 -0.00244 -0.00235  0.00236
        3|  -0.0017   0.0017  0.00176  0.00167  0.00154  0.00137  0.00117 0.000939 0.000687 0.000422 0.000146-0.000132-0.000409-0.000676-0.000931 -0.00116 -0.00137 -0.00154 -0.00168 -0.00177 -0.00171  0.00171
        2|  -0.0011   0.0011  0.00114  0.00108 0.000998 0.000887 0.000757 0.000608 0.000446 0.000273 9.52e-05-8.62e-05-0.000265-0.000439-0.000603-0.000754-0.000887-0.000999 -0.00109 -0.00114  -0.0011  0.00111
        1|-0.000529 0.000526 0.000546  0.00052 0.000479 0.000427 0.000363 0.000293 0.000214 0.000132 4.55e-05-4.08e-05-0.000128 -0.00021 -0.00029-0.000362-0.000426-0.000479-0.000521-0.000548-0.000528 0.000531
        0|        0        0        0        0        0        0        0        0        0        0        0        0        0        0        0        0        0        0        0        0        0        0

rhs (22x12): 
         |        0        1        2        3        4        5        6        7        8        9       10       11       12       13       14       15       16       17       18       19       20       21
-------------------------------------------------------------------------------------------------------------------------------------------------------------------------------------------------------------------------
       11|        0        0        0        0        0        0        0        0        0        0        0        0        0        0        0        0        0        0        0        0        0        0
       10|        0  -0.0068 -0.00324 -0.00426 -0.00333 -0.00418   -0.003 -0.00353 -0.00199 -0.00216-0.000251-6.07e-05  0.00229  0.00302  0.00588  0.00707   0.0103   0.0116   0.0145   0.0151   0.0184        0
        9|        0  -0.0021-0.000649 0.000304-0.000622 0.000345-0.000579 0.000384-0.000546 0.000409-0.000532 0.000398-0.000555 0.000377-0.000586 0.000336-0.000634 0.000285-0.000682 0.000263  0.00206        0
        8|        0  -0.0024 0.000374-0.000566 0.000394-0.000535 0.000427-0.000504 0.000453-0.000485 0.000464-0.000493 0.000446-0.000509 0.000422 -0.00054 0.000387-0.000577 0.000352-0.000594  0.00249        0
        7|        0 -0.00137-0.000519 0.000432-0.000501 0.000458-0.000474 0.000484-0.000451 0.000501-0.000441 0.000495-0.000456 0.000482-0.000475 0.000456-0.000504 0.000426-0.000532 0.000413  0.00155        0
        6|        0 -0.00183 0.000464-0.000477  0.00048-0.000454 0.000504 -0.00043 0.000525-0.000414 0.000534-0.000418 0.000523 -0.00043 0.000505-0.000453  0.00048-0.000479 0.000456-0.000492  0.00208        0
        5|        0-0.000932-0.000457 0.000495-0.000441 0.000516-0.000418 0.000539-0.000398 0.000554-0.000389 0.000552-0.000398  0.00054-0.000415 0.000519-0.000439 0.000495-0.000461 0.000483  0.00122        0
        4|        0  -0.0015 0.000508-0.000433 0.000522-0.000413 0.000545-0.000391 0.000564-0.000376 0.000573-0.000377 0.000565-0.000388 0.000549-0.000408 0.000526-0.000431 0.000506-0.000444  0.00182        0
        3|        0 -0.00069-0.000428 0.000525-0.000412 0.000545-0.000391 0.000566-0.000372  0.00058-0.000363 0.000581-0.000369  0.00057-0.000385 0.000551-0.000407 0.000528-0.000427 0.000516  0.00103        0
        2|        0 -0.00133 0.000528-0.000414 0.000542-0.000395 0.000562-0.000375  0.00058-0.000361 0.000588-0.000359 0.000584-0.000369 0.000569-0.000388 0.000548 -0.00041 0.000529-0.000423  0.00169        0
        1|        0 0.000541 0.000926  0.00159 0.000803  0.00142 0.000589  0.00116 0.000305 0.000854-2.57e-05 0.000509-0.000377  0.00016-0.000717-0.000162 -0.00101-0.000418 -0.00122-0.000569 6.43e-05        0
        0|        0        0        0        0        0        0        0        0        0        0        0        0        0        0        0        0        0        0        0        0        0        0

