t: 0.78795
nCells: 20x10, dx: 0.1, dy: 0.1

u (22x12): 
         |        0        1        2        3        4        5        6        7        8        9       10       11       12       13       14       15       16       17       18       19       20
-------------------------------------------------------------------------------------------------------------------------------------------------------------------------------------------------------------------------
       11|        0     1.94     1.91      1.9     1.89     1.89     1.88     1.88     1.88     1.88     1.88     1.88     1.88     1.88     1.88     1.88     1.89     1.89      1.9     1.93        0
       10|        0   0.0616   0.0907    0.105    0.113    0.118    0.121    0.123    0.124    0.124    0.125    0.125    0.125    0.124    0.123    0.121    0.117    0.111   0.0981   0.0682        0
        9|        0  -0.0239  -0.0251  -0.0219  -0.0186  -0.0161  -0.0143  -0.0131  -0.0123  -0.0118  -0.0116  -0.0117   -0.012  -0.0126  -0.0136  -0.0152  -0.0174  -0.0204  -0.0233  -0.0218        0
        8|        0  -0.0123  -0.0181  -0.0195  -0.0192  -0.0185  -0.0177  -0.0171  -0.0166  -0.0164  -0.0163  -0.0164  -0.0167  -0.0172   -0.018   -0.019  -0.0204  -0.0216  -0.0216  -0.0168        0
        7|        0 -0.00722  -0.0123  -0.0148  -0.0158  -0.0161  -0.0161  -0.0159  -0.0158  -0.0157  -0.0157  -0.0157  -0.0159  -0.0162  -0.0165  -0.0168   -0.017  -0.0165  -0.0145 -0.00935        0
        6|        0 -0.00481 -0.00885  -0.0115  -0.0131   -0.014  -0.0144  -0.0146  -0.0147  -0.0148  -0.0148  -0.0149  -0.0149  -0.0149  -0.0149  -0.0146   -0.014  -0.0127  -0.0102 -0.00579        0
        5|        0 -0.00354 -0.00681  -0.0093  -0.0111  -0.0122   -0.013  -0.0135  -0.0138  -0.0139   -0.014   -0.014  -0.0139  -0.0138  -0.0134  -0.0128  -0.0118  -0.0101  -0.0076 -0.00405        0
        4|        0 -0.00282 -0.00556 -0.00783 -0.00959  -0.0109  -0.0118  -0.0125  -0.0129  -0.0132  -0.0133  -0.0132  -0.0131  -0.0128  -0.0122  -0.0114  -0.0102 -0.00841 -0.00607 -0.00312        0
        3|        0 -0.00239 -0.00479 -0.00687 -0.00859 -0.00994   -0.011  -0.0117  -0.0122  -0.0125  -0.0126  -0.0126  -0.0124   -0.012  -0.0113  -0.0103 -0.00903 -0.00731 -0.00514 -0.00259        0
        2|        0 -0.00215 -0.00433 -0.00628 -0.00795 -0.00931  -0.0104  -0.0112  -0.0117  -0.0121  -0.0122  -0.0121  -0.0119  -0.0114  -0.0107 -0.00967 -0.00833 -0.00664  -0.0046 -0.00229        0
        1|        0 -0.00205 -0.00419 -0.00612 -0.00778 -0.00913  -0.0102   -0.011  -0.0115  -0.0118  -0.0119  -0.0118  -0.0115   -0.011  -0.0102 -0.00917 -0.00782 -0.00617 -0.00424 -0.00208        0
        0|        0  -0.0017 -0.00346 -0.00508 -0.00651 -0.00772 -0.00871 -0.00946    -0.01  -0.0103  -0.0105  -0.0104  -0.0101 -0.00961 -0.00889 -0.00794 -0.00673 -0.00527 -0.00361 -0.00179        0

v (22x12): 
         |        0        1        2        3        4        5        6        7        8        9       10       11       12       13       14       15       16       17       18       19       20       21
-------------------------------------------------------------------------------------------------------------------------------------------------------------------------------------------------------------------------
       10|        0        0        0        0        0        0        0        0        0        0        0        0        0        0        0        0        0        0        0        0        0        0
        9|  -0.0601   0.0616   0.0292   0.0144  0.00791  0.00468  0.00291  0.00186  0.00119 0.000724 0.000366 4.49e-05-0.000278-0.000646 -0.00115 -0.00195  -0.0034 -0.00632   -0.013  -0.0299  -0.0682   0.0663
        8|  -0.0368   0.0377   0.0279   0.0177   0.0112  0.00718   0.0047  0.00309  0.00199  0.00119 0.000558-4.98e-06-0.000582 -0.00127 -0.00217 -0.00351 -0.00564  -0.0093  -0.0159  -0.0283  -0.0464   0.0448
        7|  -0.0247   0.0253   0.0221   0.0163   0.0115  0.00795  0.00547  0.00371  0.00243  0.00145  0.00064-0.000103-0.000877 -0.00178 -0.00295 -0.00458 -0.00697  -0.0106  -0.0159  -0.0235  -0.0297   0.0287
        6|  -0.0177   0.0181   0.0171   0.0137   0.0104  0.00767  0.00552  0.00386  0.00257  0.00154 0.000653-0.000179 -0.00104 -0.00204 -0.00328 -0.00492 -0.00713  -0.0101  -0.0139  -0.0183  -0.0203   0.0197
        5|   -0.013   0.0133   0.0131   0.0111  0.00884  0.00681  0.00507  0.00364  0.00246  0.00148 0.000609-0.000219 -0.00108 -0.00205 -0.00323 -0.00469 -0.00653 -0.00878  -0.0114  -0.0139  -0.0145   0.0141
        4| -0.00951  0.00976   0.0098  0.00856   0.0071  0.00563  0.00431  0.00315  0.00217   0.0013 0.000526-0.000227 -0.00101 -0.00187 -0.00288 -0.00408  -0.0055 -0.00713 -0.00885  -0.0104  -0.0105   0.0102
        3| -0.00676  0.00694  0.00706  0.00629  0.00533  0.00433  0.00337  0.00251  0.00174  0.00105 0.000412-0.000206-0.000846 -0.00154 -0.00234 -0.00324 -0.00428 -0.00539  -0.0065 -0.00741 -0.00737  0.00715
        2| -0.00443  0.00455  0.00466  0.00421  0.00362  0.00298  0.00235  0.00177  0.00123 0.000741 0.000284-0.000166-0.000626 -0.00112 -0.00167 -0.00229 -0.00296 -0.00367 -0.00433 -0.00486 -0.00478  0.00464
        1| -0.00234   0.0024  0.00248  0.00225  0.00195  0.00162  0.00129 0.000973 0.000677 0.000404 0.000143-0.000111-0.000373-0.000648 -0.00095 -0.00128 -0.00162 -0.00198  -0.0023 -0.00255 -0.00249  0.00243
        0| -0.00985   0.0101   0.0106  0.00995  0.00902  0.00788   0.0066  0.00523   0.0038  0.00234 0.000861-0.000627 -0.00212 -0.00361 -0.00509 -0.00652 -0.00788  -0.0091  -0.0101  -0.0108  -0.0104   0.0101

p (22x12): 
         |        0        1        2        3        4        5        6        7        8        9       10       11       12       13       14       15       16       17       18       19       20       21
-------------------------------------------------------------------------------------------------------------------------------------------------------------------------------------------------------------------------
       11|   -0.416   -0.416   -0.409   -0.404   -0.401   -0.398   -0.395   -0.393    -0.39   -0.388   -0.386   -0.384   -0.382    -0.38   -0.377   -0.375   -0.372   -0.369   -0.364   -0.357   -0.344   -0.344
       10|   -0.416   -0.416   -0.409   -0.404   -0.401   -0.398   -0.395   -0.393    -0.39   -0.388   -0.386   -0.384   -0.382    -0.38   -0.377   -0.375   -0.372   -0.369   -0.364   -0.357   -0.344   -0.344
        9|   -0.408   -0.408   -0.406   -0.403     -0.4   -0.397   -0.395   -0.392    -0.39   -0.388   -0.386   -0.384   -0.382    -0.38   -0.378   -0.375   -0.373    -0.37   -0.366   -0.362   -0.356   -0.356
        8|   -0.403   -0.403   -0.402     -0.4   -0.398   -0.396   -0.394   -0.392    -0.39   -0.388   -0.386   -0.384   -0.382    -0.38   -0.378   -0.375   -0.373   -0.371   -0.368   -0.365   -0.362   -0.362
        7|     -0.4     -0.4     -0.4   -0.398   -0.397   -0.395   -0.393   -0.391   -0.389   -0.387   -0.386   -0.384   -0.382    -0.38   -0.378   -0.376   -0.374   -0.372   -0.369   -0.367   -0.366   -0.366
        6|   -0.398   -0.398   -0.398   -0.397   -0.395   -0.394   -0.392   -0.391   -0.389   -0.387   -0.385   -0.384   -0.382    -0.38   -0.378   -0.376   -0.375   -0.373   -0.371    -0.37   -0.369   -0.369
        5|   -0.396   -0.396   -0.396   -0.395   -0.394   -0.393   -0.392    -0.39   -0.389   -0.387   -0.385   -0.384   -0.382    -0.38   -0.378   -0.377   -0.375   -0.374   -0.372   -0.371   -0.371   -0.371
        4|   -0.395   -0.395   -0.395   -0.394   -0.393   -0.392   -0.391    -0.39   -0.388   -0.387   -0.385   -0.384   -0.382    -0.38   -0.379   -0.377   -0.376   -0.375   -0.373   -0.373   -0.372   -0.372
        3|   -0.394   -0.394   -0.394   -0.394   -0.393   -0.392   -0.391   -0.389   -0.388   -0.387   -0.385   -0.384   -0.382    -0.38   -0.379   -0.378   -0.376   -0.375   -0.374   -0.374   -0.373   -0.373
        2|   -0.394   -0.394   -0.394   -0.393   -0.392   -0.391    -0.39   -0.389   -0.388   -0.386   -0.385   -0.384   -0.382   -0.381   -0.379   -0.378   -0.377   -0.376   -0.375   -0.374   -0.374   -0.374
        1|   -0.394   -0.394   -0.393   -0.393   -0.392   -0.391    -0.39   -0.389   -0.388   -0.386   -0.385   -0.384   -0.382   -0.381   -0.379   -0.378   -0.377   -0.376   -0.375   -0.374   -0.374   -0.374
        0|   -0.392   -0.392   -0.392   -0.392   -0.391    -0.39   -0.389   -0.388   -0.387   -0.386   -0.385   -0.384   -0.382   -0.381    -0.38   -0.379   -0.378   -0.377   -0.376   -0.376   -0.376   -0.376

F (22x12): 
         |        0        1        2        3        4        5        6        7        8        9       10       11       12       13       14       15       16       17       18       19       20
-------------------------------------------------------------------------------------------------------------------------------------------------------------------------------------------------------------------------
       11|        0     1.94     1.91      1.9     1.89     1.89     1.88     1.88     1.88     1.88     1.88     1.88     1.88     1.88     1.88     1.88     1.89     1.89      1.9     1.93        0
       10|        0   0.0635   0.0918    0.106    0.114    0.118    0.121    0.123    0.124    0.125    0.125    0.125    0.125    0.125    0.123    0.122    0.118    0.112      0.1   0.0716        0
        9|        0  -0.0232  -0.0243  -0.0211  -0.0179  -0.0155  -0.0137  -0.0125  -0.0118  -0.0113  -0.0111  -0.0112  -0.0115  -0.0121   -0.013  -0.0145  -0.0167  -0.0195  -0.0221  -0.0203        0
        8|        0  -0.0121  -0.0176   -0.019  -0.0187  -0.0179  -0.0172  -0.0165  -0.0161  -0.0159  -0.0158  -0.0159  -0.0162  -0.0167  -0.0174  -0.0184  -0.0197  -0.0209  -0.0208  -0.0161        0
        7|        0 -0.00705  -0.0119  -0.0144  -0.0154  -0.0156  -0.0156  -0.0154  -0.0153  -0.0152  -0.0152  -0.0153  -0.0154  -0.0157   -0.016  -0.0163  -0.0164   -0.016   -0.014 -0.00902        0
        6|        0  -0.0047 -0.00861  -0.0112  -0.0127  -0.0135   -0.014  -0.0142  -0.0143  -0.0143  -0.0144  -0.0144  -0.0145  -0.0145  -0.0144  -0.0142  -0.0136  -0.0123 -0.00981 -0.00559        0
        5|        0 -0.00346 -0.00663 -0.00904  -0.0107  -0.0119  -0.0126  -0.0131  -0.0133  -0.0135  -0.0136  -0.0136  -0.0135  -0.0133   -0.013  -0.0124  -0.0114 -0.00979 -0.00734 -0.00392        0
        4|        0 -0.00275 -0.00541 -0.00761 -0.00931  -0.0106  -0.0115  -0.0121  -0.0125  -0.0127  -0.0129  -0.0128  -0.0127  -0.0123  -0.0118   -0.011 -0.00982 -0.00814 -0.00586 -0.00302        0
        3|        0 -0.00233 -0.00465 -0.00667 -0.00834 -0.00964  -0.0106  -0.0113  -0.0118  -0.0121  -0.0123  -0.0122   -0.012  -0.0116  -0.0109    -0.01 -0.00874 -0.00707 -0.00497 -0.00251        0
        2|        0 -0.00209  -0.0042  -0.0061 -0.00772 -0.00904  -0.0101  -0.0108  -0.0114  -0.0117  -0.0118  -0.0118  -0.0115   -0.011  -0.0103 -0.00935 -0.00805 -0.00642 -0.00445 -0.00222        0
        1|        0   -0.002 -0.00408 -0.00594 -0.00755 -0.00886 -0.00989  -0.0106  -0.0112  -0.0115  -0.0116  -0.0115  -0.0112  -0.0106 -0.00988 -0.00886 -0.00756 -0.00596 -0.00409 -0.00201        0
        0|        0        0        0        0        0        0        0        0        0        0        0        0        0        0        0        0        0        0        0        0        0

G (22x12): 
         |        0        1        2        3        4        5        6        7        8        9       10       11       12       13       14       15       16       17       18       19       20       21
-------------------------------------------------------------------------------------------------------------------------------------------------------------------------------------------------------------------------
       10|        0        0        0        0        0        0        0        0        0        0        0        0        0        0        0        0        0        0        0        0        0        0
        9|  -0.0601   0.0595   0.0284    0.014  0.00766  0.00452  0.00281  0.00179  0.00114 0.000692 0.000346 3.52e-05-0.000277-0.000634 -0.00113  -0.0019 -0.00329  -0.0061  -0.0125  -0.0286  -0.0651   0.0663
        8|  -0.0368   0.0364    0.027   0.0171   0.0108  0.00691  0.00451  0.00296   0.0019  0.00113 0.000522-2.38e-05-0.000585 -0.00125 -0.00214 -0.00345 -0.00553  -0.0091  -0.0156  -0.0275  -0.0448   0.0448
        7|  -0.0247   0.0245   0.0214   0.0157   0.0111  0.00767  0.00527  0.00357  0.00233  0.00139 0.000601 -0.00012-0.000871 -0.00175 -0.00289 -0.00448  -0.0068  -0.0103  -0.0155  -0.0227  -0.0286   0.0287
        6|  -0.0177   0.0175   0.0166   0.0133   0.0101  0.00741  0.00533  0.00372  0.00248  0.00147 0.000616-0.000191 -0.00103   -0.002 -0.00321  -0.0048 -0.00694 -0.00982  -0.0135  -0.0177  -0.0196   0.0197
        5|   -0.013   0.0129   0.0127   0.0107  0.00856  0.00658   0.0049  0.00351  0.00237  0.00142 0.000576-0.000227 -0.00106 -0.00201 -0.00315 -0.00456 -0.00634 -0.00853   -0.011  -0.0135   -0.014   0.0141
        4| -0.00951  0.00945  0.00951   0.0083  0.00687  0.00545  0.00417  0.00305  0.00209  0.00125 0.000498-0.000232-0.000987 -0.00183  -0.0028 -0.00397 -0.00535 -0.00692 -0.00858    -0.01  -0.0101   0.0102
        3| -0.00676  0.00672  0.00685  0.00611  0.00517   0.0042  0.00327  0.00243  0.00168  0.00101 0.000392-0.000208 -0.00083 -0.00151 -0.00228 -0.00316 -0.00416 -0.00524 -0.00631 -0.00718 -0.00712  0.00715
        2| -0.00443  0.00441  0.00453  0.00409  0.00351  0.00289  0.00228  0.00171  0.00119 0.000715 0.000271-0.000166-0.000614  -0.0011 -0.00163 -0.00223 -0.00288 -0.00356 -0.00421 -0.00472 -0.00462  0.00464
        1| -0.00234  0.00237  0.00245  0.00223  0.00193   0.0016  0.00127 0.000962 0.000669 0.000399 0.000141-0.000111-0.000369-0.000641-0.000938 -0.00126  -0.0016 -0.00194 -0.00226  -0.0025 -0.00243  0.00243
        0| -0.00985        0        0        0        0        0        0        0        0        0        0        0        0        0        0        0        0        0        0        0        0   0.0101

rhs (22x12): 
         |        0        1        2        3        4        5        6        7        8        9       10       11       12       13       14       15       16       17       18       19       20       21
-------------------------------------------------------------------------------------------------------------------------------------------------------------------------------------------------------------------------
       11|        0        0        0        0        0        0        0        0        0        0        0        0        0        0        0        0        0        0        0        0        0        0
       10|        0     1.56  -0.0231   0.0748   0.0485   0.0266   0.0165  0.00967  0.00762  0.00507  0.00564   0.0041  0.00468  0.00508   0.0088   0.0129   0.0241   0.0446   0.0856   0.0809    -2.53        0
        9|        0   -0.076    0.124   0.0821    0.042   0.0243   0.0133  0.00962  0.00539  0.00522  0.00307  0.00504  0.00518    0.008  0.00991   0.0183   0.0327    0.072    0.162    0.276   0.0264        0
        8|        0  -0.0609  -0.0145 -0.00716 -0.00154 -0.00135  0.00066-0.000514 0.000972-0.000405    0.001-0.000319  0.00116-0.000228  0.00118-0.000276 0.000836 -0.00169 -0.00503  -0.0245  -0.0204        0
        7|        0  -0.0246 -0.00771 -0.00355 -0.00294-0.000415 -0.00122 0.000489-0.000754 0.000728-0.000643  0.00077-0.000668 0.000647-0.000947 4.96e-05 -0.00223 -0.00274 -0.00815  -0.0122 -0.00404        0
        6|        0  -0.0144 -0.00277 -0.00309 -0.00072 -0.00148 0.000307-0.000872 0.000655-0.000684 0.000747-0.000657 0.000713-0.000767  0.00048 -0.00122-0.000393 -0.00283  -0.0031 -0.00623  0.00474        0
        5|        0 -0.00862 -0.00267-0.000754 -0.00163 0.000164-0.000976 0.000591-0.000717  0.00074-0.000642 0.000757-0.000676 0.000666-0.000857 0.000331 -0.00144-0.000615 -0.00283 -0.00215  0.00445        0
        4|        0 -0.00732-0.000542 -0.00166 6.54e-05 -0.00107 0.000523-0.000754 0.000729-0.000632 0.000793-0.000619 0.000761-0.000694 0.000616-0.000948 0.000205 -0.00156-0.000618 -0.00239  0.00514        0
        3|        0 -0.00498 -0.00158 1.53e-05 -0.00116 0.000442 -0.00081 0.000701-0.000636 0.000809-0.000578  0.00082-0.000606 0.000756-0.000728  0.00055 -0.00105 0.000102 -0.00161-0.000424  0.00366        0
        2|        0  -0.0196   -0.015  -0.0151  -0.0118   -0.011 -0.00743 -0.00672 -0.00335 -0.00296 3.94e-05 4.04e-05  0.00274  0.00251  0.00495  0.00442   0.0065  0.00554  0.00719   0.0059   0.0117        0
        1|        0    0.144    0.145    0.139    0.126    0.113   0.0951   0.0784   0.0577    0.039   0.0171 -0.00257  -0.0256  -0.0465  -0.0704  -0.0917   -0.115   -0.134   -0.152   -0.163   -0.163        0
        0|        0        0        0        0        0        0        0        0        0        0        0        0        0        0        0        0        0        0        0        0        0        0

