t: 1.22857
nCells: 20x10, dx: 0.1, dy: 0.1

u (22x12): 
         |        0        1        2        3        4        5        6        7        8        9       10       11       12       13       14       15       16       17       18       19       20
-------------------------------------------------------------------------------------------------------------------------------------------------------------------------------------------------------------------------
       11|        0 -0.00295 -0.00621 -0.00915  -0.0117  -0.0138  -0.0154  -0.0166  -0.0175  -0.0179  -0.0181  -0.0179  -0.0175  -0.0167  -0.0155  -0.0139  -0.0118 -0.00933 -0.00637 -0.00306        0
       10|        0 -0.00238 -0.00499 -0.00743 -0.00958  -0.0114   -0.013  -0.0141   -0.015  -0.0156  -0.0158  -0.0158  -0.0154  -0.0147  -0.0136  -0.0122  -0.0104 -0.00812 -0.00554 -0.00273        0
        9|        0 -0.00204 -0.00427 -0.00636 -0.00825 -0.00989  -0.0113  -0.0123  -0.0131  -0.0136  -0.0139  -0.0138  -0.0134  -0.0128  -0.0118  -0.0105 -0.00884 -0.00688 -0.00467 -0.00226        0
        8|        0 -0.00177  -0.0037 -0.00552 -0.00718 -0.00863 -0.00985  -0.0108  -0.0116   -0.012  -0.0122  -0.0121  -0.0118  -0.0112  -0.0103 -0.00907  -0.0076  -0.0059 -0.00398 -0.00192        0
        7|        0 -0.00155 -0.00324 -0.00484 -0.00631  -0.0076  -0.0087 -0.00957  -0.0102  -0.0106  -0.0108  -0.0107  -0.0104 -0.00982   -0.009 -0.00792 -0.00662 -0.00511 -0.00344 -0.00165        0
        6|        0 -0.00137 -0.00287  -0.0043 -0.00561 -0.00677 -0.00775 -0.00855 -0.00914 -0.00951 -0.00966 -0.00958 -0.00927 -0.00874 -0.00798 -0.00701 -0.00583  -0.0045 -0.00301 -0.00145        0
        5|        0 -0.00123 -0.00259 -0.00387 -0.00506 -0.00611 -0.00701 -0.00773 -0.00827  -0.0086 -0.00874 -0.00866 -0.00837 -0.00787 -0.00718 -0.00628 -0.00523 -0.00402 -0.00269 -0.00129        0
        4|        0 -0.00113 -0.00237 -0.00355 -0.00463  -0.0056 -0.00643  -0.0071 -0.00759 -0.00791 -0.00802 -0.00795 -0.00767 -0.00721 -0.00656 -0.00574 -0.00476 -0.00366 -0.00245 -0.00117        0
        3|        0 -0.00105 -0.00221 -0.00331 -0.00433 -0.00524 -0.00602 -0.00664 -0.00711  -0.0074 -0.00751 -0.00743 -0.00717 -0.00673 -0.00612 -0.00535 -0.00443  -0.0034 -0.00227 -0.00109        0
        2|        0   -0.001  -0.0021 -0.00315 -0.00412 -0.00499 -0.00572 -0.00633 -0.00677 -0.00705 -0.00715 -0.00707 -0.00682  -0.0064 -0.00581 -0.00508 -0.00421 -0.00323 -0.00215 -0.00103        0
        1|        0-0.000871 -0.00183 -0.00275  -0.0036 -0.00435 -0.00501 -0.00553 -0.00592 -0.00616 -0.00625 -0.00619 -0.00597  -0.0056 -0.00509 -0.00444 -0.00368 -0.00282 -0.00188-0.000897        0
        0|        0 0.000859  0.00181   0.0027  0.00354  0.00428  0.00492  0.00544  0.00582  0.00606  0.00615  0.00608  0.00587   0.0055    0.005  0.00436  0.00362  0.00277  0.00185 0.000883        0

v (22x12): 
         |        0        1        2        3        4        5        6        7        8        9       10       11       12       13       14       15       16       17       18       19       20       21
-------------------------------------------------------------------------------------------------------------------------------------------------------------------------------------------------------------------------
       10|  -0.0142   0.0144   0.0158   0.0149   0.0136    0.012   0.0101  0.00808  0.00597  0.00378  0.00156-0.000704 -0.00299 -0.00529 -0.00759 -0.00984   -0.012  -0.0139  -0.0155  -0.0166  -0.0155   0.0152
        9|  -0.0119   0.0121   0.0132   0.0125   0.0114   0.0101  0.00858  0.00689   0.0051  0.00323   0.0013 -0.00065 -0.00262 -0.00459 -0.00653  -0.0084  -0.0101  -0.0117  -0.0129  -0.0138  -0.0127   0.0125
        8| -0.00985     0.01   0.0109   0.0104  0.00955  0.00847  0.00721  0.00581   0.0043  0.00271  0.00108 -0.00059 -0.00226 -0.00393 -0.00554 -0.00709  -0.0085 -0.00974  -0.0107  -0.0114  -0.0105   0.0103
        7| -0.00811  0.00824  0.00899  0.00857  0.00789  0.00702  0.00599  0.00483  0.00358  0.00225 0.000879-0.000516 -0.00192  -0.0033 -0.00464  -0.0059 -0.00705 -0.00803 -0.00881 -0.00931 -0.00856  0.00841
        6| -0.00658  0.00669   0.0073  0.00697  0.00643  0.00572  0.00489  0.00395  0.00293  0.00184  0.00071-0.000442 -0.00159 -0.00272 -0.00381 -0.00483 -0.00574 -0.00653 -0.00714 -0.00753 -0.00691  0.00679
        5| -0.00523  0.00531   0.0058  0.00554  0.00511  0.00456   0.0039  0.00316  0.00233  0.00147 0.000558-0.000362 -0.00129 -0.00219 -0.00305 -0.00385 -0.00458 -0.00518 -0.00566 -0.00596 -0.00547  0.00537
        4| -0.00401  0.00407  0.00445  0.00425  0.00393  0.00351    0.003  0.00243   0.0018  0.00112 0.000428-0.000287-0.000996 -0.00169 -0.00235 -0.00297 -0.00351 -0.00398 -0.00433 -0.00456 -0.00418  0.00411
        3|  -0.0029  0.00294  0.00321  0.00307  0.00284  0.00254  0.00217  0.00176   0.0013 0.000815 0.000306-0.000209-0.000727 -0.00123 -0.00171 -0.00215 -0.00254 -0.00287 -0.00313 -0.00328 -0.00301  0.00296
        2| -0.00185  0.00188  0.00206  0.00197  0.00182  0.00163   0.0014  0.00113 0.000837 0.000521 0.000198-0.000137-0.000465 -0.00079 -0.00109 -0.00138 -0.00163 -0.00184   -0.002  -0.0021 -0.00192  0.00189
        1|-0.000865 0.000877 0.000961 0.000921 0.000849 0.000762 0.000651 0.000529  0.00039 0.000247 9.17e-05 -6.1e-05-0.000218-0.000367-0.000512-0.000642-0.000761-0.000857-0.000935-0.000979-0.000896 0.000882
        0|        0        0        0        0        0        0        0        0        0        0        0        0        0        0        0        0        0        0        0        0        0        0

p (22x12): 
         |        0        1        2        3        4        5        6        7        8        9       10       11       12       13       14       15       16       17       18       19       20       21
-------------------------------------------------------------------------------------------------------------------------------------------------------------------------------------------------------------------------
       11|    -1.52    -1.52    -1.52    -1.52    -1.52    -1.52    -1.52    -1.52    -1.52    -1.52    -1.52    -1.51    -1.51    -1.51    -1.51    -1.51    -1.51    -1.51    -1.51    -1.51    -1.51    -1.51
       10|    -1.52    -1.52    -1.52    -1.52    -1.52    -1.52    -1.52    -1.52    -1.52    -1.52    -1.52    -1.51    -1.51    -1.51    -1.51    -1.51    -1.51    -1.51    -1.51    -1.51    -1.51    -1.51
        9|    -1.52    -1.52    -1.52    -1.52    -1.52    -1.52    -1.52    -1.52    -1.52    -1.52    -1.52    -1.51    -1.51    -1.51    -1.51    -1.51    -1.51    -1.51    -1.51    -1.51    -1.51    -1.51
        8|    -1.52    -1.52    -1.52    -1.52    -1.52    -1.52    -1.52    -1.52    -1.52    -1.52    -1.52    -1.51    -1.51    -1.51    -1.51    -1.51    -1.51    -1.51    -1.51    -1.51    -1.51    -1.51
        7|    -1.52    -1.52    -1.52    -1.52    -1.52    -1.52    -1.52    -1.52    -1.52    -1.52    -1.52    -1.51    -1.51    -1.51    -1.51    -1.51    -1.51    -1.51    -1.51    -1.51    -1.51    -1.51
        6|    -1.52    -1.52    -1.52    -1.52    -1.52    -1.52    -1.52    -1.52    -1.52    -1.52    -1.52    -1.51    -1.51    -1.51    -1.51    -1.51    -1.51    -1.51    -1.51    -1.51    -1.51    -1.51
        5|    -1.52    -1.52    -1.52    -1.52    -1.52    -1.52    -1.52    -1.52    -1.52    -1.52    -1.51    -1.51    -1.51    -1.51    -1.51    -1.51    -1.51    -1.51    -1.51    -1.51    -1.51    -1.51
        4|    -1.52    -1.52    -1.52    -1.52    -1.52    -1.52    -1.52    -1.52    -1.52    -1.52    -1.51    -1.51    -1.51    -1.51    -1.51    -1.51    -1.51    -1.51    -1.51    -1.51    -1.51    -1.51
        3|    -1.52    -1.52    -1.52    -1.52    -1.52    -1.52    -1.52    -1.52    -1.52    -1.52    -1.51    -1.51    -1.51    -1.51    -1.51    -1.51    -1.51    -1.51    -1.51    -1.51    -1.51    -1.51
        2|    -1.52    -1.52    -1.52    -1.52    -1.52    -1.52    -1.52    -1.52    -1.52    -1.52    -1.51    -1.51    -1.51    -1.51    -1.51    -1.51    -1.51    -1.51    -1.51    -1.51    -1.51    -1.51
        1|    -1.52    -1.52    -1.52    -1.52    -1.52    -1.52    -1.52    -1.52    -1.52    -1.52    -1.51    -1.51    -1.51    -1.51    -1.51    -1.51    -1.51    -1.51    -1.51    -1.51    -1.51    -1.51
        0|    -1.52    -1.52    -1.52    -1.52    -1.52    -1.52    -1.52    -1.52    -1.52    -1.52    -1.51    -1.51    -1.51    -1.51    -1.51    -1.51    -1.51    -1.51    -1.51    -1.51    -1.51    -1.51

F (22x12): 
         |        0        1        2        3        4        5        6        7        8        9       10       11       12       13       14       15       16       17       18       19       20
-------------------------------------------------------------------------------------------------------------------------------------------------------------------------------------------------------------------------
       11|        0        0        0        0        0        0        0        0        0        0        0        0        0        0        0        0        0        0        0        0        0
       10|        0 -0.00235 -0.00491  -0.0073 -0.00942  -0.0112  -0.0127  -0.0139  -0.0147  -0.0153  -0.0155  -0.0155  -0.0151  -0.0144  -0.0134   -0.012  -0.0101 -0.00796 -0.00542 -0.00267        0
        9|        0 -0.00201  -0.0042 -0.00626 -0.00811 -0.00971  -0.0111  -0.0121  -0.0129  -0.0134  -0.0136  -0.0135  -0.0132  -0.0125  -0.0116  -0.0103 -0.00866 -0.00674 -0.00458 -0.00222        0
        8|        0 -0.00175 -0.00364 -0.00543 -0.00705 -0.00848 -0.00967  -0.0106  -0.0113  -0.0118   -0.012  -0.0119  -0.0116  -0.0109    -0.01 -0.00888 -0.00745 -0.00578  -0.0039 -0.00188        0
        7|        0 -0.00153 -0.00319 -0.00476  -0.0062 -0.00746 -0.00854  -0.0094    -0.01  -0.0104  -0.0106  -0.0105  -0.0102 -0.00963 -0.00882 -0.00776 -0.00649 -0.00501 -0.00337 -0.00162        0
        6|        0 -0.00135 -0.00282 -0.00422 -0.00551 -0.00665 -0.00761 -0.00839 -0.00897 -0.00933 -0.00947  -0.0094 -0.00909 -0.00857 -0.00782 -0.00687 -0.00572 -0.00441 -0.00296 -0.00142        0
        5|        0 -0.00122 -0.00254  -0.0038 -0.00496   -0.006 -0.00688 -0.00759 -0.00811 -0.00844 -0.00857 -0.00849 -0.00821 -0.00772 -0.00703 -0.00616 -0.00512 -0.00394 -0.00264 -0.00127        0
        4|        0 -0.00111 -0.00232 -0.00348 -0.00455  -0.0055 -0.00631 -0.00697 -0.00745 -0.00776 -0.00787  -0.0078 -0.00752 -0.00707 -0.00643 -0.00563 -0.00467 -0.00359  -0.0024 -0.00115        0
        3|        0 -0.00104 -0.00217 -0.00325 -0.00425 -0.00514 -0.00591 -0.00652 -0.00698 -0.00726 -0.00736 -0.00729 -0.00703  -0.0066   -0.006 -0.00524 -0.00435 -0.00333 -0.00223 -0.00107        0
        2|        0-0.000989 -0.00206 -0.00309 -0.00404 -0.00489 -0.00562 -0.00621 -0.00664 -0.00691 -0.00701 -0.00694 -0.00669 -0.00627  -0.0057 -0.00498 -0.00412 -0.00316 -0.00211 -0.00101        0
        1|        0-0.000856  -0.0018 -0.00269 -0.00352 -0.00426  -0.0049 -0.00541 -0.00579 -0.00603 -0.00612 -0.00605 -0.00584 -0.00547 -0.00497 -0.00434  -0.0036 -0.00275 -0.00184-0.000879        0
        0|        0 0.000859  0.00181   0.0027  0.00354  0.00428  0.00492  0.00544  0.00582  0.00606  0.00615  0.00608  0.00587   0.0055    0.005  0.00436  0.00362  0.00277  0.00185 0.000883        0

G (22x12): 
         |        0        1        2        3        4        5        6        7        8        9       10       11       12       13       14       15       16       17       18       19       20       21
-------------------------------------------------------------------------------------------------------------------------------------------------------------------------------------------------------------------------
       10|  -0.0142   0.0141   0.0155   0.0146   0.0133   0.0117  0.00988   0.0079  0.00582  0.00368   0.0015-0.000715 -0.00295 -0.00519 -0.00743 -0.00962  -0.0117  -0.0136  -0.0151  -0.0161   -0.015   0.0152
        9|  -0.0119   0.0118   0.0129   0.0122   0.0112  0.00991   0.0084  0.00675  0.00498  0.00314  0.00126-0.000658 -0.00259 -0.00452 -0.00642 -0.00825 -0.00996  -0.0115  -0.0127  -0.0135  -0.0125   0.0125
        8| -0.00985   0.0098   0.0107   0.0102  0.00936   0.0083  0.00707  0.00569   0.0042  0.00265  0.00104-0.000594 -0.00223 -0.00386 -0.00545 -0.00696 -0.00834 -0.00955  -0.0105  -0.0111  -0.0102   0.0103
        7| -0.00811  0.00807  0.00882  0.00841  0.00774  0.00688  0.00587  0.00473   0.0035   0.0022 0.000851-0.000517 -0.00189 -0.00325 -0.00456 -0.00579 -0.00691 -0.00788 -0.00864 -0.00913 -0.00837  0.00841
        6| -0.00658  0.00655  0.00717  0.00683   0.0063  0.00561  0.00479  0.00387  0.00286  0.00179 0.000688-0.000441 -0.00157 -0.00268 -0.00374 -0.00474 -0.00563  -0.0064   -0.007 -0.00738 -0.00676  0.00679
        5| -0.00523   0.0052  0.00569  0.00544  0.00501  0.00447  0.00382  0.00309  0.00228  0.00143 0.000541-0.000361 -0.00127 -0.00215   -0.003 -0.00378 -0.00449 -0.00508 -0.00555 -0.00584 -0.00535  0.00537
        4| -0.00401  0.00399  0.00437  0.00417  0.00386  0.00344  0.00294  0.00238  0.00176   0.0011 0.000415-0.000286-0.000981 -0.00166 -0.00231 -0.00292 -0.00345  -0.0039 -0.00425 -0.00447 -0.00409  0.00411
        3|  -0.0029  0.00288  0.00316  0.00302  0.00279  0.00249  0.00213  0.00172  0.00127 0.000797 0.000297-0.000208-0.000716 -0.00121 -0.00168 -0.00211  -0.0025 -0.00282 -0.00307 -0.00322 -0.00295  0.00296
        2| -0.00185  0.00184  0.00202  0.00193  0.00179   0.0016  0.00137  0.00111  0.00082  0.00051 0.000192-0.000136-0.000458-0.000777 -0.00108 -0.00135  -0.0016 -0.00181 -0.00196 -0.00206 -0.00188  0.00189
        1|-0.000865 0.000861 0.000945 0.000905 0.000835 0.000749 0.000639  0.00052 0.000383 0.000241 8.93e-05-6.09e-05-0.000215-0.000361-0.000504-0.000631-0.000748-0.000842-0.000919-0.000962-0.000878 0.000882
        0|        0        0        0        0        0        0        0        0        0        0        0        0        0        0        0        0        0        0        0        0        0        0

rhs (22x12): 
         |        0        1        2        3        4        5        6        7        8        9       10       11       12       13       14       15       16       17       18       19       20       21
-------------------------------------------------------------------------------------------------------------------------------------------------------------------------------------------------------------------------
       11|        0        0        0        0        0        0        0        0        0        0        0        0        0        0        0        0        0        0        0        0        0        0
       10|        0 -0.00681   0.0017 -0.00276-0.000346 -0.00492 -0.00213 -0.00596 -0.00219  -0.0049  7.4e-05 -0.00142  0.00507  0.00549   0.0139   0.0161    0.026   0.0291   0.0386   0.0395   0.0442        0
        9|        0 -0.00268 -0.00225  0.00129 -0.00219  0.00141 -0.00206  0.00153 -0.00196   0.0016 -0.00193  0.00156 -0.00201  0.00147 -0.00213  0.00132 -0.00231  0.00112 -0.00249  0.00109  0.00311        0
        8|        0 -0.00458  0.00153 -0.00201  0.00157 -0.00192  0.00167 -0.00182  0.00175 -0.00176  0.00179 -0.00179  0.00172 -0.00186  0.00163 -0.00197  0.00149 -0.00211  0.00136 -0.00214  0.00535        0
        7|        0 -0.00134 -0.00185   0.0017 -0.00181  0.00177 -0.00172  0.00186 -0.00165  0.00191 -0.00162  0.00189 -0.00167  0.00184 -0.00174  0.00174 -0.00185  0.00163 -0.00195  0.00161  0.00234        0
        6|        0 -0.00354  0.00181 -0.00173  0.00185 -0.00165  0.00193 -0.00158  0.00199 -0.00153  0.00202 -0.00154  0.00198 -0.00158  0.00192 -0.00166  0.00183 -0.00176  0.00174 -0.00179  0.00471        0
        5|        0-0.000533 -0.00166   0.0019 -0.00161  0.00197 -0.00154  0.00204 -0.00147  0.00209 -0.00144  0.00208 -0.00147  0.00204 -0.00153  0.00197 -0.00162  0.00188 -0.00169  0.00185  0.00181        0
        4|        0 -0.00294  0.00194 -0.00159  0.00199 -0.00152  0.00206 -0.00145  0.00212  -0.0014  0.00215  -0.0014  0.00213 -0.00144  0.00207 -0.00151  0.00199 -0.00159  0.00192 -0.00163  0.00429        0
        3|        0-9.22e-05 -0.00157  0.00199 -0.00152  0.00206 -0.00145  0.00213 -0.00139  0.00218 -0.00135  0.00218 -0.00137  0.00215 -0.00143  0.00208 -0.00151    0.002 -0.00158  0.00196   0.0015        0
        2|        0 -0.00262  0.00201 -0.00152  0.00205 -0.00146  0.00212  -0.0014  0.00217 -0.00136   0.0022 -0.00135  0.00219 -0.00138  0.00214 -0.00144  0.00207 -0.00152    0.002 -0.00156  0.00408        0
        1|        0  0.00208  0.00131   0.0039  0.00112  0.00363 0.000776  0.00322 0.000306  0.00269 -0.00026  0.00209-0.000887  0.00146 -0.00151 0.000858 -0.00207  0.00037 -0.00247 9.56e-05 0.000294        0
        0|        0        0        0        0        0        0        0        0        0        0        0        0        0        0        0        0        0        0        0        0        0        0

