t: 1.80306
nCells: 20x10, dx: 0.1, dy: 0.1

u (22x12): 
         |        0        1        2        3        4        5        6        7        8        9       10       11       12       13       14       15       16       17       18       19       20
-------------------------------------------------------------------------------------------------------------------------------------------------------------------------------------------------------------------------
       11|        0     1.91     1.86     1.82      1.8     1.79     1.78     1.77     1.76     1.76     1.76     1.75     1.75     1.75     1.75     1.76     1.76     1.77      1.8     1.86        0
       10|        0   0.0895    0.144    0.178    0.201    0.216    0.227    0.234     0.24    0.244    0.246    0.248    0.249     0.25    0.249    0.248    0.243    0.233    0.206    0.138        0
        9|        0  -0.0338  -0.0363   -0.032  -0.0269  -0.0225   -0.019  -0.0163  -0.0143  -0.0128   -0.012  -0.0115  -0.0115  -0.0119  -0.0126  -0.0137  -0.0151  -0.0164  -0.0174  -0.0157        0
        8|        0   -0.016  -0.0271  -0.0323  -0.0342  -0.0346  -0.0343  -0.0338  -0.0334  -0.0331  -0.0331  -0.0334   -0.034  -0.0352   -0.037  -0.0399  -0.0442  -0.0496  -0.0526  -0.0419        0
        7|        0  -0.0102  -0.0193  -0.0251  -0.0286  -0.0305  -0.0315   -0.032  -0.0323  -0.0325  -0.0328  -0.0332  -0.0339  -0.0348  -0.0362  -0.0381  -0.0403  -0.0422   -0.041  -0.0296        0
        6|        0 -0.00729  -0.0145    -0.02  -0.0239  -0.0265  -0.0282  -0.0293  -0.0301  -0.0307  -0.0311  -0.0316   -0.032  -0.0326  -0.0331  -0.0336  -0.0336  -0.0323  -0.0278  -0.0172        0
        5|        0 -0.00564  -0.0116  -0.0166  -0.0204  -0.0233  -0.0254  -0.0269   -0.028  -0.0288  -0.0294  -0.0298  -0.0301  -0.0302    -0.03  -0.0294  -0.0279   -0.025  -0.0196  -0.0107        0
        4|        0 -0.00467 -0.00977  -0.0143   -0.018  -0.0209  -0.0232   -0.025  -0.0263  -0.0273  -0.0279  -0.0282  -0.0283   -0.028  -0.0273   -0.026  -0.0238  -0.0202  -0.0148 -0.00756        0
        3|        0 -0.00407 -0.00859  -0.0127  -0.0163  -0.0192  -0.0216  -0.0235   -0.025   -0.026  -0.0266  -0.0269  -0.0269  -0.0263  -0.0253  -0.0235  -0.0209  -0.0172  -0.0121 -0.00595        0
        2|        0 -0.00378 -0.00789  -0.0118  -0.0152  -0.0182  -0.0206  -0.0225   -0.024  -0.0251  -0.0257   -0.026  -0.0258  -0.0251  -0.0239  -0.0219  -0.0191  -0.0154  -0.0106 -0.00511        0
        1|        0 -0.00381 -0.00841  -0.0126  -0.0162  -0.0191  -0.0215  -0.0232  -0.0244  -0.0251  -0.0253  -0.0251  -0.0245  -0.0233  -0.0217  -0.0195  -0.0167  -0.0131 -0.00889 -0.00418        0
        0|        0 -0.00293 -0.00645 -0.00977  -0.0128  -0.0154  -0.0176  -0.0193  -0.0207  -0.0216  -0.0221  -0.0222  -0.0218  -0.0209  -0.0195  -0.0176   -0.015  -0.0118 -0.00802 -0.00397        0

v (22x12): 
         |        0        1        2        3        4        5        6        7        8        9       10       11       12       13       14       15       16       17       18       19       20       21
-------------------------------------------------------------------------------------------------------------------------------------------------------------------------------------------------------------------------
       10|        0        0        0        0        0        0        0        0        0        0        0        0        0        0        0        0        0        0        0        0        0        0
        9|  -0.0893   0.0895   0.0545   0.0341   0.0225   0.0154   0.0107  0.00754  0.00534  0.00381  0.00269  0.00187  0.00116 0.000437-0.000417 -0.00165 -0.00427  -0.0107   -0.027  -0.0673   -0.138    0.137
        8|  -0.0556   0.0557   0.0521   0.0384   0.0276   0.0198   0.0142   0.0102  0.00735   0.0052  0.00358  0.00228  0.00118 9.71e-05 -0.00112 -0.00279 -0.00566   -0.012  -0.0279  -0.0656   -0.123    0.121
        7|  -0.0396   0.0398   0.0409   0.0332   0.0257   0.0194   0.0145   0.0107  0.00777  0.00548  0.00361  0.00203 0.000529 -0.00105   -0.003  -0.0057 -0.00995  -0.0173   -0.031  -0.0549  -0.0809   0.0792
        6|  -0.0294   0.0295   0.0318   0.0273   0.0222   0.0175   0.0135   0.0102  0.00748  0.00523  0.00333  0.00159-0.000115 -0.00202 -0.00437 -0.00758  -0.0122  -0.0192  -0.0297  -0.0436  -0.0513   0.0503
        5|  -0.0221   0.0222   0.0246   0.0218   0.0184    0.015   0.0118  0.00906  0.00669  0.00466  0.00285  0.00115-0.000592 -0.00254 -0.00493 -0.00804  -0.0123  -0.0179  -0.0252   -0.033   -0.034   0.0334
        4|  -0.0165   0.0166   0.0186   0.0169   0.0146   0.0121   0.0097  0.00753  0.00559  0.00386  0.00228 0.000738-0.000847 -0.00263 -0.00476 -0.00744  -0.0108   -0.015  -0.0198  -0.0242  -0.0233   0.0229
        3|  -0.0118   0.0119   0.0135   0.0124   0.0108  0.00911  0.00739  0.00577  0.00428  0.00292  0.00164  0.00039-0.000919 -0.00236 -0.00407 -0.00611 -0.00857  -0.0114  -0.0144  -0.0169  -0.0158   0.0155
        2| -0.00777  0.00783  0.00895  0.00827  0.00727  0.00613  0.00499  0.00388  0.00285  0.00188 0.000983 8.56e-05-0.000836 -0.00186 -0.00301 -0.00438 -0.00594 -0.00767  -0.0094  -0.0107  -0.0098  0.00967
        1| -0.00402  0.00405  0.00483   0.0044  0.00382  0.00319  0.00254  0.00193  0.00135 0.000828 0.000323-0.000156-0.000655 -0.00118 -0.00177 -0.00242 -0.00315 -0.00392 -0.00467  -0.0052  -0.0047  0.00464
        0|  -0.0183   0.0184   0.0214   0.0205   0.0188   0.0167   0.0143   0.0117  0.00886  0.00589  0.00282-0.000346 -0.00359 -0.00692  -0.0103  -0.0136  -0.0169  -0.0198  -0.0222  -0.0237  -0.0214   0.0212

p (22x12): 
         |        0        1        2        3        4        5        6        7        8        9       10       11       12       13       14       15       16       17       18       19       20       21
-------------------------------------------------------------------------------------------------------------------------------------------------------------------------------------------------------------------------
       11|     -4.7     -4.7    -4.69    -4.69    -4.69    -4.69    -4.69    -4.69    -4.69    -4.68    -4.68    -4.68    -4.68    -4.68    -4.68    -4.67    -4.67    -4.67    -4.66    -4.65    -4.63    -4.63
       10|     -4.7     -4.7    -4.69    -4.69    -4.69    -4.69    -4.69    -4.69    -4.69    -4.68    -4.68    -4.68    -4.68    -4.68    -4.68    -4.67    -4.67    -4.67    -4.66    -4.65    -4.63    -4.63
        9|    -4.69    -4.69    -4.69    -4.69    -4.69    -4.69    -4.69    -4.69    -4.69    -4.68    -4.68    -4.68    -4.68    -4.68    -4.68    -4.67    -4.67    -4.67    -4.67    -4.66    -4.65    -4.65
        8|    -4.69    -4.69    -4.69    -4.69    -4.69    -4.69    -4.69    -4.69    -4.68    -4.68    -4.68    -4.68    -4.68    -4.68    -4.67    -4.67    -4.67    -4.67    -4.67    -4.66    -4.66    -4.66
        7|    -4.69    -4.69    -4.69    -4.69    -4.69    -4.69    -4.69    -4.68    -4.68    -4.68    -4.68    -4.68    -4.68    -4.68    -4.67    -4.67    -4.67    -4.67    -4.67    -4.66    -4.66    -4.66
        6|    -4.69    -4.69    -4.69    -4.69    -4.69    -4.69    -4.68    -4.68    -4.68    -4.68    -4.68    -4.68    -4.68    -4.68    -4.67    -4.67    -4.67    -4.67    -4.67    -4.66    -4.66    -4.66
        5|    -4.69    -4.69    -4.69    -4.69    -4.69    -4.68    -4.68    -4.68    -4.68    -4.68    -4.68    -4.68    -4.68    -4.68    -4.67    -4.67    -4.67    -4.67    -4.67    -4.67    -4.67    -4.67
        4|    -4.69    -4.69    -4.69    -4.69    -4.68    -4.68    -4.68    -4.68    -4.68    -4.68    -4.68    -4.68    -4.68    -4.68    -4.67    -4.67    -4.67    -4.67    -4.67    -4.67    -4.67    -4.67
        3|    -4.68    -4.68    -4.68    -4.68    -4.68    -4.68    -4.68    -4.68    -4.68    -4.68    -4.68    -4.68    -4.68    -4.68    -4.67    -4.67    -4.67    -4.67    -4.67    -4.67    -4.67    -4.67
        2|    -4.68    -4.68    -4.68    -4.68    -4.68    -4.68    -4.68    -4.68    -4.68    -4.68    -4.68    -4.68    -4.68    -4.68    -4.67    -4.67    -4.67    -4.67    -4.67    -4.67    -4.67    -4.67
        1|    -4.68    -4.68    -4.68    -4.68    -4.68    -4.68    -4.68    -4.68    -4.68    -4.68    -4.68    -4.68    -4.68    -4.68    -4.67    -4.67    -4.67    -4.67    -4.67    -4.67    -4.67    -4.67
        0|    -4.68    -4.68    -4.68    -4.68    -4.68    -4.68    -4.68    -4.68    -4.68    -4.68    -4.68    -4.68    -4.68    -4.68    -4.67    -4.67    -4.67    -4.67    -4.67    -4.67    -4.67    -4.67

F (22x12): 
         |        0        1        2        3        4        5        6        7        8        9       10       11       12       13       14       15       16       17       18       19       20
-------------------------------------------------------------------------------------------------------------------------------------------------------------------------------------------------------------------------
       11|        0     1.91     1.86     1.82      1.8     1.79     1.78     1.77     1.76     1.76     1.76     1.75     1.75     1.75     1.75     1.76     1.76     1.77      1.8     1.86        0
       10|        0   0.0907    0.144    0.178    0.201    0.216    0.227    0.235     0.24    0.244    0.247    0.249     0.25     0.25     0.25    0.248    0.244    0.234    0.209    0.145        0
        9|        0  -0.0337  -0.0361  -0.0317  -0.0266  -0.0221  -0.0186  -0.0158  -0.0138  -0.0124  -0.0115  -0.0111  -0.0111  -0.0114  -0.0121  -0.0132  -0.0145  -0.0155  -0.0154  -0.0126        0
        8|        0  -0.0159   -0.027  -0.0321   -0.034  -0.0343   -0.034  -0.0335   -0.033  -0.0327  -0.0327   -0.033  -0.0336  -0.0347  -0.0366  -0.0394  -0.0436  -0.0487  -0.0513  -0.0406        0
        7|        0  -0.0102  -0.0192   -0.025  -0.0284  -0.0302  -0.0312  -0.0316  -0.0319  -0.0321  -0.0324  -0.0328  -0.0335  -0.0344  -0.0357  -0.0375  -0.0397  -0.0415  -0.0401   -0.029        0
        6|        0 -0.00728  -0.0145  -0.0199  -0.0237  -0.0262  -0.0279   -0.029  -0.0298  -0.0303  -0.0308  -0.0312  -0.0316  -0.0321  -0.0327  -0.0331  -0.0331  -0.0317  -0.0273  -0.0169        0
        5|        0 -0.00563  -0.0116  -0.0165  -0.0203  -0.0231  -0.0252  -0.0267  -0.0277  -0.0285  -0.0291  -0.0295  -0.0297  -0.0298  -0.0296  -0.0289  -0.0275  -0.0246  -0.0192  -0.0105        0
        4|        0 -0.00465 -0.00971  -0.0142  -0.0178  -0.0208   -0.023  -0.0248   -0.026   -0.027  -0.0276  -0.0279  -0.0279  -0.0277  -0.0269  -0.0256  -0.0234  -0.0199  -0.0146 -0.00744        0
        3|        0 -0.00405 -0.00854  -0.0126  -0.0161  -0.0191  -0.0214  -0.0233  -0.0247  -0.0257  -0.0263  -0.0266  -0.0265   -0.026  -0.0249  -0.0232  -0.0206  -0.0169  -0.0119 -0.00586        0
        2|        0 -0.00376 -0.00784  -0.0117  -0.0151   -0.018  -0.0204  -0.0223  -0.0238  -0.0248  -0.0254  -0.0257  -0.0255  -0.0248  -0.0235  -0.0216  -0.0188  -0.0151  -0.0105 -0.00504        0
        1|        0  -0.0038 -0.00836  -0.0125   -0.016   -0.019  -0.0213   -0.023  -0.0241  -0.0248   -0.025  -0.0248  -0.0241   -0.023  -0.0214  -0.0192  -0.0164  -0.0129 -0.00873 -0.00411        0
        0|        0        0        0        0        0        0        0        0        0        0        0        0        0        0        0        0        0        0        0        0        0

G (22x12): 
         |        0        1        2        3        4        5        6        7        8        9       10       11       12       13       14       15       16       17       18       19       20       21
-------------------------------------------------------------------------------------------------------------------------------------------------------------------------------------------------------------------------
       10|        0        0        0        0        0        0        0        0        0        0        0        0        0        0        0        0        0        0        0        0        0        0
        9|  -0.0893   0.0883   0.0544    0.034   0.0224   0.0152   0.0105  0.00741  0.00523  0.00372  0.00262  0.00181  0.00111 0.000386 -0.00045 -0.00166 -0.00419  -0.0104   -0.026  -0.0648   -0.133    0.137
        8|  -0.0556    0.055   0.0514   0.0378   0.0271   0.0194   0.0139  0.00998  0.00714  0.00503  0.00344  0.00217  0.00108-3.62e-06 -0.00123 -0.00294 -0.00585  -0.0122  -0.0281   -0.065   -0.121    0.121
        7|  -0.0396   0.0393   0.0404   0.0328   0.0253   0.0191   0.0142   0.0105  0.00757  0.00531  0.00348  0.00191 0.000429 -0.00115  -0.0031 -0.00581  -0.0101  -0.0174   -0.031  -0.0544  -0.0798   0.0792
        6|  -0.0294   0.0292   0.0315    0.027   0.0219   0.0173   0.0133  0.00998   0.0073  0.00509  0.00321  0.00149  -0.0002 -0.00209 -0.00443 -0.00762  -0.0122  -0.0192  -0.0295  -0.0431  -0.0504   0.0503
        5|  -0.0221    0.022   0.0243   0.0216   0.0182   0.0147   0.0116  0.00889  0.00655  0.00454  0.00275  0.00107-0.000657 -0.00259 -0.00496 -0.00804  -0.0122  -0.0178   -0.025  -0.0326  -0.0334   0.0334
        4|  -0.0165   0.0164   0.0184   0.0167   0.0144   0.0119  0.00955  0.00739  0.00548  0.00376   0.0022 0.000677-0.000892 -0.00266 -0.00477 -0.00741  -0.0107  -0.0149  -0.0195  -0.0238  -0.0229   0.0229
        3|  -0.0118   0.0118   0.0133   0.0122   0.0107  0.00899  0.00728  0.00567   0.0042  0.00285  0.00158 0.000349-0.000946 -0.00238 -0.00406 -0.00608  -0.0085  -0.0113  -0.0143  -0.0167  -0.0155   0.0155
        2| -0.00777  0.00773  0.00885  0.00818  0.00718  0.00605  0.00492  0.00382   0.0028  0.00184 0.000952 6.47e-05-0.000847 -0.00186   -0.003 -0.00435 -0.00589 -0.00759 -0.00929  -0.0106 -0.00964  0.00967
        1| -0.00402  0.00409  0.00487  0.00445  0.00386  0.00322  0.00257  0.00195  0.00137 0.000834 0.000324-0.000159-0.000661 -0.00118 -0.00177 -0.00242 -0.00315 -0.00391 -0.00465 -0.00517 -0.00466  0.00464
        0|  -0.0183        0        0        0        0        0        0        0        0        0        0        0        0        0        0        0        0        0        0        0        0   0.0212

rhs (22x12): 
         |        0        1        2        3        4        5        6        7        8        9       10       11       12       13       14       15       16       17       18       19       20       21
-------------------------------------------------------------------------------------------------------------------------------------------------------------------------------------------------------------------------
       11|        0        0        0        0        0        0        0        0        0        0        0        0        0        0        0        0        0        0        0        0        0        0
       10|        0    0.942   -0.312   0.0548    0.107   0.0924    0.079   0.0561   0.0471   0.0311   0.0287   0.0194   0.0248   0.0227   0.0242   0.0348   0.0833    0.178    0.336   0.0843    -4.43        0
        9|        0   -0.167    0.214    0.206    0.144     0.11   0.0734   0.0596   0.0373   0.0339   0.0194   0.0223   0.0139   0.0227   0.0324   0.0673    0.141    0.357    0.803     1.15   0.0657        0
        8|        0  -0.0937  -0.0273  -0.0185 0.000666 -0.00172  0.00714 0.000166  0.00723-0.000384  0.00657-0.000958   0.0062-0.000348  0.00814  0.00275   0.0169   0.0345    0.101   0.0659  -0.0642        0
        7|        0  -0.0376   -0.021 -0.00889   -0.011-0.000353 -0.00557  0.00288 -0.00371  0.00393 -0.00316  0.00416  -0.0031  0.00394 -0.00398  0.00172 -0.00938   -0.012  -0.0449  -0.0908   -0.124        0
        6|        0  -0.0265 -0.00605  -0.0113 -0.00138 -0.00663  0.00202 -0.00437  0.00345  -0.0035  0.00393 -0.00331  0.00391 -0.00371  0.00286 -0.00596 -0.00215   -0.017  -0.0244  -0.0472  -0.0324        0
        5|        0  -0.0135  -0.0096 -0.00129 -0.00704  0.00153 -0.00478  0.00316 -0.00368  0.00386 -0.00328  0.00404 -0.00335  0.00366 -0.00418  0.00194  -0.0076 -0.00452  -0.0183   -0.016 -0.00475        0
        4|        0  -0.0149-0.000342 -0.00703  0.00124 -0.00514  0.00287 -0.00388  0.00378 -0.00328  0.00414  -0.0031  0.00407 -0.00342  0.00343 -0.00469  0.00107 -0.00868  -0.0048  -0.0144  0.00823        0
        3|        0 -0.00722 -0.00656  0.00117 -0.00543  0.00257 -0.00414  0.00362 -0.00335  0.00416   -0.003  0.00434 -0.00303   0.0041 -0.00354  0.00309 -0.00531   0.0003 -0.00912 -0.00317  0.00424        0
        2|        0  -0.0459  -0.0415  -0.0454  -0.0325  -0.0335  -0.0197  -0.0208 -0.00782  -0.0101  0.00146 -0.00241  0.00769  0.00274   0.0118  0.00544   0.0128  0.00452   0.0102  0.00159   0.0203        0
        1|        0    0.111    0.119    0.126    0.115    0.116      0.1   0.0963   0.0755   0.0668   0.0415   0.0286 -0.00175  -0.0215  -0.0591  -0.0856   -0.129   -0.157   -0.197   -0.212    -0.21        0
        0|        0        0        0        0        0        0        0        0        0        0        0        0        0        0        0        0        0        0        0        0        0        0

