t: 0.994781
nCells: 20x10, dx: 0.1, dy: 0.1

u (22x12): 
         |        0        1        2        3        4        5        6        7        8        9       10       11       12       13       14       15       16       17       18       19       20
-------------------------------------------------------------------------------------------------------------------------------------------------------------------------------------------------------------------------
       11|        0     1.93     1.89     1.88     1.87     1.86     1.86     1.85     1.85     1.85     1.85     1.85     1.85     1.85     1.85     1.85     1.86     1.87     1.88     1.92        0
       10|        0   0.0713    0.107    0.126    0.137    0.143    0.147     0.15    0.151    0.152    0.153    0.153    0.153    0.152    0.151    0.149    0.145    0.137    0.121   0.0837        0
        9|        0  -0.0274  -0.0291  -0.0254  -0.0216  -0.0185  -0.0163  -0.0148  -0.0137  -0.0131  -0.0128  -0.0128  -0.0131  -0.0138   -0.015  -0.0167  -0.0193  -0.0225  -0.0256  -0.0235        0
        8|        0  -0.0141  -0.0213  -0.0234  -0.0234  -0.0226  -0.0218  -0.0211  -0.0206  -0.0203  -0.0202  -0.0203  -0.0207  -0.0213  -0.0223  -0.0237  -0.0255  -0.0274  -0.0278   -0.022        0
        7|        0 -0.00837  -0.0145  -0.0178  -0.0193  -0.0197  -0.0198  -0.0197  -0.0196  -0.0195  -0.0195  -0.0196  -0.0198  -0.0202  -0.0207  -0.0212  -0.0216  -0.0212   -0.019  -0.0125        0
        6|        0 -0.00565  -0.0106  -0.0139  -0.0159  -0.0171  -0.0177  -0.0181  -0.0183  -0.0184  -0.0185  -0.0185  -0.0186  -0.0187  -0.0187  -0.0184  -0.0178  -0.0163  -0.0131 -0.00755        0
        5|        0  -0.0042 -0.00818  -0.0113  -0.0135   -0.015   -0.016  -0.0166   -0.017  -0.0173  -0.0174  -0.0175  -0.0174  -0.0172  -0.0168  -0.0161  -0.0149  -0.0129 -0.00972 -0.00518        0
        4|        0 -0.00336 -0.00671 -0.00952  -0.0117  -0.0134  -0.0146  -0.0154   -0.016  -0.0163  -0.0165  -0.0165  -0.0163   -0.016  -0.0153  -0.0143  -0.0128  -0.0107  -0.0077 -0.00394        0
        3|        0 -0.00287  -0.0058 -0.00837  -0.0105  -0.0122  -0.0135  -0.0145  -0.0151  -0.0156  -0.0157  -0.0157  -0.0155   -0.015  -0.0142   -0.013  -0.0114 -0.00923 -0.00649 -0.00325        0
        2|        0 -0.00259 -0.00526 -0.00768 -0.00975  -0.0115  -0.0128  -0.0138  -0.0145   -0.015  -0.0152  -0.0152  -0.0149  -0.0143  -0.0134  -0.0122  -0.0105 -0.00837 -0.00579 -0.00286        0
        1|        0  -0.0025 -0.00517 -0.00759 -0.00966  -0.0114  -0.0127  -0.0137  -0.0144  -0.0148  -0.0149  -0.0148  -0.0144  -0.0137  -0.0127  -0.0114 -0.00975 -0.00768 -0.00526 -0.00256        0
        0|        0 -0.00204 -0.00422 -0.00624 -0.00802 -0.00954  -0.0108  -0.0117  -0.0124  -0.0129   -0.013   -0.013  -0.0126   -0.012  -0.0112 -0.00996 -0.00844 -0.00662 -0.00452 -0.00223        0

v (22x12): 
         |        0        1        2        3        4        5        6        7        8        9       10       11       12       13       14       15       16       17       18       19       20       21
-------------------------------------------------------------------------------------------------------------------------------------------------------------------------------------------------------------------------
       10|        0        0        0        0        0        0        0        0        0        0        0        0        0        0        0        0        0        0        0        0        0        0
        9|  -0.0703   0.0713   0.0359   0.0187   0.0106  0.00639  0.00404  0.00262  0.00171  0.00108 0.000613 0.000205-0.000206-0.000646 -0.00124 -0.00218 -0.00393 -0.00759  -0.0161  -0.0376  -0.0837   0.0818
        8|  -0.0433    0.044   0.0342   0.0224   0.0144  0.00943  0.00625  0.00416  0.00274   0.0017 0.000894  0.00019-0.000508 -0.00132 -0.00239 -0.00395 -0.00646  -0.0109  -0.0192  -0.0355  -0.0602   0.0584
        7|  -0.0294   0.0299    0.027   0.0202   0.0145   0.0102  0.00709  0.00488  0.00325  0.00201 0.000987 6.53e-05-0.000881 -0.00198 -0.00339 -0.00536 -0.00827  -0.0127  -0.0196  -0.0297  -0.0382   0.0371
        6|  -0.0211   0.0215   0.0209   0.0169    0.013  0.00969  0.00705  0.00499  0.00338  0.00208  0.00098-5.16e-05 -0.00111 -0.00234 -0.00386 -0.00588 -0.00863  -0.0124  -0.0174  -0.0232  -0.0257   0.0251
        5|  -0.0155   0.0158   0.0159   0.0136    0.011  0.00853  0.00641  0.00465  0.00319  0.00197 0.000893-0.000131  -0.0012  -0.0024 -0.00385 -0.00567 -0.00799  -0.0109  -0.0142  -0.0176  -0.0182   0.0177
        4|  -0.0114   0.0116    0.012   0.0105  0.00878  0.00702  0.00541    0.004  0.00278  0.00172 0.000755-0.000175 -0.00114 -0.00221 -0.00346 -0.00496 -0.00676 -0.00885  -0.0111   -0.013   -0.013   0.0127
        3| -0.00812  0.00828  0.00861  0.00772  0.00657  0.00537  0.00421  0.00315  0.00221  0.00136 0.000579-0.000181-0.000971 -0.00183 -0.00282 -0.00396 -0.00526 -0.00669 -0.00812 -0.00929 -0.00909  0.00888
        2| -0.00531  0.00541  0.00567  0.00514  0.00444  0.00367  0.00291  0.00219  0.00154 0.000944 0.000385-0.000165-0.000728 -0.00134 -0.00202 -0.00279 -0.00363 -0.00453 -0.00538 -0.00605 -0.00584  0.00571
        1| -0.00278  0.00283    0.003  0.00272  0.00236  0.00196  0.00156  0.00118 0.000821 0.000493 0.000178-0.000126-0.000441-0.000773 -0.00114 -0.00154 -0.00196  -0.0024  -0.0028 -0.00311 -0.00298  0.00292
        0|   -0.012   0.0123   0.0131   0.0124   0.0112  0.00984  0.00827  0.00658  0.00481    0.003  0.00116-0.000697 -0.00257 -0.00444  -0.0063 -0.00812 -0.00985  -0.0114  -0.0127  -0.0135  -0.0128   0.0125

p (22x12): 
         |        0        1        2        3        4        5        6        7        8        9       10       11       12       13       14       15       16       17       18       19       20       21
-------------------------------------------------------------------------------------------------------------------------------------------------------------------------------------------------------------------------
       11|   -0.826   -0.826    -0.82   -0.816   -0.813    -0.81   -0.808   -0.805   -0.803   -0.801   -0.799   -0.797   -0.795   -0.793   -0.791   -0.788   -0.786   -0.782   -0.778   -0.769   -0.755   -0.755
       10|   -0.826   -0.826    -0.82   -0.816   -0.813    -0.81   -0.808   -0.805   -0.803   -0.801   -0.799   -0.797   -0.795   -0.793   -0.791   -0.788   -0.786   -0.782   -0.778   -0.769   -0.755   -0.755
        9|   -0.819   -0.819   -0.817   -0.815   -0.812    -0.81   -0.807   -0.805   -0.803   -0.801   -0.799   -0.797   -0.795   -0.793   -0.791   -0.789   -0.786   -0.783    -0.78   -0.775   -0.768   -0.768
        8|   -0.815   -0.815   -0.814   -0.812    -0.81   -0.808   -0.806   -0.804   -0.802     -0.8   -0.799   -0.797   -0.795   -0.793   -0.791   -0.789   -0.786   -0.784   -0.781   -0.778   -0.775   -0.775
        7|   -0.812   -0.812   -0.811    -0.81   -0.809   -0.807   -0.806   -0.804   -0.802     -0.8   -0.798   -0.797   -0.795   -0.793   -0.791   -0.789   -0.787   -0.785   -0.782    -0.78   -0.779   -0.779
        6|    -0.81    -0.81   -0.809   -0.809   -0.807   -0.806   -0.805   -0.803   -0.802     -0.8   -0.798   -0.796   -0.795   -0.793   -0.791   -0.789   -0.787   -0.786   -0.784   -0.783   -0.782   -0.782
        5|   -0.808   -0.808   -0.808   -0.807   -0.806   -0.805   -0.804   -0.803   -0.801     -0.8   -0.798   -0.796   -0.795   -0.793   -0.791    -0.79   -0.788   -0.787   -0.785   -0.784   -0.784   -0.784
        4|   -0.807   -0.807   -0.807   -0.806   -0.806   -0.805   -0.803   -0.802   -0.801   -0.799   -0.798   -0.796   -0.795   -0.793   -0.792    -0.79   -0.789   -0.787   -0.786   -0.785   -0.785   -0.785
        3|   -0.806   -0.806   -0.806   -0.806   -0.805   -0.804   -0.803   -0.802   -0.801   -0.799   -0.798   -0.796   -0.795   -0.793   -0.792    -0.79   -0.789   -0.788   -0.787   -0.786   -0.786   -0.786
        2|   -0.806   -0.806   -0.806   -0.805   -0.805   -0.804   -0.803   -0.802     -0.8   -0.799   -0.798   -0.796   -0.795   -0.793   -0.792   -0.791   -0.789   -0.788   -0.788   -0.787   -0.787   -0.787
        1|   -0.806   -0.806   -0.806   -0.805   -0.805   -0.804   -0.803   -0.802     -0.8   -0.799   -0.798   -0.796   -0.795   -0.793   -0.792   -0.791    -0.79   -0.788   -0.788   -0.787   -0.787   -0.787
        0|   -0.804   -0.804   -0.804   -0.804   -0.803   -0.803   -0.802   -0.801     -0.8   -0.799   -0.797   -0.796   -0.795   -0.794   -0.793   -0.792   -0.791    -0.79   -0.789   -0.789   -0.788   -0.788

F (22x12): 
         |        0        1        2        3        4        5        6        7        8        9       10       11       12       13       14       15       16       17       18       19       20
-------------------------------------------------------------------------------------------------------------------------------------------------------------------------------------------------------------------------
       11|        0     1.93     1.89     1.88     1.87     1.86     1.86     1.85     1.85     1.85     1.85     1.85     1.85     1.85     1.85     1.85     1.86     1.87     1.88     1.92        0
       10|        0   0.0731    0.108    0.127    0.137    0.144    0.148     0.15    0.152    0.153    0.154    0.154    0.154    0.153    0.152     0.15    0.146    0.139    0.123   0.0875        0
        9|        0  -0.0269  -0.0284  -0.0247  -0.0209  -0.0179  -0.0157  -0.0142  -0.0132  -0.0126  -0.0123  -0.0123  -0.0126  -0.0133  -0.0144  -0.0161  -0.0185  -0.0216  -0.0243  -0.0218        0
        8|        0  -0.0139  -0.0209  -0.0229  -0.0229  -0.0221  -0.0213  -0.0206  -0.0201  -0.0198  -0.0197  -0.0198  -0.0201  -0.0208  -0.0218  -0.0231  -0.0249  -0.0266   -0.027  -0.0212        0
        7|        0 -0.00824  -0.0143  -0.0175  -0.0188  -0.0193  -0.0193  -0.0192  -0.0191   -0.019   -0.019  -0.0191  -0.0194  -0.0197  -0.0202  -0.0206   -0.021  -0.0206  -0.0184  -0.0121        0
        6|        0 -0.00556  -0.0104  -0.0136  -0.0156  -0.0167  -0.0173  -0.0177  -0.0178  -0.0179   -0.018  -0.0181  -0.0182  -0.0182  -0.0182   -0.018  -0.0173  -0.0158  -0.0128 -0.00733        0
        5|        0 -0.00412 -0.00802   -0.011  -0.0132  -0.0146  -0.0156  -0.0162  -0.0166  -0.0169   -0.017   -0.017   -0.017  -0.0168  -0.0164  -0.0157  -0.0145  -0.0125 -0.00945 -0.00504        0
        4|        0  -0.0033 -0.00658 -0.00932  -0.0115  -0.0131  -0.0142  -0.0151  -0.0156  -0.0159  -0.0161  -0.0161  -0.0159  -0.0156  -0.0149   -0.014  -0.0125  -0.0104 -0.00749 -0.00384        0
        3|        0 -0.00281 -0.00568  -0.0082  -0.0103  -0.0119  -0.0132  -0.0141  -0.0148  -0.0152  -0.0154  -0.0153  -0.0151  -0.0146  -0.0138  -0.0127  -0.0111 -0.00898 -0.00632 -0.00316        0
        2|        0 -0.00254 -0.00515 -0.00751 -0.00954  -0.0112  -0.0125  -0.0135  -0.0142  -0.0146  -0.0148  -0.0148  -0.0145  -0.0139  -0.0131  -0.0119  -0.0102 -0.00815 -0.00564 -0.00279        0
        1|        0 -0.00245 -0.00507 -0.00743 -0.00945  -0.0111  -0.0124  -0.0134   -0.014  -0.0144  -0.0145  -0.0144   -0.014  -0.0134  -0.0124  -0.0111 -0.00948 -0.00747 -0.00512 -0.00249        0
        0|        0        0        0        0        0        0        0        0        0        0        0        0        0        0        0        0        0        0        0        0        0

G (22x12): 
         |        0        1        2        3        4        5        6        7        8        9       10       11       12       13       14       15       16       17       18       19       20       21
-------------------------------------------------------------------------------------------------------------------------------------------------------------------------------------------------------------------------
       10|        0        0        0        0        0        0        0        0        0        0        0        0        0        0        0        0        0        0        0        0        0        0
        9|  -0.0703   0.0695   0.0353   0.0183   0.0103  0.00622  0.00392  0.00254  0.00165  0.00104 0.000584 0.000186-0.000212-0.000643 -0.00122 -0.00214 -0.00384 -0.00736  -0.0156  -0.0362  -0.0802   0.0818
        8|  -0.0433   0.0428   0.0333   0.0217    0.014  0.00912  0.00604  0.00401  0.00263  0.00163 0.000842 0.000156-0.000528 -0.00133 -0.00238 -0.00392  -0.0064  -0.0107  -0.0189  -0.0348  -0.0584   0.0584
        7|  -0.0294   0.0291   0.0264   0.0197   0.0141  0.00988  0.00687  0.00472  0.00314  0.00193 0.000933 3.33e-05-0.000892 -0.00197 -0.00335 -0.00529 -0.00815  -0.0125  -0.0193   -0.029  -0.0371   0.0371
        6|  -0.0211    0.021   0.0204   0.0165   0.0127  0.00942  0.00684  0.00483  0.00327  0.00201 0.000929 -7.8e-05 -0.00112 -0.00231 -0.00381 -0.00578 -0.00847  -0.0122   -0.017  -0.0226   -0.025   0.0251
        5|  -0.0155   0.0155   0.0156   0.0133   0.0107   0.0083  0.00623  0.00451  0.00309   0.0019 0.000848-0.000151 -0.00119 -0.00236 -0.00378 -0.00556 -0.00782  -0.0106  -0.0139  -0.0171  -0.0177   0.0177
        4|  -0.0114   0.0114   0.0117   0.0103  0.00856  0.00684  0.00526  0.00388   0.0027  0.00166 0.000719-0.000189 -0.00113 -0.00217  -0.0034 -0.00486 -0.00662 -0.00865  -0.0108  -0.0127  -0.0127   0.0127
        3| -0.00812  0.00808  0.00841  0.00754  0.00642  0.00523   0.0041  0.00307  0.00214  0.00132 0.000553 -0.00019-0.000961  -0.0018 -0.00277 -0.00388 -0.00515 -0.00653 -0.00792 -0.00906 -0.00884  0.00888
        2| -0.00531  0.00528  0.00555  0.00502  0.00433  0.00358  0.00284  0.00214   0.0015 0.000916 0.000369-0.000168-0.000719 -0.00132 -0.00198 -0.00273 -0.00356 -0.00442 -0.00525  -0.0059 -0.00569  0.00571
        1| -0.00278  0.00281  0.00299  0.00271  0.00235  0.00195  0.00155  0.00117 0.000816 0.000489 0.000176-0.000127 -0.00044-0.000769 -0.00113 -0.00152 -0.00194 -0.00237 -0.00277 -0.00307 -0.00293  0.00292
        0|   -0.012        0        0        0        0        0        0        0        0        0        0        0        0        0        0        0        0        0        0        0        0   0.0125

rhs (22x12): 
         |        0        1        2        3        4        5        6        7        8        9       10       11       12       13       14       15       16       17       18       19       20       21
-------------------------------------------------------------------------------------------------------------------------------------------------------------------------------------------------------------------------
       11|        0        0        0        0        0        0        0        0        0        0        0        0        0        0        0        0        0        0        0        0        0        0
       10|        0     1.39  -0.0576   0.0996   0.0729   0.0429   0.0278   0.0167    0.013  0.00842  0.00894  0.00729  0.00684  0.00686   0.0121   0.0177   0.0347   0.0658    0.126   0.0978    -2.82        0
        9|        0  -0.0986    0.163    0.118   0.0647   0.0392   0.0222   0.0162  0.00916  0.00871  0.00501  0.00698  0.00791    0.012   0.0145   0.0277   0.0506    0.114    0.256    0.416   0.0303        0
        8|        0  -0.0758  -0.0194    -0.01  -0.0017 -0.00174  0.00138-0.000645  0.00173 -0.00056  0.00173  -0.0005  0.00202-0.000209   0.0022 2.93e-05  0.00241-0.000181 -0.00177  -0.0301  -0.0341        0
        7|        0  -0.0303  -0.0111 -0.00509 -0.00449-0.000539 -0.00194 0.000835 -0.00122  0.00121 -0.00104  0.00128 -0.00107  0.00111 -0.00148 0.000196 -0.00348 -0.00431  -0.0135   -0.021  -0.0148        0
        6|        0  -0.0181 -0.00387  -0.0047-0.000995 -0.00234 0.000547 -0.00141  0.00109 -0.00111  0.00124 -0.00106  0.00119 -0.00123 0.000825 -0.00196-0.000593 -0.00464 -0.00526  -0.0105  0.00331        0
        5|        0  -0.0105 -0.00403 -0.00103 -0.00256 0.000331 -0.00157 0.000987 -0.00116  0.00122 -0.00104  0.00126 -0.00109  0.00111 -0.00138  0.00058 -0.00232-0.000997 -0.00468 -0.00357  0.00444        0
        4|        0 -0.00927-0.000689  -0.0026 0.000185 -0.00172  0.00088 -0.00122   0.0012 -0.00103  0.00131   -0.001  0.00126 -0.00112  0.00104 -0.00152 0.000367 -0.00254 -0.00102 -0.00392  0.00623        0
        3|        0 -0.00593 -0.00246 0.000114 -0.00185 0.000755 -0.00131  0.00116 -0.00104  0.00133-0.000943  0.00135-0.000982  0.00126 -0.00117 0.000928 -0.00169  0.00019 -0.00262-0.000677  0.00416        0
        2|        0  -0.0256  -0.0203  -0.0207  -0.0158  -0.0151  -0.0098  -0.0092 -0.00422 -0.00413 0.000278-0.000226   0.0037  0.00284  0.00638  0.00505  0.00804  0.00609  0.00847  0.00615    0.014        0
        1|        0    0.139    0.141    0.137    0.125    0.114   0.0967   0.0818    0.061   0.0437    0.021  0.00221  -0.0222  -0.0431  -0.0693  -0.0914   -0.118   -0.138    -0.16   -0.171   -0.171        0
        0|        0        0        0        0        0        0        0        0        0        0        0        0        0        0        0        0        0        0        0        0        0        0

