t: 0.251366
nCells: 20x10, dx: 0.1, dy: 0.1

u (22x12): 
         |        0        1        2        3        4        5        6        7        8        9       10       11       12       13       14       15       16       17       18       19       20
-------------------------------------------------------------------------------------------------------------------------------------------------------------------------------------------------------------------------
       11|        0     1.98     1.97     1.97     1.96     1.96     1.96     1.96     1.96     1.96     1.96     1.96     1.96     1.96     1.96     1.96     1.96     1.97     1.97     1.98        0
       10|        0   0.0236   0.0332   0.0376   0.0399   0.0412    0.042   0.0425   0.0428    0.043   0.0431    0.043   0.0429   0.0426   0.0421   0.0413     0.04   0.0378   0.0334   0.0238        0
        9|        0 -0.00946 -0.00973 -0.00847 -0.00731 -0.00645 -0.00585 -0.00545 -0.00519 -0.00505 -0.00501 -0.00505 -0.00518 -0.00543 -0.00583 -0.00642 -0.00727 -0.00842 -0.00967 -0.00938        0
        8|        0 -0.00475 -0.00653  -0.0068 -0.00655  -0.0062 -0.00589 -0.00565 -0.00549 -0.00539 -0.00536 -0.00539 -0.00549 -0.00566  -0.0059 -0.00622 -0.00659 -0.00687 -0.00666 -0.00492        0
        7|        0 -0.00271 -0.00437 -0.00513 -0.00538 -0.00539 -0.00532 -0.00524 -0.00517 -0.00512 -0.00511 -0.00513 -0.00517 -0.00525 -0.00534 -0.00542 -0.00541 -0.00518 -0.00445 -0.00278        0
        6|        0 -0.00176 -0.00312 -0.00396 -0.00443 -0.00466 -0.00477 -0.00481 -0.00482 -0.00482 -0.00482 -0.00482 -0.00483 -0.00482 -0.00478 -0.00469 -0.00446   -0.004 -0.00316  -0.0018        0
        5|        0 -0.00128 -0.00237 -0.00317 -0.00372 -0.00406 -0.00428 -0.00441 -0.00448 -0.00452 -0.00453 -0.00452 -0.00449 -0.00442 -0.00429 -0.00408 -0.00374  -0.0032 -0.00239 -0.00129        0
        4|        0-0.000999 -0.00191 -0.00264  -0.0032  -0.0036 -0.00388 -0.00406 -0.00418 -0.00424 -0.00427 -0.00425 -0.00418 -0.00407 -0.00389 -0.00361 -0.00322 -0.00266 -0.00192 -0.00101        0
        3|        0-0.000834 -0.00162 -0.00229 -0.00284 -0.00325 -0.00356 -0.00378 -0.00393 -0.00401 -0.00404 -0.00401 -0.00393 -0.00379 -0.00357 -0.00327 -0.00285 -0.00231 -0.00163 -0.00084        0
        2|        0-0.000736 -0.00144 -0.00207  -0.0026 -0.00302 -0.00334 -0.00358 -0.00374 -0.00383 -0.00387 -0.00384 -0.00375 -0.00359 -0.00335 -0.00303 -0.00261 -0.00208 -0.00145-0.000741        0
        1|        0-0.000683 -0.00135 -0.00195 -0.00247 -0.00289 -0.00321 -0.00346 -0.00362 -0.00372 -0.00375 -0.00372 -0.00362 -0.00346 -0.00322 -0.00289 -0.00247 -0.00196 -0.00136-0.000684        0
        0|        0-0.000572 -0.00113 -0.00165 -0.00209 -0.00247 -0.00277   -0.003 -0.00316 -0.00326 -0.00329 -0.00326 -0.00316 -0.00301 -0.00278 -0.00248  -0.0021 -0.00165 -0.00114-0.000574        0

v (22x12): 
         |        0        1        2        3        4        5        6        7        8        9       10       11       12       13       14       15       16       17       18       19       20       21
-------------------------------------------------------------------------------------------------------------------------------------------------------------------------------------------------------------------------
       10|        0        0        0        0        0        0        0        0        0        0        0        0        0        0        0        0        0        0        0        0        0        0
        9|  -0.0214   0.0236   0.0096   0.0044   0.0023  0.00132 0.000809 0.000507 0.000311 0.000172 5.89e-05-4.55e-05-0.000157-0.000293-0.000483-0.000777 -0.00128 -0.00224 -0.00435 -0.00962  -0.0238   0.0215
        8|  -0.0128   0.0141  0.00933  0.00566  0.00347  0.00218  0.00141 0.000907 0.000566 0.000313 0.000106-8.73e-05-0.000293-0.000542-0.000877 -0.00137 -0.00213  -0.0034 -0.00559 -0.00933  -0.0144    0.013
        7| -0.00849  0.00938  0.00755  0.00539  0.00371  0.00253  0.00172  0.00115 0.000731 0.000409 0.000137-0.000119 -0.00039-0.000709 -0.00112 -0.00169  -0.0025 -0.00368 -0.00537 -0.00759 -0.00952  0.00859
        6| -0.00604  0.00667  0.00588  0.00463  0.00346  0.00252  0.00179  0.00123 0.000802 0.000453 0.000151-0.000136-0.000437-0.000784 -0.00121 -0.00177  -0.0025 -0.00345 -0.00464 -0.00592 -0.00675   0.0061
        5| -0.00445  0.00491  0.00453  0.00378  0.00299  0.00228  0.00168  0.00119 0.000791 0.000452 0.000151-0.000138-0.000439-0.000777 -0.00118 -0.00167 -0.00227 -0.00299  -0.0038 -0.00456 -0.00495  0.00448
        4|  -0.0033  0.00363  0.00344  0.00298  0.00245  0.00193  0.00147  0.00106 0.000717 0.000414 0.000139-0.000128-0.000404-0.000707 -0.00105 -0.00146 -0.00193 -0.00245 -0.00299 -0.00346 -0.00366  0.00332
        3|  -0.0024  0.00263  0.00253  0.00224  0.00189  0.00153  0.00119 0.000877   0.0006  0.00035 0.000117-0.000109-0.000342-0.000593-0.000871 -0.00118 -0.00153  -0.0019 -0.00225 -0.00254 -0.00265  0.00241
        2| -0.00165   0.0018  0.00175  0.00157  0.00135  0.00111 0.000878 0.000658 0.000455 0.000267 8.96e-05-8.45e-05-0.000262 -0.00045-0.000654-0.000876 -0.00111 -0.00135 -0.00158 -0.00175 -0.00181  0.00166
        1|-0.000991  0.00106  0.00104 0.000945 0.000825 0.000691 0.000554 0.000421 0.000294 0.000174 5.85e-05-5.57e-05-0.000172-0.000292 -0.00042-0.000553-0.000691-0.000827-0.000949 -0.00104 -0.00107 0.000995
        0| -0.00304   0.0034  0.00336  0.00314  0.00284  0.00247  0.00205  0.00161  0.00116 0.000699 0.000235-0.000229-0.000692 -0.00115 -0.00161 -0.00205 -0.00247 -0.00284 -0.00315 -0.00337 -0.00341  0.00305

p (22x12): 
         |        0        1        2        3        4        5        6        7        8        9       10       11       12       13       14       15       16       17       18       19       20       21
-------------------------------------------------------------------------------------------------------------------------------------------------------------------------------------------------------------------------
       11|  -0.0437  -0.0437   -0.034   -0.028  -0.0236  -0.0201  -0.0172  -0.0145   -0.012 -0.00965 -0.00736 -0.00509  -0.0028-0.000447  0.00202  0.00468  0.00765   0.0112   0.0156   0.0219   0.0323   0.0323
       10|  -0.0437  -0.0437   -0.034   -0.028  -0.0236  -0.0201  -0.0172  -0.0145   -0.012 -0.00965 -0.00736 -0.00509  -0.0028-0.000447  0.00202  0.00468  0.00765   0.0112   0.0156   0.0219   0.0323   0.0323
        9|  -0.0341  -0.0341  -0.0303  -0.0263  -0.0227  -0.0196  -0.0168  -0.0143  -0.0119 -0.00958 -0.00733  -0.0051 -0.00285-0.000553  0.00184  0.00439  0.00717   0.0103   0.0139    0.018   0.0222   0.0222
        8|  -0.0284  -0.0284  -0.0266   -0.024  -0.0213  -0.0188  -0.0163  -0.0139  -0.0117 -0.00946 -0.00729 -0.00513 -0.00295-0.000747  0.00152  0.00389  0.00637    0.009   0.0117   0.0144   0.0164   0.0164
        7|  -0.0247  -0.0247  -0.0236  -0.0219  -0.0199  -0.0178  -0.0156  -0.0135  -0.0114  -0.0093 -0.00723 -0.00516 -0.00309   -0.001  0.00111  0.00326  0.00543   0.0076  0.00968   0.0115   0.0126   0.0126
        6|   -0.022   -0.022  -0.0214  -0.0201  -0.0186  -0.0168  -0.0149   -0.013  -0.0111 -0.00912 -0.00716 -0.00521 -0.00325 -0.00129 0.000668   0.0026   0.0045  0.00629   0.0079  0.00917  0.00988  0.00988
        5|  -0.0201  -0.0201  -0.0196  -0.0187  -0.0174  -0.0159  -0.0143  -0.0126  -0.0108 -0.00895  -0.0071 -0.00525  -0.0034 -0.00156 0.000241  0.00199  0.00365  0.00517  0.00647  0.00743  0.00795  0.00795
        4|  -0.0188  -0.0188  -0.0184  -0.0176  -0.0165  -0.0152  -0.0138  -0.0122  -0.0105  -0.0088 -0.00705 -0.00529 -0.00354 -0.00181-0.000132  0.00147  0.00295  0.00427  0.00536  0.00614  0.00654  0.00654
        3|  -0.0178  -0.0178  -0.0175  -0.0168  -0.0159  -0.0147  -0.0134  -0.0119  -0.0103 -0.00868 -0.00701 -0.00532 -0.00365 -0.00201-0.000428  0.00106  0.00242   0.0036  0.00455  0.00522  0.00556  0.00556
        2|  -0.0172  -0.0172  -0.0169  -0.0163  -0.0154  -0.0143  -0.0131  -0.0117  -0.0102 -0.00859 -0.00698 -0.00535 -0.00373 -0.00215-0.000632 0.000781  0.00206  0.00315  0.00403  0.00463  0.00494  0.00494
        1|  -0.0169  -0.0169  -0.0166  -0.0161  -0.0152  -0.0142   -0.013  -0.0116  -0.0101 -0.00856 -0.00696 -0.00536 -0.00376 -0.00221-0.000724 0.000656  0.00189  0.00295  0.00379  0.00437  0.00466  0.00466
        0|  -0.0154  -0.0154  -0.0152  -0.0147   -0.014  -0.0131  -0.0121  -0.0109  -0.0096 -0.00825 -0.00686 -0.00545 -0.00406 -0.00271 -0.00143-0.000239 0.000817  0.00171  0.00241   0.0029  0.00314  0.00314

F (22x12): 
         |        0        1        2        3        4        5        6        7        8        9       10       11       12       13       14       15       16       17       18       19       20
-------------------------------------------------------------------------------------------------------------------------------------------------------------------------------------------------------------------------
       11|        0     1.98     1.97     1.97     1.96     1.96     1.96     1.96     1.96     1.96     1.96     1.96     1.96     1.96     1.96     1.96     1.96     1.97     1.97     1.98        0
       10|        0   0.0261   0.0347   0.0387   0.0408    0.042   0.0427   0.0431   0.0434   0.0436   0.0436   0.0436   0.0435   0.0432   0.0428   0.0421   0.0409   0.0389    0.035   0.0265        0
        9|        0  -0.0085 -0.00872 -0.00758 -0.00652 -0.00574  -0.0052 -0.00484 -0.00461 -0.00448 -0.00444 -0.00448  -0.0046 -0.00483 -0.00518 -0.00571 -0.00648 -0.00752 -0.00862 -0.00833        0
        8|        0 -0.00429 -0.00589 -0.00612  -0.0059 -0.00558  -0.0053 -0.00508 -0.00493 -0.00484 -0.00481 -0.00484 -0.00493 -0.00508  -0.0053  -0.0056 -0.00593 -0.00618 -0.00598 -0.00442        0
        7|        0 -0.00244 -0.00394 -0.00462 -0.00484 -0.00485 -0.00479 -0.00471 -0.00464  -0.0046 -0.00459  -0.0046 -0.00465 -0.00471  -0.0048 -0.00487 -0.00487 -0.00466   -0.004  -0.0025        0
        6|        0 -0.00159 -0.00281 -0.00357 -0.00398 -0.00419 -0.00428 -0.00432 -0.00433 -0.00433 -0.00433 -0.00433 -0.00433 -0.00432 -0.00429 -0.00421 -0.00401 -0.00359 -0.00284 -0.00162        0
        5|        0 -0.00115 -0.00213 -0.00285 -0.00334 -0.00365 -0.00384 -0.00395 -0.00402 -0.00405 -0.00406 -0.00405 -0.00402 -0.00396 -0.00385 -0.00366 -0.00336 -0.00287 -0.00215 -0.00116        0
        4|        0-0.000899 -0.00171 -0.00237 -0.00287 -0.00323 -0.00348 -0.00364 -0.00374  -0.0038 -0.00382  -0.0038 -0.00375 -0.00365 -0.00348 -0.00324 -0.00288 -0.00239 -0.00173-0.000906        0
        3|        0 -0.00075 -0.00145 -0.00206 -0.00254 -0.00292 -0.00319 -0.00339 -0.00352 -0.00359 -0.00361 -0.00359 -0.00352 -0.00339  -0.0032 -0.00292 -0.00255 -0.00206 -0.00146-0.000754        0
        2|        0 -0.00066 -0.00129 -0.00185 -0.00232  -0.0027 -0.00299  -0.0032 -0.00334 -0.00343 -0.00345 -0.00343 -0.00335 -0.00321   -0.003 -0.00271 -0.00233 -0.00186  -0.0013-0.000663        0
        1|        0-0.000612 -0.00121 -0.00175  -0.0022 -0.00258 -0.00287 -0.00308 -0.00323 -0.00332 -0.00334 -0.00332 -0.00323 -0.00308 -0.00287 -0.00258  -0.0022 -0.00174 -0.00121-0.000611        0
        0|        0        0        0        0        0        0        0        0        0        0        0        0        0        0        0        0        0        0        0        0        0

G (22x12): 
         |        0        1        2        3        4        5        6        7        8        9       10       11       12       13       14       15       16       17       18       19       20       21
-------------------------------------------------------------------------------------------------------------------------------------------------------------------------------------------------------------------------
       10|        0        0        0        0        0        0        0        0        0        0        0        0        0        0        0        0        0        0        0        0        0        0
        9|  -0.0214   0.0211  0.00867  0.00397  0.00207  0.00119  0.00073 0.000457 0.000281 0.000154 5.25e-05 -4.2e-05-0.000143-0.000266-0.000438-0.000704 -0.00116 -0.00202 -0.00391 -0.00863  -0.0213   0.0215
        8|  -0.0128   0.0127   0.0084  0.00509  0.00312  0.00197  0.00127 0.000817  0.00051 0.000281 9.38e-05 -8.1e-05-0.000267-0.000493-0.000796 -0.00124 -0.00193 -0.00308 -0.00505 -0.00842   -0.013    0.013
        7| -0.00849  0.00844  0.00681  0.00486  0.00335  0.00228  0.00155  0.00103 0.000659 0.000368 0.000122 -0.00011-0.000355-0.000645 -0.00102 -0.00153 -0.00226 -0.00333 -0.00485 -0.00685 -0.00856  0.00859
        6| -0.00604  0.00601  0.00531  0.00418  0.00313  0.00227  0.00161  0.00111 0.000725 0.000409 0.000136-0.000125-0.000398-0.000713  -0.0011  -0.0016 -0.00226 -0.00312 -0.00419 -0.00534 -0.00607   0.0061
        5| -0.00445  0.00443   0.0041  0.00342  0.00271  0.00206  0.00152  0.00108 0.000716 0.000409 0.000136-0.000127  -0.0004-0.000707 -0.00107 -0.00151 -0.00206 -0.00271 -0.00343 -0.00412 -0.00446  0.00448
        4|  -0.0033  0.00328  0.00312   0.0027  0.00222  0.00175  0.00133 0.000966 0.000651 0.000376 0.000125-0.000118-0.000369-0.000645-0.000959 -0.00133 -0.00175 -0.00222 -0.00271 -0.00313  -0.0033  0.00332
        3|  -0.0024  0.00239   0.0023  0.00204  0.00172   0.0014  0.00108   0.0008 0.000547 0.000319 0.000106-0.000101-0.000314-0.000543-0.000797 -0.00108  -0.0014 -0.00173 -0.00205 -0.00231  -0.0024  0.00241
        2| -0.00165  0.00164   0.0016  0.00144  0.00124  0.00102 0.000807 0.000605 0.000418 0.000246  8.2e-05-7.85e-05-0.000242-0.000416-0.000603-0.000806 -0.00102 -0.00124 -0.00144 -0.00161 -0.00165  0.00166
        1|-0.000991 0.000994 0.000974 0.000887 0.000775 0.000651 0.000523 0.000398 0.000278 0.000165 5.51e-05-5.31e-05-0.000163-0.000277-0.000396-0.000522 -0.00065-0.000776-0.000889-0.000976-0.000997 0.000995
        0| -0.00304        0        0        0        0        0        0        0        0        0        0        0        0        0        0        0        0        0        0        0        0  0.00305

rhs (22x12): 
         |        0        1        2        3        4        5        6        7        8        9       10       11       12       13       14       15       16       17       18       19       20       21
-------------------------------------------------------------------------------------------------------------------------------------------------------------------------------------------------------------------------
       11|        0        0        0        0        0        0        0        0        0        0        0        0        0        0        0        0        0        0        0        0        0        0
       10|        0     1.95 -0.00721  0.00461  0.00245  0.00103  0.00053 0.000289 0.000309 0.000309 0.000474 0.000401 0.000679  0.00097  0.00155  0.00238  0.00404  0.00716   0.0136   0.0214    -2.05        0
        9|        0  -0.0201   0.0165  0.00869  0.00399   0.0021  0.00114 0.000773 0.000476 0.000424 0.000301 0.000564 0.000577 0.000824  0.00111  0.00187  0.00326  0.00673   0.0152   0.0299   0.0143        0
        8|        0  -0.0135 -0.00192-0.000856-0.000299-0.000174-2.32e-05 -5.6e-05 2.95e-05-3.22e-05 3.96e-05-2.47e-05 4.15e-05-3.52e-05 1.61e-05-9.47e-05-0.000129-0.000476 -0.00121 -0.00319  0.00282        0
        7|        0 -0.00628-0.000824-0.000411-0.000267-8.45e-05-9.48e-05 4.37e-06-4.93e-05 2.73e-05-3.88e-05 3.07e-05-4.24e-05 1.72e-05-7.13e-05-4.16e-05-0.000191-0.000287-0.000671 -0.00105  0.00331        0
        6|        0 -0.00376-0.000343-0.000282-0.000113-0.000119-1.23e-05-6.01e-05 2.07e-05-4.23e-05 2.92e-05-4.02e-05 2.56e-05-5.12e-05 3.07e-06-9.35e-05-7.41e-05-0.000228-0.000289-0.000513  0.00268        0
        5|        0 -0.00255-0.000243-0.000116-0.000132-2.54e-05-6.96e-05 1.48e-05-4.54e-05 2.85e-05-3.87e-05 2.96e-05-4.22e-05 2.09e-05-5.93e-05-9.38e-06 -0.00011-8.79e-05-0.000221-0.000218  0.00203        0
        4|        0 -0.00198-9.56e-05-0.000134-3.33e-05-7.75e-05 9.24e-06-4.83e-05 2.78e-05-3.75e-05 3.32e-05-3.69e-05    3e-05-4.39e-05 1.67e-05-6.63e-05-1.84e-05-0.000117-8.39e-05-0.000187  0.00169        0
        3|        0 -0.00158-0.000125-3.62e-05 -8.4e-05 3.22e-06-5.23e-05 2.61e-05-3.71e-05 3.52e-05-3.24e-05 3.56e-05-3.54e-05 2.97e-05-4.63e-05  1.2e-05-7.27e-05-2.42e-05-0.000117-6.82e-05  0.00139        0
        2|        0 -0.00456 -0.00313 -0.00295 -0.00254 -0.00223 -0.00175  -0.0014-0.000921-0.000594-0.000145 0.000149  0.00057 0.000842  0.00124  0.00147  0.00181  0.00197  0.00223  0.00228  0.00371        0
        1|        0    0.151    0.149    0.139    0.126     0.11   0.0913    0.072   0.0518   0.0314   0.0108 -0.00979  -0.0305   -0.051  -0.0714   -0.091    -0.11   -0.126    -0.14    -0.15   -0.152        0
        0|        0        0        0        0        0        0        0        0        0        0        0        0        0        0        0        0        0        0        0        0        0        0

