t: 0.942976
nCells: 20x10, dx: 0.1, dy: 0.1

u (22x12): 
         |        0        1        2        3        4        5        6        7        8        9       10       11       12       13       14       15       16       17       18       19       20
-------------------------------------------------------------------------------------------------------------------------------------------------------------------------------------------------------------------------
       11|        0 -0.00239 -0.00493 -0.00723  -0.0092  -0.0108  -0.0121   -0.013  -0.0137   -0.014  -0.0142   -0.014  -0.0137   -0.013  -0.0121  -0.0109 -0.00927 -0.00731 -0.00501 -0.00244        0
       10|        0 -0.00196 -0.00404 -0.00596 -0.00765  -0.0091  -0.0103  -0.0112  -0.0118  -0.0122  -0.0124  -0.0123   -0.012  -0.0114  -0.0106 -0.00945 -0.00802 -0.00629 -0.00429 -0.00212        0
        9|        0 -0.00167 -0.00344  -0.0051 -0.00658 -0.00786 -0.00892 -0.00974  -0.0103  -0.0107  -0.0109  -0.0108  -0.0105 -0.00995 -0.00916 -0.00813 -0.00685 -0.00534 -0.00363 -0.00178        0
        8|        0 -0.00145 -0.00297 -0.00441 -0.00571 -0.00685 -0.00779 -0.00855 -0.00909 -0.00943 -0.00957 -0.00949  -0.0092  -0.0087 -0.00798 -0.00705 -0.00591 -0.00458  -0.0031 -0.00151        0
        7|        0 -0.00126  -0.0026 -0.00386 -0.00501 -0.00602 -0.00687 -0.00755 -0.00805 -0.00836 -0.00847  -0.0084 -0.00813 -0.00766 -0.00701 -0.00617 -0.00515 -0.00398 -0.00269 -0.00131        0
        6|        0 -0.00112  -0.0023 -0.00342 -0.00445 -0.00536 -0.00612 -0.00674 -0.00719 -0.00747 -0.00757  -0.0075 -0.00725 -0.00682 -0.00623 -0.00547 -0.00455 -0.00351 -0.00237 -0.00115        0
        5|        0   -0.001 -0.00207 -0.00308 -0.00401 -0.00483 -0.00553 -0.00609  -0.0065 -0.00676 -0.00685 -0.00678 -0.00655 -0.00615 -0.00561 -0.00491 -0.00408 -0.00314 -0.00212 -0.00103        0
        4|        0-0.000916 -0.00189 -0.00281 -0.00367 -0.00442 -0.00507 -0.00559 -0.00597 -0.00621 -0.00629 -0.00623 -0.00601 -0.00564 -0.00513 -0.00449 -0.00373 -0.00287 -0.00193-0.000936        0
        3|        0-0.000852 -0.00176 -0.00263 -0.00342 -0.00413 -0.00474 -0.00522 -0.00558  -0.0058 -0.00589 -0.00582 -0.00561 -0.00527 -0.00479 -0.00418 -0.00347 -0.00267 -0.00179-0.000868        0
        2|        0-0.000812 -0.00168  -0.0025 -0.00326 -0.00394 -0.00451 -0.00498 -0.00532 -0.00553 -0.00561 -0.00555 -0.00535 -0.00501 -0.00455 -0.00398  -0.0033 -0.00253  -0.0017-0.000826        0
        1|        0-0.000725  -0.0015 -0.00224 -0.00292 -0.00353 -0.00405 -0.00447 -0.00478 -0.00496 -0.00503 -0.00498  -0.0048  -0.0045 -0.00409 -0.00357 -0.00296 -0.00227 -0.00152-0.000737        0
        0|        0  0.00071  0.00147  0.00219  0.00285  0.00345  0.00396  0.00436  0.00466  0.00485  0.00492  0.00486  0.00469  0.00439  0.00399  0.00348  0.00289  0.00222  0.00149 0.000721        0

v (22x12): 
         |        0        1        2        3        4        5        6        7        8        9       10       11       12       13       14       15       16       17       18       19       20       21
-------------------------------------------------------------------------------------------------------------------------------------------------------------------------------------------------------------------------
       10|  -0.0115   0.0118   0.0125   0.0118   0.0107  0.00936  0.00786  0.00624  0.00456  0.00283  0.00108-0.000684 -0.00246 -0.00424 -0.00601 -0.00773 -0.00936  -0.0108   -0.012  -0.0129  -0.0122   0.0119
        9| -0.00959  0.00982   0.0104  0.00984  0.00899  0.00792  0.00668  0.00533   0.0039  0.00243 0.000915-0.000611 -0.00215 -0.00367 -0.00516 -0.00659 -0.00793  -0.0091  -0.0101  -0.0107  -0.0101  0.00988
        8| -0.00795  0.00814  0.00864  0.00819   0.0075  0.00663  0.00562   0.0045   0.0033  0.00205 0.000766-0.000538 -0.00184 -0.00313 -0.00438 -0.00556 -0.00664 -0.00759 -0.00834 -0.00884 -0.00835  0.00815
        7| -0.00654  0.00669  0.00711  0.00675   0.0062   0.0055  0.00467  0.00375  0.00276  0.00171 0.000631-0.000461 -0.00155 -0.00263 -0.00366 -0.00463 -0.00551 -0.00626 -0.00686 -0.00725 -0.00684  0.00668
        6| -0.00531  0.00543  0.00577  0.00549  0.00505  0.00449  0.00382  0.00307  0.00226   0.0014 0.000514-0.000388 -0.00128 -0.00216   -0.003 -0.00379 -0.00449 -0.00509 -0.00557 -0.00587 -0.00553   0.0054
        5| -0.00422  0.00432  0.00459  0.00437  0.00402  0.00358  0.00305  0.00246  0.00181  0.00112 0.000407-0.000314 -0.00104 -0.00174 -0.00241 -0.00303 -0.00358 -0.00405 -0.00442 -0.00466 -0.00439  0.00428
        4| -0.00324  0.00331  0.00352  0.00335  0.00309  0.00276  0.00235  0.00189   0.0014 0.000863 0.000314-0.000247-0.000802 -0.00134 -0.00186 -0.00234 -0.00276 -0.00311 -0.00339 -0.00357 -0.00336  0.00328
        3| -0.00234   0.0024  0.00255  0.00243  0.00224    0.002  0.00171  0.00138  0.00101 0.000627 0.000226-0.000179-0.000585-0.000976 -0.00135 -0.00169   -0.002 -0.00225 -0.00245 -0.00258 -0.00243  0.00237
        2| -0.00151  0.00154  0.00164  0.00156  0.00144  0.00129   0.0011 0.000886 0.000654 0.000404 0.000147-0.000117-0.000377-0.000631 -0.00087 -0.00109 -0.00129 -0.00145 -0.00158 -0.00166 -0.00156  0.00152
        1|-0.000713 0.000728 0.000776 0.000741 0.000682  0.00061  0.00052 0.000421 0.000309 0.000193 6.88e-05 -5.4e-05-0.000179-0.000297-0.000413-0.000515-0.000609-0.000685-0.000746-0.000783-0.000736  0.00072
        0|        0        0        0        0        0        0        0        0        0        0        0        0        0        0        0        0        0        0        0        0        0        0

p (22x12): 
         |        0        1        2        3        4        5        6        7        8        9       10       11       12       13       14       15       16       17       18       19       20       21
-------------------------------------------------------------------------------------------------------------------------------------------------------------------------------------------------------------------------
       11|   -0.684   -0.684   -0.684   -0.684   -0.683   -0.682   -0.681    -0.68   -0.679   -0.678   -0.676   -0.675   -0.673   -0.672    -0.67   -0.669   -0.668   -0.667   -0.666   -0.666   -0.665   -0.665
       10|   -0.683   -0.683   -0.683   -0.683   -0.682   -0.681    -0.68   -0.679   -0.678   -0.677   -0.676   -0.675   -0.674   -0.672   -0.671    -0.67   -0.669   -0.668   -0.668   -0.667   -0.667   -0.667
        9|   -0.682   -0.682   -0.682   -0.682   -0.681    -0.68    -0.68   -0.679   -0.678   -0.677   -0.676   -0.675   -0.674   -0.673   -0.672   -0.671    -0.67   -0.669   -0.669   -0.668   -0.668   -0.668
        8|   -0.681   -0.681   -0.681   -0.681    -0.68    -0.68   -0.679   -0.678   -0.678   -0.677   -0.676   -0.675   -0.674   -0.673   -0.672   -0.671   -0.671    -0.67   -0.669   -0.669   -0.669   -0.669
        7|    -0.68    -0.68    -0.68    -0.68    -0.68   -0.679   -0.679   -0.678   -0.677   -0.676   -0.676   -0.675   -0.674   -0.673   -0.672   -0.672   -0.671   -0.671    -0.67    -0.67    -0.67    -0.67
        6|    -0.68    -0.68    -0.68    -0.68   -0.679   -0.679   -0.678   -0.678   -0.677   -0.676   -0.676   -0.675   -0.674   -0.673   -0.673   -0.672   -0.671   -0.671   -0.671    -0.67    -0.67    -0.67
        5|   -0.679   -0.679   -0.679   -0.679   -0.679   -0.678   -0.678   -0.677   -0.677   -0.676   -0.676   -0.675   -0.674   -0.674   -0.673   -0.672   -0.672   -0.671   -0.671   -0.671   -0.671   -0.671
        4|   -0.679   -0.679   -0.679   -0.679   -0.679   -0.678   -0.678   -0.677   -0.677   -0.676   -0.675   -0.675   -0.674   -0.674   -0.673   -0.673   -0.672   -0.672   -0.671   -0.671   -0.671   -0.671
        3|   -0.679   -0.679   -0.679   -0.679   -0.678   -0.678   -0.678   -0.677   -0.677   -0.676   -0.675   -0.675   -0.674   -0.674   -0.673   -0.673   -0.672   -0.672   -0.672   -0.672   -0.671   -0.671
        2|   -0.679   -0.679   -0.679   -0.678   -0.678   -0.678   -0.677   -0.677   -0.677   -0.676   -0.675   -0.675   -0.674   -0.674   -0.673   -0.673   -0.672   -0.672   -0.672   -0.672   -0.672   -0.672
        1|   -0.679   -0.679   -0.678   -0.678   -0.678   -0.678   -0.677   -0.677   -0.676   -0.676   -0.675   -0.675   -0.674   -0.674   -0.673   -0.673   -0.672   -0.672   -0.672   -0.672   -0.672   -0.672
        0|   -0.679   -0.679   -0.678   -0.678   -0.678   -0.678   -0.677   -0.677   -0.676   -0.676   -0.675   -0.675   -0.674   -0.674   -0.673   -0.673   -0.672   -0.672   -0.672   -0.672   -0.672   -0.672

F (22x12): 
         |        0        1        2        3        4        5        6        7        8        9       10       11       12       13       14       15       16       17       18       19       20
-------------------------------------------------------------------------------------------------------------------------------------------------------------------------------------------------------------------------
       11|        0        0        0        0        0        0        0        0        0        0        0        0        0        0        0        0        0        0        0        0        0
       10|        0 -0.00192 -0.00394 -0.00582 -0.00747 -0.00887    -0.01  -0.0109  -0.0115  -0.0119  -0.0121   -0.012  -0.0117  -0.0111  -0.0103  -0.0092  -0.0078 -0.00612 -0.00418 -0.00206        0
        9|        0 -0.00164 -0.00336 -0.00497 -0.00642 -0.00766 -0.00869  -0.0095  -0.0101  -0.0104  -0.0106  -0.0105  -0.0102 -0.00969 -0.00892 -0.00791 -0.00667  -0.0052 -0.00353 -0.00173        0
        8|        0 -0.00141  -0.0029  -0.0043 -0.00557 -0.00668  -0.0076 -0.00833 -0.00886 -0.00919 -0.00932 -0.00924 -0.00896 -0.00847 -0.00777 -0.00686 -0.00575 -0.00446 -0.00302 -0.00148        0
        7|        0 -0.00123 -0.00254 -0.00377 -0.00489 -0.00587  -0.0067 -0.00736 -0.00784 -0.00814 -0.00826 -0.00818 -0.00792 -0.00746 -0.00683 -0.00601 -0.00502 -0.00388 -0.00262 -0.00128        0
        6|        0 -0.00109 -0.00224 -0.00334 -0.00434 -0.00522 -0.00597 -0.00657   -0.007 -0.00728 -0.00738 -0.00731 -0.00706 -0.00665 -0.00606 -0.00532 -0.00443 -0.00342  -0.0023 -0.00112        0
        5|        0-0.000978 -0.00202   -0.003 -0.00391 -0.00471 -0.00539 -0.00593 -0.00634 -0.00658 -0.00667 -0.00661 -0.00638 -0.00599 -0.00546 -0.00478 -0.00398 -0.00306 -0.00206   -0.001        0
        4|        0-0.000895 -0.00184 -0.00275 -0.00357 -0.00431 -0.00494 -0.00545 -0.00582 -0.00605 -0.00613 -0.00606 -0.00585 -0.00549 -0.00499 -0.00437 -0.00363 -0.00279 -0.00188-0.000913        0
        3|        0-0.000833 -0.00172 -0.00256 -0.00334 -0.00403 -0.00462 -0.00509 -0.00544 -0.00566 -0.00573 -0.00567 -0.00547 -0.00513 -0.00466 -0.00407 -0.00338  -0.0026 -0.00175-0.000848        0
        2|        0-0.000794 -0.00163 -0.00244 -0.00318 -0.00384  -0.0044 -0.00485 -0.00519 -0.00539 -0.00546  -0.0054 -0.00521 -0.00488 -0.00443 -0.00388 -0.00321 -0.00247 -0.00166-0.000806        0
        1|        0-0.000707 -0.00146 -0.00218 -0.00284 -0.00343 -0.00394 -0.00434 -0.00464 -0.00483 -0.00489 -0.00484 -0.00466 -0.00437 -0.00397 -0.00347 -0.00287 -0.00221 -0.00148-0.000718        0
        0|        0  0.00071  0.00147  0.00219  0.00285  0.00345  0.00396  0.00436  0.00466  0.00485  0.00492  0.00486  0.00469  0.00439  0.00399  0.00348  0.00289  0.00222  0.00149 0.000721        0

G (22x12): 
         |        0        1        2        3        4        5        6        7        8        9       10       11       12       13       14       15       16       17       18       19       20       21
-------------------------------------------------------------------------------------------------------------------------------------------------------------------------------------------------------------------------
       10|  -0.0115   0.0114   0.0122   0.0115   0.0104   0.0091  0.00763  0.00606  0.00442  0.00274  0.00104-0.000681  -0.0024 -0.00413 -0.00584 -0.00751 -0.00908  -0.0105  -0.0117  -0.0125  -0.0118   0.0119
        9| -0.00959  0.00954   0.0101  0.00959  0.00875  0.00771   0.0065  0.00519  0.00379  0.00235 0.000879-0.000608  -0.0021 -0.00358 -0.00504 -0.00643 -0.00772 -0.00886 -0.00979  -0.0104 -0.00984  0.00988
        8| -0.00795  0.00791  0.00842  0.00798  0.00731  0.00646  0.00547  0.00438  0.00321  0.00199 0.000737-0.000533  -0.0018 -0.00306 -0.00427 -0.00542 -0.00648 -0.00739 -0.00812 -0.00861 -0.00812  0.00815
        7| -0.00654  0.00651  0.00693  0.00658  0.00604  0.00536  0.00455  0.00365  0.00268  0.00166 0.000608-0.000456 -0.00152 -0.00256 -0.00357 -0.00451 -0.00537  -0.0061 -0.00668 -0.00706 -0.00665  0.00668
        6| -0.00531  0.00528  0.00563  0.00535  0.00492  0.00437  0.00372  0.00299   0.0022  0.00136 0.000496-0.000383 -0.00126 -0.00211 -0.00293 -0.00369 -0.00438 -0.00496 -0.00542 -0.00572 -0.00538   0.0054
        5| -0.00422   0.0042  0.00447  0.00426  0.00392  0.00349  0.00297  0.00239  0.00176  0.00109 0.000393 -0.00031 -0.00101 -0.00169 -0.00235 -0.00295 -0.00349 -0.00395 -0.00431 -0.00454 -0.00426  0.00428
        4| -0.00324  0.00322  0.00344  0.00327  0.00302  0.00268  0.00229  0.00184  0.00136 0.000838 0.000303-0.000243-0.000783 -0.00131 -0.00181 -0.00228 -0.00269 -0.00304  -0.0033 -0.00348 -0.00327  0.00328
        3| -0.00234  0.00233  0.00248  0.00237  0.00218  0.00195  0.00166  0.00134 0.000984  0.00061 0.000218-0.000177-0.000572-0.000953 -0.00132 -0.00165 -0.00195  -0.0022 -0.00239 -0.00251 -0.00236  0.00237
        2| -0.00151   0.0015   0.0016  0.00152  0.00141  0.00125  0.00107 0.000863 0.000636 0.000392 0.000142-0.000115-0.000368-0.000616-0.000849 -0.00107 -0.00125 -0.00142 -0.00154 -0.00162 -0.00152  0.00152
        1|-0.000713  0.00071 0.000757 0.000723 0.000666 0.000596 0.000508 0.000411 0.000301 0.000188 6.67e-05-5.33e-05-0.000175-0.000291-0.000403-0.000504-0.000595-0.000669-0.000729-0.000765-0.000717  0.00072
        0|        0        0        0        0        0        0        0        0        0        0        0        0        0        0        0        0        0        0        0        0        0        0

rhs (22x12): 
         |        0        1        2        3        4        5        6        7        8        9       10       11       12       13       14       15       16       17       18       19       20       21
-------------------------------------------------------------------------------------------------------------------------------------------------------------------------------------------------------------------------
       11|        0        0        0        0        0        0        0        0        0        0        0        0        0        0        0        0        0        0        0        0        0        0
       10|        0 -0.00733 -0.00157 -0.00407 -0.00248  -0.0049 -0.00298 -0.00486 -0.00228 -0.00346-0.000137-0.000581  0.00366  0.00434  0.00969   0.0114   0.0175   0.0196   0.0254   0.0261   0.0305        0
        9|        0 -0.00256 -0.00135 0.000716 -0.00131 0.000795 -0.00123 0.000872 -0.00116 0.000919 -0.00114 0.000897 -0.00119  0.00085 -0.00125 0.000762 -0.00135 0.000652 -0.00146 0.000621  0.00266        0
        8|        0 -0.00351 0.000862  -0.0012 0.000895 -0.00114 0.000959 -0.00108  0.00101 -0.00104  0.00103 -0.00106 0.000994 -0.00109 0.000943 -0.00116 0.000867 -0.00124 0.000793 -0.00126  0.00385        0
        7|        0  -0.0015  -0.0011 0.000972 -0.00107  0.00102 -0.00101  0.00107 -0.00097  0.00111-0.000951   0.0011-0.000981  0.00107 -0.00102  0.00101 -0.00108 0.000949 -0.00114 0.000928  0.00201        0
        6|        0 -0.00269  0.00104 -0.00102  0.00107-0.000974  0.00112-0.000927  0.00116-0.000896  0.00118-0.000904  0.00115-0.000929  0.00112-0.000976  0.00106 -0.00103  0.00101 -0.00105  0.00332        0
        5|        0 -0.00087-0.000979   0.0011-0.000949  0.00114-0.000902  0.00119-0.000863  0.00122-0.000845  0.00121-0.000863  0.00119-0.000898  0.00114-0.000947  0.00109-0.000993  0.00107  0.00157        0
        4|        0 -0.00222  0.00112-0.000934  0.00115-0.000892   0.0012-0.000848  0.00124-0.000818  0.00125 -0.00082  0.00124-0.000842  0.00121-0.000884  0.00116-0.000932  0.00112-0.000957  0.00298        0
        3|        0-0.000523-0.000922  0.00116-0.000892   0.0012-0.000848  0.00124-0.000809  0.00127-0.000791  0.00127-0.000803  0.00125-0.000836  0.00121-0.000882  0.00116-0.000924  0.00114  0.00132        0
        2|        0 -0.00198  0.00117-0.000894  0.00119-0.000857  0.00123-0.000817  0.00127 -0.00079  0.00128-0.000785  0.00128-0.000805  0.00125-0.000844   0.0012-0.000888  0.00116-0.000913   0.0028        0
        1|        0   0.0012  0.00117  0.00266    0.001  0.00243 0.000719  0.00209 0.000334  0.00166-0.000122  0.00118-0.000616 0.000689  -0.0011 0.000226 -0.00153-0.000146 -0.00183-0.000362 0.000159        0
        0|        0        0        0        0        0        0        0        0        0        0        0        0        0        0        0        0        0        0        0        0        0        0

