t: 1.51544
nCells: 20x10, dx: 0.1, dy: 0.1

u (22x12): 
         |        0        1        2        3        4        5        6        7        8        9       10       11       12       13       14       15       16       17       18       19       20
-------------------------------------------------------------------------------------------------------------------------------------------------------------------------------------------------------------------------
       11|        0 -0.00342 -0.00737  -0.0109   -0.014  -0.0165  -0.0185    -0.02   -0.021  -0.0216  -0.0218  -0.0216  -0.0211  -0.0201  -0.0187  -0.0168  -0.0143  -0.0113 -0.00766 -0.00364        0
       10|        0  -0.0027  -0.0058  -0.0087  -0.0113  -0.0135  -0.0154  -0.0169   -0.018  -0.0187  -0.0191  -0.0191  -0.0187  -0.0179  -0.0166  -0.0149  -0.0127 -0.00995 -0.00678 -0.00334        0
        9|        0 -0.00234 -0.00498 -0.00747 -0.00974  -0.0117  -0.0134  -0.0147  -0.0157  -0.0164  -0.0167  -0.0167  -0.0163  -0.0155  -0.0144  -0.0128  -0.0108 -0.00842  -0.0057 -0.00275        0
        8|        0 -0.00204 -0.00433  -0.0065 -0.00849  -0.0102  -0.0117  -0.0129  -0.0138  -0.0144  -0.0147  -0.0147  -0.0143  -0.0135  -0.0125   -0.011 -0.00926 -0.00718 -0.00483 -0.00231        0
        7|        0 -0.00179  -0.0038 -0.00571 -0.00748 -0.00904  -0.0104  -0.0114  -0.0123  -0.0128   -0.013  -0.0129  -0.0126  -0.0119  -0.0109 -0.00962 -0.00804  -0.0062 -0.00416 -0.00197        0
        6|        0  -0.0016 -0.00338 -0.00509 -0.00666 -0.00806 -0.00926  -0.0102   -0.011  -0.0114  -0.0116  -0.0116  -0.0112  -0.0106 -0.00966 -0.00849 -0.00707 -0.00544 -0.00363 -0.00173        0
        5|        0 -0.00143 -0.00305 -0.00459 -0.00602 -0.00728 -0.00838 -0.00926 -0.00992  -0.0103  -0.0105  -0.0104  -0.0101 -0.00951 -0.00868 -0.00761 -0.00632 -0.00485 -0.00324 -0.00153        0
        4|        0 -0.00132 -0.00279 -0.00421 -0.00552 -0.00669 -0.00769 -0.00851 -0.00912 -0.00951 -0.00966 -0.00958 -0.00926 -0.00871 -0.00793 -0.00694 -0.00575 -0.00441 -0.00294 -0.00139        0
        3|        0 -0.00123 -0.00262 -0.00394 -0.00517 -0.00626 -0.00721 -0.00797 -0.00854  -0.0089 -0.00904 -0.00896 -0.00865 -0.00812 -0.00739 -0.00646 -0.00535 -0.00409 -0.00273 -0.00129        0
        2|        0 -0.00117 -0.00248 -0.00374 -0.00491 -0.00595 -0.00685 -0.00758 -0.00812 -0.00846 -0.00859 -0.00851 -0.00821 -0.00771   -0.007 -0.00612 -0.00506 -0.00388 -0.00258 -0.00122        0
        1|        0-0.000987 -0.00211 -0.00318 -0.00418 -0.00507 -0.00584 -0.00646 -0.00693 -0.00722 -0.00733 -0.00726 -0.00702 -0.00658 -0.00598 -0.00522 -0.00432  -0.0033  -0.0022 -0.00103        0
        0|        0 0.000978  0.00209  0.00314  0.00413  0.00501  0.00577  0.00638  0.00684  0.00713  0.00724  0.00717  0.00693   0.0065  0.00591  0.00515  0.00427  0.00326  0.00217  0.00102        0

v (22x12): 
         |        0        1        2        3        4        5        6        7        8        9       10       11       12       13       14       15       16       17       18       19       20       21
-------------------------------------------------------------------------------------------------------------------------------------------------------------------------------------------------------------------------
       10|  -0.0165   0.0167   0.0187   0.0178   0.0163   0.0144   0.0123   0.0099   0.0074   0.0048  0.00214-0.000595 -0.00337 -0.00619 -0.00902  -0.0118  -0.0145  -0.0169  -0.0189  -0.0202  -0.0185   0.0182
        9|  -0.0138    0.014   0.0156   0.0149   0.0137   0.0122   0.0104  0.00843   0.0063  0.00407  0.00176 -0.00059 -0.00299 -0.00539 -0.00778  -0.0101  -0.0123  -0.0142  -0.0158  -0.0168  -0.0152    0.015
        8|  -0.0115   0.0116    0.013   0.0124   0.0115   0.0102  0.00874  0.00708   0.0053   0.0034  0.00145-0.000567  -0.0026 -0.00463 -0.00661 -0.00852  -0.0103  -0.0118   -0.013  -0.0138  -0.0124   0.0123
        7| -0.00945  0.00956   0.0107   0.0103  0.00947  0.00846  0.00724  0.00588  0.00439  0.00282  0.00117-0.000514 -0.00222  -0.0039 -0.00554 -0.00709 -0.00851 -0.00973  -0.0107  -0.0113  -0.0101     0.01
        6| -0.00767  0.00776  0.00871  0.00833  0.00771  0.00689  0.00591   0.0048  0.00359  0.00228 0.000935-0.000454 -0.00184 -0.00323 -0.00455  -0.0058 -0.00693  -0.0079 -0.00866 -0.00912 -0.00816  0.00805
        5| -0.00609  0.00617  0.00691  0.00663  0.00613  0.00549  0.00471  0.00383  0.00285  0.00182 0.000729-0.000378  -0.0015 -0.00259 -0.00365 -0.00463 -0.00552 -0.00626 -0.00686  -0.0072 -0.00644  0.00636
        4| -0.00467  0.00472   0.0053  0.00508  0.00471  0.00421  0.00362  0.00294  0.00219  0.00139 0.000555-0.000305 -0.00116 -0.00201 -0.00281 -0.00356 -0.00423  -0.0048 -0.00524  -0.0055 -0.00491  0.00485
        3| -0.00337   0.0034  0.00382  0.00367  0.00339  0.00304  0.00261  0.00212  0.00158    0.001 0.000394-0.000222-0.000847 -0.00145 -0.00204 -0.00257 -0.00305 -0.00345 -0.00377 -0.00395 -0.00353  0.00348
        2| -0.00214  0.00217  0.00244  0.00234  0.00217  0.00194  0.00167  0.00135  0.00101 0.000639 0.000255-0.000146-0.000539-0.000932  -0.0013 -0.00164 -0.00194  -0.0022  -0.0024 -0.00252 -0.00224  0.00221
        1|-0.000987 0.000996  0.00112  0.00108 0.000997 0.000898 0.000769 0.000629 0.000466 0.000299 0.000116-6.27e-05 -0.00025-0.000425  -0.0006-0.000754-0.000898 -0.00101 -0.00111 -0.00116 -0.00103  0.00102
        0|        0        0        0        0        0        0        0        0        0        0        0        0        0        0        0        0        0        0        0        0        0        0

p (22x12): 
         |        0        1        2        3        4        5        6        7        8        9       10       11       12       13       14       15       16       17       18       19       20       21
-------------------------------------------------------------------------------------------------------------------------------------------------------------------------------------------------------------------------
       11|    -2.83    -2.83    -2.83    -2.83    -2.83    -2.83    -2.83    -2.83    -2.83    -2.83    -2.83    -2.82    -2.82    -2.82    -2.82    -2.82    -2.82    -2.82    -2.82    -2.82    -2.82    -2.82
       10|    -2.83    -2.83    -2.83    -2.83    -2.83    -2.83    -2.83    -2.83    -2.83    -2.83    -2.83    -2.82    -2.82    -2.82    -2.82    -2.82    -2.82    -2.82    -2.82    -2.82    -2.82    -2.82
        9|    -2.83    -2.83    -2.83    -2.83    -2.83    -2.83    -2.83    -2.83    -2.83    -2.83    -2.83    -2.82    -2.82    -2.82    -2.82    -2.82    -2.82    -2.82    -2.82    -2.82    -2.82    -2.82
        8|    -2.83    -2.83    -2.83    -2.83    -2.83    -2.83    -2.83    -2.83    -2.83    -2.83    -2.83    -2.82    -2.82    -2.82    -2.82    -2.82    -2.82    -2.82    -2.82    -2.82    -2.82    -2.82
        7|    -2.83    -2.83    -2.83    -2.83    -2.83    -2.83    -2.83    -2.83    -2.83    -2.83    -2.82    -2.82    -2.82    -2.82    -2.82    -2.82    -2.82    -2.82    -2.82    -2.82    -2.82    -2.82
        6|    -2.83    -2.83    -2.83    -2.83    -2.83    -2.83    -2.83    -2.83    -2.83    -2.83    -2.82    -2.82    -2.82    -2.82    -2.82    -2.82    -2.82    -2.82    -2.82    -2.82    -2.82    -2.82
        5|    -2.83    -2.83    -2.83    -2.83    -2.83    -2.83    -2.83    -2.83    -2.83    -2.83    -2.82    -2.82    -2.82    -2.82    -2.82    -2.82    -2.82    -2.82    -2.82    -2.82    -2.82    -2.82
        4|    -2.83    -2.83    -2.83    -2.83    -2.83    -2.83    -2.83    -2.83    -2.83    -2.83    -2.82    -2.82    -2.82    -2.82    -2.82    -2.82    -2.82    -2.82    -2.82    -2.82    -2.82    -2.82
        3|    -2.83    -2.83    -2.83    -2.83    -2.83    -2.83    -2.83    -2.83    -2.83    -2.83    -2.82    -2.82    -2.82    -2.82    -2.82    -2.82    -2.82    -2.82    -2.82    -2.82    -2.82    -2.82
        2|    -2.83    -2.83    -2.83    -2.83    -2.83    -2.83    -2.83    -2.83    -2.83    -2.83    -2.82    -2.82    -2.82    -2.82    -2.82    -2.82    -2.82    -2.82    -2.82    -2.82    -2.82    -2.82
        1|    -2.83    -2.83    -2.83    -2.83    -2.83    -2.83    -2.83    -2.83    -2.83    -2.83    -2.82    -2.82    -2.82    -2.82    -2.82    -2.82    -2.82    -2.82    -2.82    -2.82    -2.82    -2.82
        0|    -2.83    -2.83    -2.83    -2.83    -2.83    -2.83    -2.83    -2.83    -2.83    -2.83    -2.82    -2.82    -2.82    -2.82    -2.82    -2.82    -2.82    -2.82    -2.82    -2.82    -2.82    -2.82

F (22x12): 
         |        0        1        2        3        4        5        6        7        8        9       10       11       12       13       14       15       16       17       18       19       20
-------------------------------------------------------------------------------------------------------------------------------------------------------------------------------------------------------------------------
       11|        0        0        0        0        0        0        0        0        0        0        0        0        0        0        0        0        0        0        0        0        0
       10|        0 -0.00268 -0.00573 -0.00859  -0.0111  -0.0134  -0.0152  -0.0166  -0.0177  -0.0184  -0.0188  -0.0188  -0.0184  -0.0176  -0.0164  -0.0147  -0.0125 -0.00978 -0.00666 -0.00328        0
        9|        0 -0.00232 -0.00492 -0.00738 -0.00962  -0.0116  -0.0132  -0.0145  -0.0155  -0.0161  -0.0165  -0.0164   -0.016  -0.0153  -0.0141  -0.0126  -0.0106 -0.00828 -0.00561  -0.0027        0
        8|        0 -0.00202 -0.00427 -0.00642 -0.00838  -0.0101  -0.0116  -0.0128  -0.0136  -0.0142  -0.0145  -0.0144   -0.014  -0.0133  -0.0123  -0.0109 -0.00911 -0.00707 -0.00475 -0.00227        0
        7|        0 -0.00177 -0.00376 -0.00564 -0.00738 -0.00891  -0.0102  -0.0113  -0.0121  -0.0126  -0.0128  -0.0128  -0.0124  -0.0117  -0.0107 -0.00946 -0.00791  -0.0061 -0.00409 -0.00195        0
        6|        0 -0.00158 -0.00334 -0.00502 -0.00657 -0.00795 -0.00913  -0.0101  -0.0108  -0.0113  -0.0115  -0.0114   -0.011  -0.0104 -0.00951 -0.00836 -0.00696 -0.00536 -0.00358  -0.0017        0
        5|        0 -0.00142 -0.00301 -0.00453 -0.00593 -0.00718 -0.00826 -0.00913 -0.00978  -0.0102  -0.0104  -0.0103 -0.00995 -0.00937 -0.00855 -0.00749 -0.00623 -0.00478 -0.00319 -0.00151        0
        4|        0  -0.0013 -0.00276 -0.00416 -0.00544  -0.0066 -0.00759 -0.00839 -0.00899 -0.00937 -0.00952 -0.00944 -0.00912 -0.00858  -0.0078 -0.00683 -0.00566 -0.00434 -0.00289 -0.00137        0
        3|        0 -0.00122 -0.00258 -0.00388  -0.0051 -0.00617  -0.0071 -0.00785 -0.00841 -0.00876 -0.00891 -0.00882 -0.00852   -0.008 -0.00728 -0.00636 -0.00527 -0.00403 -0.00269 -0.00127        0
        2|        0 -0.00116 -0.00245 -0.00369 -0.00484 -0.00587 -0.00675 -0.00747   -0.008 -0.00833 -0.00846 -0.00838 -0.00809 -0.00759  -0.0069 -0.00602 -0.00499 -0.00382 -0.00254  -0.0012        0
        1|        0-0.000974 -0.00208 -0.00313 -0.00411 -0.00499 -0.00574 -0.00635 -0.00681 -0.00709 -0.00721 -0.00714 -0.00689 -0.00646 -0.00588 -0.00513 -0.00425 -0.00324 -0.00216 -0.00102        0
        0|        0 0.000978  0.00209  0.00314  0.00413  0.00501  0.00577  0.00638  0.00684  0.00713  0.00724  0.00717  0.00693   0.0065  0.00591  0.00515  0.00427  0.00326  0.00217  0.00102        0

G (22x12): 
         |        0        1        2        3        4        5        6        7        8        9       10       11       12       13       14       15       16       17       18       19       20       21
-------------------------------------------------------------------------------------------------------------------------------------------------------------------------------------------------------------------------
       10|  -0.0165   0.0164   0.0185   0.0176   0.0161   0.0142   0.0121  0.00971  0.00725  0.00468  0.00206-0.000623 -0.00334 -0.00611 -0.00887  -0.0116  -0.0142  -0.0166  -0.0185  -0.0197   -0.018   0.0182
        9|  -0.0138   0.0137   0.0154   0.0147   0.0135    0.012   0.0102  0.00828  0.00618  0.00398  0.00171-0.000611 -0.00297 -0.00533 -0.00768 -0.00995  -0.0121   -0.014  -0.0155  -0.0165  -0.0149    0.015
        8|  -0.0115   0.0114   0.0128   0.0122   0.0113     0.01  0.00859  0.00696   0.0052  0.00333   0.0014-0.000581 -0.00258 -0.00458 -0.00653  -0.0084  -0.0101  -0.0116  -0.0129  -0.0136  -0.0122   0.0123
        7| -0.00945   0.0094   0.0106   0.0101  0.00932  0.00832  0.00713  0.00578  0.00431  0.00276  0.00113-0.000523  -0.0022 -0.00385 -0.00547 -0.00699 -0.00839 -0.00958  -0.0105  -0.0111 -0.00996     0.01
        6| -0.00767  0.00763  0.00858  0.00821  0.00759  0.00678  0.00582  0.00472  0.00352  0.00224 0.000909-0.000459 -0.00183 -0.00319 -0.00449 -0.00572 -0.00683 -0.00778 -0.00852 -0.00898 -0.00802  0.00805
        5| -0.00609  0.00606  0.00681  0.00653  0.00604   0.0054  0.00463  0.00377   0.0028  0.00178 0.000709-0.000381 -0.00148 -0.00256  -0.0036 -0.00456 -0.00544 -0.00617 -0.00675 -0.00709 -0.00633  0.00636
        4| -0.00467  0.00464  0.00523  0.00501  0.00464  0.00415  0.00356  0.00289  0.00216  0.00136 0.000541-0.000307 -0.00115 -0.00198 -0.00277 -0.00351 -0.00417 -0.00473 -0.00516 -0.00542 -0.00483  0.00485
        3| -0.00337  0.00335  0.00377  0.00361  0.00334    0.003  0.00257  0.00209  0.00155 0.000986 0.000384-0.000223-0.000839 -0.00143 -0.00201 -0.00254 -0.00301  -0.0034 -0.00371 -0.00389 -0.00347  0.00348
        2| -0.00214  0.00213  0.00241   0.0023  0.00214  0.00191  0.00165  0.00133 0.000996 0.000627 0.000248-0.000146-0.000534 -0.00092 -0.00128 -0.00162 -0.00192 -0.00217 -0.00236 -0.00248  -0.0022  0.00221
        1|-0.000987 0.000982  0.00111  0.00107 0.000985 0.000886 0.000759  0.00062 0.000459 0.000294 0.000114-6.32e-05-0.000248-0.000421-0.000593-0.000745-0.000887   -0.001 -0.00109 -0.00114 -0.00101  0.00102
        0|        0        0        0        0        0        0        0        0        0        0        0        0        0        0        0        0        0        0        0        0        0        0

rhs (22x12): 
         |        0        1        2        3        4        5        6        7        8        9       10       11       12       13       14       15       16       17       18       19       20       21
-------------------------------------------------------------------------------------------------------------------------------------------------------------------------------------------------------------------------
       11|        0        0        0        0        0        0        0        0        0        0        0        0        0        0        0        0        0        0        0        0        0        0
       10|        0 -0.00566  0.00617-0.000583  0.00284 -0.00432-0.000558 -0.00681 -0.00174 -0.00643 0.000358 -0.00256  0.00645  0.00638   0.0184   0.0212   0.0356   0.0398    0.054    0.055   0.0592        0
        9|        0 -0.00247 -0.00327    0.002 -0.00322  0.00216 -0.00305  0.00232 -0.00292  0.00242 -0.00287  0.00237 -0.00301  0.00222 -0.00319  0.00197 -0.00348  0.00166 -0.00376  0.00165  0.00343        0
        8|        0 -0.00558  0.00236 -0.00296   0.0024 -0.00284  0.00254 -0.00271  0.00265 -0.00263  0.00269 -0.00267  0.00259 -0.00278  0.00244 -0.00296  0.00223 -0.00318  0.00203  -0.0032  0.00695        0
        7|        0-0.000896 -0.00273  0.00258 -0.00268  0.00269 -0.00256   0.0028 -0.00246  0.00288 -0.00242  0.00285  -0.0025  0.00276 -0.00261  0.00262 -0.00278  0.00244 -0.00293  0.00242  0.00256        0
        6|        0 -0.00435  0.00274 -0.00257  0.00279 -0.00246   0.0029 -0.00235    0.003 -0.00228  0.00304  -0.0023  0.00298 -0.00237  0.00288 -0.00249  0.00274 -0.00264  0.00261 -0.00268  0.00622        0
        5|        0 5.18e-05 -0.00246  0.00287 -0.00241  0.00296  -0.0023  0.00307  -0.0022  0.00314 -0.00216  0.00313 -0.00221  0.00307 -0.00229  0.00296 -0.00242  0.00283 -0.00254  0.00279  0.00196        0
        4|        0 -0.00364  0.00293 -0.00237  0.00299 -0.00227  0.00309 -0.00217  0.00319  -0.0021  0.00323  -0.0021   0.0032 -0.00215  0.00311 -0.00226  0.00299 -0.00238  0.00288 -0.00244  0.00575        0
        3|        0 0.000574 -0.00234    0.003 -0.00227  0.00309 -0.00217   0.0032 -0.00208  0.00327 -0.00203  0.00328 -0.00206  0.00322 -0.00214  0.00312 -0.00226    0.003 -0.00236  0.00295   0.0016        0
        2|        0 -0.00326  0.00304 -0.00228  0.00309 -0.00219  0.00318  -0.0021  0.00326 -0.00204   0.0033 -0.00202  0.00328 -0.00207  0.00321 -0.00216   0.0031 -0.00227  0.00301 -0.00233   0.0055        0
        1|        0  0.00316  0.00136  0.00528  0.00115  0.00498 0.000768  0.00451 0.000228   0.0039-0.000432  0.00319 -0.00118  0.00243 -0.00194   0.0017 -0.00262   0.0011 -0.00312 0.000769 0.000467        0
        0|        0        0        0        0        0        0        0        0        0        0        0        0        0        0        0        0        0        0        0        0        0        0

