t: 0.736419
nCells: 20x10, dx: 0.1, dy: 0.1

u (22x12): 
         |        0        1        2        3        4        5        6        7        8        9       10       11       12       13       14       15       16       17       18       19       20
-------------------------------------------------------------------------------------------------------------------------------------------------------------------------------------------------------------------------
       11|        0     1.94     1.92      1.9      1.9     1.89     1.89     1.89     1.89     1.89     1.89     1.89     1.89     1.89     1.89     1.89     1.89      1.9     1.91     1.94        0
       10|        0   0.0587   0.0861   0.0995    0.107    0.111    0.114    0.115    0.117    0.117    0.118    0.118    0.117    0.117    0.115    0.114     0.11    0.104   0.0922   0.0643        0
        9|        0  -0.0228   -0.024  -0.0209  -0.0178  -0.0154  -0.0137  -0.0126  -0.0118  -0.0114  -0.0112  -0.0113  -0.0116  -0.0122  -0.0132  -0.0146  -0.0168  -0.0197  -0.0225  -0.0211        0
        8|        0  -0.0118  -0.0172  -0.0185  -0.0181  -0.0174  -0.0166   -0.016  -0.0156  -0.0154  -0.0153  -0.0154  -0.0157  -0.0161  -0.0169  -0.0179  -0.0191  -0.0202  -0.0201  -0.0155        0
        7|        0 -0.00688  -0.0116   -0.014  -0.0149  -0.0152  -0.0151  -0.0149  -0.0148  -0.0147  -0.0147  -0.0148  -0.0149  -0.0152  -0.0155  -0.0158  -0.0159  -0.0154  -0.0135 -0.00864        0
        6|        0 -0.00457 -0.00837  -0.0109  -0.0123  -0.0131  -0.0135  -0.0137  -0.0138  -0.0139  -0.0139   -0.014   -0.014   -0.014  -0.0139  -0.0137  -0.0131  -0.0119 -0.00946 -0.00538        0
        5|        0 -0.00336 -0.00644 -0.00877  -0.0104  -0.0115  -0.0122  -0.0126  -0.0129  -0.0131  -0.0131  -0.0131  -0.0131  -0.0129  -0.0126   -0.012   -0.011 -0.00945 -0.00709 -0.00378        0
        4|        0 -0.00267 -0.00525 -0.00738 -0.00903  -0.0102  -0.0111  -0.0117  -0.0121  -0.0123  -0.0124  -0.0124  -0.0123  -0.0119  -0.0114  -0.0106 -0.00949 -0.00786 -0.00567 -0.00292        0
        3|        0 -0.00226 -0.00452 -0.00647 -0.00808 -0.00934  -0.0103   -0.011  -0.0115  -0.0117  -0.0119  -0.0118  -0.0116  -0.0112  -0.0106 -0.00968 -0.00845 -0.00683 -0.00481 -0.00243        0
        2|        0 -0.00203 -0.00408 -0.00592 -0.00748 -0.00875 -0.00974  -0.0105   -0.011  -0.0113  -0.0114  -0.0114  -0.0111  -0.0107    -0.01 -0.00904 -0.00779  -0.0062  -0.0043 -0.00215        0
        1|        0 -0.00193 -0.00394 -0.00574 -0.00729 -0.00856 -0.00956  -0.0103  -0.0108  -0.0111  -0.0112  -0.0111  -0.0108  -0.0103 -0.00957 -0.00859 -0.00733 -0.00578 -0.00398 -0.00196        0
        0|        0  -0.0016 -0.00325 -0.00478 -0.00612 -0.00725 -0.00817 -0.00888 -0.00938 -0.00968  -0.0098 -0.00973 -0.00946   -0.009 -0.00832 -0.00743 -0.00629 -0.00494 -0.00338 -0.00167        0

v (22x12): 
         |        0        1        2        3        4        5        6        7        8        9       10       11       12       13       14       15       16       17       18       19       20       21
-------------------------------------------------------------------------------------------------------------------------------------------------------------------------------------------------------------------------
       10|        0        0        0        0        0        0        0        0        0        0        0        0        0        0        0        0        0        0        0        0        0        0
        9|  -0.0572   0.0587   0.0274   0.0134   0.0073   0.0043  0.00266   0.0017  0.00108  0.00065 0.000318 1.84e-05-0.000283-0.000632 -0.00112 -0.00188 -0.00324 -0.00598  -0.0122  -0.0279  -0.0643   0.0623
        8|  -0.0349   0.0359   0.0262   0.0165   0.0104  0.00665  0.00434  0.00284  0.00182  0.00108 0.000491-3.69e-05-0.000581 -0.00123 -0.00209 -0.00336 -0.00539 -0.00884  -0.0151  -0.0265  -0.0432   0.0415
        7|  -0.0234   0.0241   0.0208   0.0153   0.0107  0.00741  0.00508  0.00344  0.00225  0.00133 0.000569-0.000128-0.000857 -0.00171 -0.00282 -0.00435  -0.0066 -0.00996   -0.015  -0.0219  -0.0276   0.0266
        6|  -0.0167   0.0172   0.0161   0.0129  0.00977  0.00717  0.00515  0.00359  0.00239  0.00142 0.000586-0.000196 -0.00101 -0.00195 -0.00312 -0.00466 -0.00672  -0.0095  -0.0131  -0.0171   -0.019   0.0184
        5|  -0.0123   0.0126   0.0123   0.0104   0.0083  0.00637  0.00474  0.00339  0.00229  0.00137 0.000549-0.000228 -0.00104 -0.00195 -0.00306 -0.00442 -0.00615 -0.00825  -0.0107   -0.013  -0.0136   0.0132
        4| -0.00899  0.00925  0.00923  0.00806  0.00667  0.00529  0.00404  0.00295  0.00202  0.00121 0.000477-0.000231-0.000963 -0.00178 -0.00272 -0.00385 -0.00518  -0.0067 -0.00829 -0.00969 -0.00985  0.00953
        3| -0.00639  0.00658  0.00665  0.00593  0.00502  0.00407  0.00317  0.00235  0.00162 0.000976 0.000376-0.000206-0.000808 -0.00146 -0.00221 -0.00306 -0.00403 -0.00507  -0.0061 -0.00694 -0.00693  0.00672
        2| -0.00419  0.00431   0.0044  0.00397  0.00341  0.00281  0.00221  0.00166  0.00115 0.000693 0.000261-0.000163-0.000597 -0.00107 -0.00158 -0.00216 -0.00279 -0.00345 -0.00407 -0.00457 -0.00451  0.00437
        1| -0.00223  0.00228  0.00235  0.00213  0.00185  0.00154  0.00122 0.000921 0.000641 0.000382 0.000135-0.000106-0.000355-0.000616-0.000901 -0.00121 -0.00154 -0.00187 -0.00217 -0.00241 -0.00236   0.0023
        0| -0.00927  0.00956  0.00993  0.00933  0.00845  0.00738  0.00618  0.00489  0.00355  0.00218 0.000792-0.000601   -0.002 -0.00339 -0.00477 -0.00612 -0.00738 -0.00852 -0.00946  -0.0101 -0.00978  0.00947

p (22x12): 
         |        0        1        2        3        4        5        6        7        8        9       10       11       12       13       14       15       16       17       18       19       20       21
-------------------------------------------------------------------------------------------------------------------------------------------------------------------------------------------------------------------------
       11|   -0.342   -0.342   -0.334    -0.33   -0.326   -0.323    -0.32   -0.318   -0.316   -0.313   -0.311   -0.309   -0.307   -0.305   -0.303     -0.3   -0.297   -0.294   -0.289   -0.282   -0.269   -0.269
       10|   -0.342   -0.342   -0.334    -0.33   -0.326   -0.323    -0.32   -0.318   -0.316   -0.313   -0.311   -0.309   -0.307   -0.305   -0.303     -0.3   -0.297   -0.294   -0.289   -0.282   -0.269   -0.269
        9|   -0.334   -0.334   -0.331   -0.328   -0.325   -0.322    -0.32   -0.318   -0.315   -0.313   -0.311   -0.309   -0.307   -0.305   -0.303     -0.3   -0.298   -0.295   -0.291   -0.287   -0.281   -0.281
        8|   -0.329   -0.329   -0.328   -0.326   -0.324   -0.321   -0.319   -0.317   -0.315   -0.313   -0.311   -0.309   -0.307   -0.305   -0.303   -0.301   -0.298   -0.296   -0.293    -0.29   -0.288   -0.288
        7|   -0.326   -0.326   -0.325   -0.324   -0.322    -0.32   -0.318   -0.317   -0.315   -0.313   -0.311   -0.309   -0.307   -0.305   -0.303   -0.301   -0.299   -0.297   -0.295   -0.293   -0.292   -0.292
        6|   -0.324   -0.324   -0.323   -0.322   -0.321   -0.319   -0.318   -0.316   -0.314   -0.313   -0.311   -0.309   -0.307   -0.305   -0.303   -0.302     -0.3   -0.298   -0.296   -0.295   -0.294   -0.294
        5|   -0.322   -0.322   -0.322   -0.321    -0.32   -0.318   -0.317   -0.316   -0.314   -0.312   -0.311   -0.309   -0.307   -0.305   -0.304   -0.302     -0.3   -0.299   -0.298   -0.297   -0.296   -0.296
        4|   -0.321   -0.321    -0.32    -0.32   -0.319   -0.318   -0.317   -0.315   -0.314   -0.312   -0.311   -0.309   -0.307   -0.306   -0.304   -0.303   -0.301     -0.3   -0.299   -0.298   -0.298   -0.298
        3|    -0.32    -0.32    -0.32   -0.319   -0.318   -0.317   -0.316   -0.315   -0.313   -0.312    -0.31   -0.309   -0.307   -0.306   -0.304   -0.303   -0.302     -0.3   -0.299   -0.299   -0.299   -0.299
        2|   -0.319   -0.319   -0.319   -0.319   -0.318   -0.317   -0.316   -0.315   -0.313   -0.312    -0.31   -0.309   -0.307   -0.306   -0.304   -0.303   -0.302   -0.301     -0.3   -0.299   -0.299   -0.299
        1|   -0.319   -0.319   -0.319   -0.318   -0.318   -0.317   -0.316   -0.315   -0.313   -0.312    -0.31   -0.309   -0.307   -0.306   -0.305   -0.303   -0.302   -0.301     -0.3     -0.3   -0.299   -0.299
        0|   -0.318   -0.318   -0.318   -0.317   -0.317   -0.316   -0.315   -0.314   -0.313   -0.311    -0.31   -0.309   -0.308   -0.306   -0.305   -0.304   -0.303   -0.302   -0.302   -0.301   -0.301   -0.301

F (22x12): 
         |        0        1        2        3        4        5        6        7        8        9       10       11       12       13       14       15       16       17       18       19       20
-------------------------------------------------------------------------------------------------------------------------------------------------------------------------------------------------------------------------
       11|        0     1.94     1.92      1.9      1.9     1.89     1.89     1.89     1.89     1.89     1.89     1.89     1.89     1.89     1.89     1.89     1.89      1.9     1.91     1.94        0
       10|        0   0.0607   0.0873      0.1    0.108    0.112    0.114    0.116    0.117    0.118    0.118    0.118    0.118    0.117    0.116    0.114    0.111    0.106   0.0941   0.0675        0
        9|        0  -0.0222  -0.0232  -0.0201   -0.017  -0.0147  -0.0131   -0.012  -0.0113  -0.0109  -0.0107  -0.0108   -0.011  -0.0116  -0.0126   -0.014   -0.016  -0.0187  -0.0213  -0.0197        0
        8|        0  -0.0115  -0.0167  -0.0179  -0.0176  -0.0168  -0.0161  -0.0155  -0.0151  -0.0149  -0.0148  -0.0149  -0.0151  -0.0156  -0.0163  -0.0173  -0.0184  -0.0195  -0.0193  -0.0149        0
        7|        0  -0.0067  -0.0113  -0.0136  -0.0145  -0.0147  -0.0146  -0.0145  -0.0143  -0.0142  -0.0142  -0.0143  -0.0144  -0.0146  -0.0149  -0.0152  -0.0153  -0.0149   -0.013 -0.00831        0
        6|        0 -0.00445 -0.00813  -0.0105  -0.0119  -0.0127  -0.0131  -0.0133  -0.0134  -0.0134  -0.0135  -0.0135  -0.0135  -0.0135  -0.0134  -0.0132  -0.0127  -0.0114 -0.00911 -0.00519        0
        5|        0 -0.00327 -0.00625 -0.00851  -0.0101  -0.0111  -0.0118  -0.0122  -0.0125  -0.0126  -0.0127  -0.0127  -0.0126  -0.0124  -0.0121  -0.0116  -0.0106 -0.00912 -0.00683 -0.00365        0
        4|        0  -0.0026 -0.00509 -0.00715 -0.00874 -0.00992  -0.0108  -0.0113  -0.0117  -0.0119   -0.012   -0.012  -0.0118  -0.0115   -0.011  -0.0103 -0.00916 -0.00758 -0.00547 -0.00282        0
        3|        0  -0.0022 -0.00438 -0.00627 -0.00783 -0.00904 -0.00996  -0.0106  -0.0111  -0.0113  -0.0115  -0.0114  -0.0112  -0.0108  -0.0102 -0.00934 -0.00815 -0.00659 -0.00464 -0.00234        0
        2|        0 -0.00197 -0.00395 -0.00573 -0.00724 -0.00847 -0.00943  -0.0101  -0.0106  -0.0109   -0.011   -0.011  -0.0107  -0.0103 -0.00965 -0.00873 -0.00751 -0.00599 -0.00415 -0.00208        0
        1|        0 -0.00188 -0.00382 -0.00556 -0.00706 -0.00828 -0.00924 -0.00995  -0.0104  -0.0107  -0.0108  -0.0107  -0.0104 -0.00994 -0.00923 -0.00828 -0.00706 -0.00557 -0.00383 -0.00189        0
        0|        0        0        0        0        0        0        0        0        0        0        0        0        0        0        0        0        0        0        0        0        0

G (22x12): 
         |        0        1        2        3        4        5        6        7        8        9       10       11       12       13       14       15       16       17       18       19       20       21
-------------------------------------------------------------------------------------------------------------------------------------------------------------------------------------------------------------------------
       10|        0        0        0        0        0        0        0        0        0        0        0        0        0        0        0        0        0        0        0        0        0        0
        9|  -0.0572   0.0566   0.0266    0.013  0.00705  0.00414  0.00256  0.00163  0.00103  0.00062   0.0003 1.06e-05-0.000281-0.000619 -0.00109 -0.00182 -0.00313 -0.00576  -0.0117  -0.0267  -0.0612   0.0623
        8|  -0.0349   0.0346   0.0253   0.0159  0.00998  0.00639  0.00416  0.00272  0.00174  0.00103 0.000458-5.24e-05-0.000581 -0.00121 -0.00205 -0.00329 -0.00526 -0.00862  -0.0147  -0.0257  -0.0416   0.0415
        7|  -0.0234   0.0232   0.0201   0.0147   0.0103  0.00713  0.00489   0.0033  0.00215  0.00127 0.000533-0.000141-0.000848 -0.00168 -0.00275 -0.00424 -0.00642 -0.00968  -0.0145  -0.0212  -0.0266   0.0266
        6|  -0.0167   0.0166   0.0156   0.0125  0.00943  0.00692  0.00496  0.00345  0.00229  0.00135 0.000551-0.000205-0.000993  -0.0019 -0.00304 -0.00453 -0.00653 -0.00921  -0.0126  -0.0165  -0.0183   0.0184
        5|  -0.0123   0.0122   0.0119   0.0101  0.00802  0.00615  0.00457  0.00327   0.0022  0.00131 0.000519-0.000234 -0.00102 -0.00191 -0.00297  -0.0043 -0.00596 -0.00799  -0.0103  -0.0126  -0.0131   0.0132
        4| -0.00899  0.00894  0.00894   0.0078  0.00644  0.00511   0.0039  0.00284  0.00194  0.00116 0.000451-0.000234-0.000943 -0.00173 -0.00264 -0.00373 -0.00502 -0.00648 -0.00802 -0.00937 -0.00949  0.00953
        3| -0.00639  0.00636  0.00644  0.00574  0.00485  0.00394  0.00306  0.00227  0.00157 0.000938 0.000357-0.000206 -0.00079 -0.00143 -0.00215 -0.00297  -0.0039 -0.00491  -0.0059 -0.00672 -0.00669  0.00672
        2| -0.00419  0.00417  0.00427  0.00385   0.0033  0.00272  0.00214   0.0016  0.00112 0.000667 0.000249-0.000162-0.000584 -0.00104 -0.00154  -0.0021 -0.00271 -0.00335 -0.00395 -0.00442 -0.00435  0.00437
        1| -0.00223  0.00225  0.00232   0.0021  0.00182  0.00151   0.0012 0.000909 0.000632 0.000376 0.000132-0.000106-0.000351-0.000608-0.000888 -0.00119 -0.00151 -0.00183 -0.00213 -0.00236 -0.00231   0.0023
        0| -0.00927        0        0        0        0        0        0        0        0        0        0        0        0        0        0        0        0        0        0        0        0  0.00947

rhs (22x12): 
         |        0        1        2        3        4        5        6        7        8        9       10       11       12       13       14       15       16       17       18       19       20       21
-------------------------------------------------------------------------------------------------------------------------------------------------------------------------------------------------------------------------
       11|        0        0        0        0        0        0        0        0        0        0        0        0        0        0        0        0        0        0        0        0        0        0
       10|        0      1.6  -0.0176   0.0674   0.0425    0.023   0.0141  0.00823  0.00652  0.00437  0.00492  0.00351  0.00419  0.00463  0.00798   0.0117   0.0217   0.0399   0.0765   0.0758    -2.47        0
        9|        0  -0.0703    0.113   0.0732   0.0369   0.0211   0.0115  0.00828  0.00464  0.00451  0.00267  0.00453  0.00458  0.00709  0.00882   0.0162   0.0287   0.0629    0.141    0.244   0.0257        0
        8|        0  -0.0566  -0.0132 -0.00644 -0.00145 -0.00123 0.000526 -0.00047 0.000819-0.000363 0.000854-0.000282  0.00098-0.000221  0.00098 -0.00031 0.000572 -0.00181 -0.00517  -0.0224  -0.0172        0
        7|        0   -0.023 -0.00688 -0.00317 -0.00258-0.000381 -0.00107 0.000415-0.000654 0.000625-0.000557 0.000661 -0.00058 0.000551-0.000828 2.46e-05 -0.00195  -0.0024 -0.00705  -0.0105 -0.00218        0
        6|        0  -0.0134  -0.0025 -0.00272-0.000651 -0.00129 0.000257-0.000757 0.000561-0.000592 0.000641-0.000569 0.000612-0.000666 0.000407 -0.00107-0.000352 -0.00245 -0.00267 -0.00538  0.00485        0
        5|        0  -0.0081 -0.00235-0.000683 -0.00143  0.00013-0.000848 0.000506 -0.00062 0.000635-0.000556  0.00065-0.000585  0.00057-0.000744 0.000278 -0.00125 -0.00054 -0.00244 -0.00187  0.00437        0
        4|        0 -0.00681-0.000498 -0.00145 4.31e-05-0.000933 0.000446-0.000653 0.000626-0.000546 0.000682-0.000536 0.000654-0.000602 0.000527-0.000823 0.000169 -0.00136 -0.00054 -0.00207  0.00484        0
        3|        0  -0.0047 -0.00138-1.49e-06 -0.00101 0.000375-0.000702 0.000602-0.000549 0.000696-0.000499 0.000705-0.000524 0.000649-0.000631 0.000469-0.000907 8.14e-05 -0.00139-0.000374  0.00351        0
        2|        0  -0.0181  -0.0138  -0.0137  -0.0108  -0.0101 -0.00686 -0.00614 -0.00313  -0.0027-9.12e-06 8.74e-05  0.00251   0.0024   0.0046  0.00422  0.00609  0.00534  0.00681  0.00574    0.011        0
        1|        0    0.145    0.146    0.139    0.126    0.113   0.0947   0.0776    0.057    0.038   0.0162 -0.00361  -0.0263  -0.0472  -0.0707  -0.0917   -0.114   -0.133   -0.151   -0.161   -0.162        0
        0|        0        0        0        0        0        0        0        0        0        0        0        0        0        0        0        0        0        0        0        0        0        0

