t: 0.582315
nCells: 20x10, dx: 0.1, dy: 0.1

u (22x12): 
         |        0        1        2        3        4        5        6        7        8        9       10       11       12       13       14       15       16       17       18       19       20
-------------------------------------------------------------------------------------------------------------------------------------------------------------------------------------------------------------------------
       11|        0     1.95     1.93     1.92     1.92     1.91     1.91     1.91     1.91     1.91     1.91     1.91     1.91     1.91     1.91     1.91     1.91     1.92     1.93     1.95        0
       10|        0   0.0492   0.0711   0.0815    0.087   0.0903   0.0923   0.0935   0.0943   0.0948    0.095    0.095   0.0947   0.0941   0.0932   0.0916   0.0889    0.084   0.0742   0.0521        0
        9|        0  -0.0193  -0.0201  -0.0175  -0.0149   -0.013  -0.0117  -0.0108  -0.0102 -0.00987 -0.00974 -0.00981  -0.0101  -0.0106  -0.0114  -0.0126  -0.0145  -0.0169  -0.0194  -0.0184        0
        8|        0 -0.00995  -0.0142  -0.0151  -0.0147   -0.014  -0.0134  -0.0129  -0.0125  -0.0123  -0.0122  -0.0123  -0.0125  -0.0129  -0.0135  -0.0142  -0.0152  -0.0159  -0.0157  -0.0119        0
        7|        0 -0.00575 -0.00955  -0.0114  -0.0121  -0.0122  -0.0121   -0.012  -0.0118  -0.0118  -0.0117  -0.0118  -0.0119  -0.0121  -0.0123  -0.0125  -0.0126  -0.0121  -0.0105 -0.00664        0
        6|        0 -0.00379 -0.00686 -0.00883 -0.00997  -0.0106  -0.0109   -0.011  -0.0111  -0.0111  -0.0111  -0.0111  -0.0111  -0.0111  -0.0111  -0.0109  -0.0104 -0.00933  -0.0074  -0.0042        0
        5|        0 -0.00277 -0.00525 -0.00711  -0.0084 -0.00925 -0.00979  -0.0101  -0.0103  -0.0104  -0.0105  -0.0105  -0.0104  -0.0102 -0.00997 -0.00949  -0.0087 -0.00746 -0.00558 -0.00298        0
        4|        0 -0.00219 -0.00427 -0.00597 -0.00728 -0.00824 -0.00891 -0.00938 -0.00967 -0.00985 -0.00991 -0.00988 -0.00975 -0.00949 -0.00907 -0.00843 -0.00751 -0.00621 -0.00448 -0.00232        0
        3|        0 -0.00185 -0.00366 -0.00523  -0.0065  -0.0075 -0.00825 -0.00879 -0.00915 -0.00936 -0.00944  -0.0094 -0.00922 -0.00889 -0.00839 -0.00767 -0.00669  -0.0054 -0.00381 -0.00193        0
        2|        0 -0.00165  -0.0033 -0.00477 -0.00601 -0.00702  -0.0078 -0.00838 -0.00877 -0.00901  -0.0091 -0.00904 -0.00884 -0.00847 -0.00792 -0.00716 -0.00616 -0.00491 -0.00341 -0.00171        0
        1|        0 -0.00156 -0.00316 -0.00459 -0.00581 -0.00682 -0.00761 -0.00819 -0.00859 -0.00882  -0.0089 -0.00882 -0.00859 -0.00819 -0.00761 -0.00683 -0.00583 -0.00461 -0.00317 -0.00157        0
        0|        0  -0.0013 -0.00262 -0.00384  -0.0049  -0.0058 -0.00653 -0.00708 -0.00747  -0.0077 -0.00779 -0.00773 -0.00751 -0.00714  -0.0066 -0.00588 -0.00499 -0.00391 -0.00268 -0.00134        0

v (22x12): 
         |        0        1        2        3        4        5        6        7        8        9       10       11       12       13       14       15       16       17       18       19       20       21
-------------------------------------------------------------------------------------------------------------------------------------------------------------------------------------------------------------------------
       10|        0        0        0        0        0        0        0        0        0        0        0        0        0        0        0        0        0        0        0        0        0        0
        9|  -0.0474   0.0492   0.0219   0.0104  0.00556  0.00324  0.00199  0.00126 0.000789  0.00046 0.000202-3.41e-05-0.000276-0.000564-0.000965 -0.00159  -0.0027 -0.00488 -0.00978  -0.0221  -0.0521     0.05
        8|  -0.0288   0.0299   0.0211   0.0131   0.0081  0.00515  0.00333  0.00217  0.00137 0.000793 0.000326-9.75e-05-0.000541 -0.00107 -0.00179 -0.00284  -0.0045 -0.00731  -0.0123  -0.0212  -0.0337   0.0321
        7|  -0.0192   0.0199   0.0168   0.0122  0.00847  0.00582  0.00397  0.00267  0.00172 0.000997 0.000391 -0.00017-0.000759 -0.00145 -0.00235  -0.0036 -0.00541  -0.0081   -0.012  -0.0174  -0.0217   0.0208
        6|  -0.0137   0.0142    0.013   0.0103  0.00779  0.00569  0.00406  0.00281  0.00185  0.00108 0.000412-0.000216-0.000873 -0.00163 -0.00258 -0.00381 -0.00546 -0.00765  -0.0104  -0.0135  -0.0151   0.0145
        5|    -0.01   0.0104  0.00996  0.00837  0.00665  0.00508  0.00376  0.00268  0.00179  0.00105 0.000394-0.000232-0.000886 -0.00162 -0.00251  -0.0036 -0.00497 -0.00662  -0.0085  -0.0103  -0.0109   0.0105
        4| -0.00734  0.00762  0.00748   0.0065  0.00536  0.00423  0.00322  0.00234  0.00159 0.000939 0.000348-0.000223-0.000814 -0.00147 -0.00223 -0.00312 -0.00418 -0.00538 -0.00662 -0.00771 -0.00793  0.00761
        3| -0.00523  0.00543   0.0054   0.0048  0.00405  0.00328  0.00254  0.00188  0.00129 0.000766  0.00028-0.000192 -0.00068 -0.00121 -0.00181 -0.00249 -0.00326 -0.00408 -0.00489 -0.00555 -0.00561  0.00539
        2| -0.00345  0.00358  0.00359  0.00323  0.00277  0.00228  0.00179  0.00134  0.00093 0.000552 0.000199-0.000147-0.000502-0.000883  -0.0013 -0.00177 -0.00227  -0.0028 -0.00329 -0.00368 -0.00368  0.00354
        1| -0.00186  0.00193  0.00195  0.00177  0.00153  0.00127  0.00101 0.000765 0.000532 0.000316  0.00011-9.21e-05-0.000299-0.000517-0.000753 -0.00101 -0.00128 -0.00154 -0.00179 -0.00198 -0.00197   0.0019
        0| -0.00744  0.00775  0.00792  0.00743  0.00672  0.00586   0.0049  0.00386  0.00279   0.0017   0.0006-0.000506 -0.00161 -0.00272 -0.00381 -0.00486 -0.00586 -0.00676 -0.00749 -0.00801 -0.00786  0.00753

p (22x12): 
         |        0        1        2        3        4        5        6        7        8        9       10       11       12       13       14       15       16       17       18       19       20       21
-------------------------------------------------------------------------------------------------------------------------------------------------------------------------------------------------------------------------
       11|   -0.178   -0.178    -0.17   -0.164   -0.161   -0.157   -0.154   -0.152    -0.15   -0.147   -0.145   -0.143   -0.141   -0.139   -0.136   -0.134   -0.131   -0.128   -0.123   -0.116   -0.104   -0.104
       10|   -0.178   -0.178    -0.17   -0.164   -0.161   -0.157   -0.154   -0.152    -0.15   -0.147   -0.145   -0.143   -0.141   -0.139   -0.136   -0.134   -0.131   -0.128   -0.123   -0.116   -0.104   -0.104
        9|   -0.169   -0.169   -0.166   -0.163    -0.16   -0.157   -0.154   -0.152   -0.149   -0.147   -0.145   -0.143   -0.141   -0.139   -0.136   -0.134   -0.131   -0.128   -0.125    -0.12   -0.116   -0.116
        8|   -0.164   -0.164   -0.163    -0.16   -0.158   -0.156   -0.153   -0.151   -0.149   -0.147   -0.145   -0.143   -0.141   -0.139   -0.137   -0.134   -0.132   -0.129   -0.127   -0.124   -0.122   -0.122
        7|   -0.161   -0.161    -0.16   -0.158   -0.157   -0.155   -0.153   -0.151   -0.149   -0.147   -0.145   -0.143   -0.141   -0.139   -0.137   -0.135   -0.133   -0.131   -0.129   -0.127   -0.125   -0.125
        6|   -0.158   -0.158   -0.158   -0.157   -0.155   -0.154   -0.152    -0.15   -0.148   -0.147   -0.145   -0.143   -0.141   -0.139   -0.137   -0.135   -0.134   -0.132    -0.13   -0.129   -0.128   -0.128
        5|   -0.157   -0.157   -0.156   -0.155   -0.154   -0.153   -0.151    -0.15   -0.148   -0.146   -0.145   -0.143   -0.141   -0.139   -0.138   -0.136   -0.134   -0.133   -0.132   -0.131    -0.13    -0.13
        4|   -0.155   -0.155   -0.155   -0.154   -0.153   -0.152   -0.151   -0.149   -0.148   -0.146   -0.145   -0.143   -0.141    -0.14   -0.138   -0.136   -0.135   -0.134   -0.133   -0.132   -0.131   -0.131
        3|   -0.154   -0.154   -0.154   -0.154   -0.153   -0.152    -0.15   -0.149   -0.148   -0.146   -0.145   -0.143   -0.141    -0.14   -0.138   -0.137   -0.135   -0.134   -0.133   -0.133   -0.132   -0.132
        2|   -0.154   -0.154   -0.154   -0.153   -0.152   -0.151    -0.15   -0.149   -0.147   -0.146   -0.144   -0.143   -0.141    -0.14   -0.138   -0.137   -0.136   -0.135   -0.134   -0.133   -0.133   -0.133
        1|   -0.154   -0.154   -0.153   -0.153   -0.152   -0.151    -0.15   -0.149   -0.147   -0.146   -0.144   -0.143   -0.141    -0.14   -0.138   -0.137   -0.136   -0.135   -0.134   -0.134   -0.133   -0.133
        0|   -0.152   -0.152   -0.152   -0.152   -0.151    -0.15   -0.149   -0.148   -0.147   -0.146   -0.144   -0.143   -0.142    -0.14   -0.139   -0.138   -0.137   -0.136   -0.136   -0.135   -0.135   -0.135

F (22x12): 
         |        0        1        2        3        4        5        6        7        8        9       10       11       12       13       14       15       16       17       18       19       20
-------------------------------------------------------------------------------------------------------------------------------------------------------------------------------------------------------------------------
       11|        0     1.95     1.93     1.92     1.92     1.91     1.91     1.91     1.91     1.91     1.91     1.91     1.91     1.91     1.91     1.91     1.91     1.92     1.93     1.95        0
       10|        0   0.0513   0.0724   0.0825   0.0879    0.091   0.0929   0.0941   0.0949   0.0953   0.0955   0.0955   0.0952   0.0947   0.0938   0.0923   0.0897   0.0851   0.0759   0.0551        0
        9|        0  -0.0185  -0.0192  -0.0167  -0.0142  -0.0124  -0.0111  -0.0102 -0.00964 -0.00932  -0.0092 -0.00926 -0.00952    -0.01  -0.0108   -0.012  -0.0137   -0.016  -0.0183  -0.0171        0
        8|        0 -0.00958  -0.0136  -0.0144  -0.0141  -0.0134  -0.0128  -0.0123   -0.012  -0.0118  -0.0117  -0.0118   -0.012  -0.0124  -0.0129  -0.0136  -0.0145  -0.0152   -0.015  -0.0114        0
        7|        0 -0.00554 -0.00918  -0.0109  -0.0116  -0.0117  -0.0116  -0.0115  -0.0113  -0.0113  -0.0112  -0.0113  -0.0114  -0.0116  -0.0118   -0.012   -0.012  -0.0116    -0.01 -0.00633        0
        6|        0 -0.00365 -0.00659 -0.00848 -0.00956  -0.0101  -0.0104  -0.0105  -0.0106  -0.0106  -0.0106  -0.0107  -0.0107  -0.0107  -0.0106  -0.0104 -0.00991 -0.00892 -0.00707 -0.00401        0
        5|        0 -0.00267 -0.00505 -0.00683 -0.00806 -0.00887 -0.00938  -0.0097 -0.00989 -0.00999    -0.01    -0.01 -0.00996 -0.00981 -0.00954 -0.00908 -0.00832 -0.00713 -0.00533 -0.00285        0
        4|        0 -0.00211  -0.0041 -0.00573 -0.00698 -0.00789 -0.00854 -0.00898 -0.00926 -0.00943 -0.00949 -0.00946 -0.00933 -0.00908 -0.00867 -0.00807 -0.00718 -0.00594 -0.00428 -0.00222        0
        3|        0 -0.00178 -0.00351 -0.00501 -0.00623 -0.00719  -0.0079 -0.00841 -0.00876 -0.00896 -0.00904 -0.00899 -0.00882  -0.0085 -0.00802 -0.00733 -0.00639 -0.00516 -0.00364 -0.00185        0
        2|        0 -0.00159 -0.00316 -0.00457 -0.00576 -0.00672 -0.00747 -0.00802  -0.0084 -0.00862  -0.0087 -0.00865 -0.00845  -0.0081 -0.00757 -0.00685 -0.00589 -0.00469 -0.00326 -0.00164        0
        1|        0  -0.0015 -0.00303  -0.0044 -0.00557 -0.00653 -0.00728 -0.00784 -0.00822 -0.00843 -0.00851 -0.00843 -0.00821 -0.00783 -0.00727 -0.00652 -0.00557  -0.0044 -0.00303 -0.00151        0
        0|        0        0        0        0        0        0        0        0        0        0        0        0        0        0        0        0        0        0        0        0        0

G (22x12): 
         |        0        1        2        3        4        5        6        7        8        9       10       11       12       13       14       15       16       17       18       19       20       21
-------------------------------------------------------------------------------------------------------------------------------------------------------------------------------------------------------------------------
       10|        0        0        0        0        0        0        0        0        0        0        0        0        0        0        0        0        0        0        0        0        0        0
        9|  -0.0474   0.0469    0.021     0.01  0.00532  0.00309   0.0019   0.0012  0.00075 0.000436 0.000189-3.71e-05-0.000269-0.000546-0.000931 -0.00153 -0.00259 -0.00467 -0.00932   -0.021  -0.0492     0.05
        8|  -0.0288   0.0285   0.0201   0.0125  0.00772   0.0049  0.00317  0.00206   0.0013 0.000748 0.000302-0.000104-0.000531 -0.00104 -0.00173 -0.00275 -0.00435 -0.00705  -0.0118  -0.0203  -0.0321   0.0321
        7|  -0.0192   0.0191   0.0161   0.0116  0.00809  0.00555  0.00379  0.00254  0.00164 0.000944 0.000364-0.000173 -0.00074 -0.00141 -0.00227 -0.00347 -0.00521 -0.00779  -0.0116  -0.0166  -0.0208   0.0208
        6|  -0.0137   0.0136   0.0125   0.0099  0.00745  0.00544  0.00388  0.00268  0.00176  0.00102 0.000385-0.000217-0.000847 -0.00158 -0.00248 -0.00367 -0.00525 -0.00735    -0.01  -0.0129  -0.0144   0.0145
        5|    -0.01  0.00995  0.00955  0.00802  0.00637  0.00486  0.00359  0.00256  0.00171    0.001  0.00037-0.000231-0.000858 -0.00157 -0.00241 -0.00346 -0.00477 -0.00635 -0.00815 -0.00987  -0.0104   0.0105
        4| -0.00734   0.0073  0.00717  0.00623  0.00514  0.00406  0.00308  0.00224  0.00152 0.000894 0.000327-0.000221-0.000788 -0.00142 -0.00214   -0.003 -0.00401 -0.00516 -0.00635 -0.00739 -0.00758  0.00761
        3| -0.00523   0.0052  0.00519  0.00461  0.00389  0.00314  0.00244   0.0018  0.00124 0.000731 0.000264-0.000189-0.000658 -0.00117 -0.00174 -0.00239 -0.00313 -0.00392 -0.00469 -0.00532 -0.00537  0.00539
        2| -0.00345  0.00343  0.00345  0.00311  0.00267  0.00219  0.00172  0.00129 0.000892 0.000529 0.000189-0.000145-0.000486-0.000853 -0.00126  -0.0017 -0.00219 -0.00269 -0.00316 -0.00353 -0.00353  0.00354
        1| -0.00186  0.00188   0.0019  0.00173   0.0015  0.00125 0.000991 0.000748 0.000521 0.000309 0.000107-9.12e-05-0.000294-0.000507-0.000737-0.000983 -0.00124  -0.0015 -0.00174 -0.00193 -0.00191   0.0019
        0| -0.00744        0        0        0        0        0        0        0        0        0        0        0        0        0        0        0        0        0        0        0        0  0.00753

rhs (22x12): 
         |        0        1        2        3        4        5        6        7        8        9       10       11       12       13       14       15       16       17       18       19       20       21
-------------------------------------------------------------------------------------------------------------------------------------------------------------------------------------------------------------------------
       11|        0        0        0        0        0        0        0        0        0        0        0        0        0        0        0        0        0        0        0        0        0        0
       10|        0     1.73 -0.00797   0.0441    0.026   0.0134  0.00804  0.00463  0.00374   0.0026  0.00305  0.00208  0.00283  0.00334  0.00563  0.00829    0.015   0.0271    0.052   0.0592     -2.3        0
        9|        0  -0.0536   0.0794   0.0479   0.0232   0.0128  0.00691  0.00494  0.00279  0.00271  0.00165  0.00303  0.00297  0.00459   0.0058   0.0104   0.0182   0.0392   0.0882    0.159   0.0235        0
        8|        0  -0.0429 -0.00916 -0.00436 -0.00112-0.000865 0.000225-0.000326 0.000445-0.000237 0.000479-0.000182 0.000539-0.000177 0.000496-0.000323 4.59e-05 -0.00172 -0.00458  -0.0157 -0.00836        0
        7|        0  -0.0178 -0.00454  -0.0021 -0.00163-0.000279-0.000653 0.000227-0.000393 0.000359-0.000332  0.00038-0.000349 0.000307-0.000509 -2.7e-05 -0.00121 -0.00152 -0.00425 -0.00629  0.00173        0
        6|        0  -0.0103 -0.00169 -0.00172-0.000453-0.000796 0.000129-0.000456  0.00032-0.000353  0.00037 -0.00034  0.00035-0.000401 0.000221 -0.00065-0.000245 -0.00149 -0.00162 -0.00324  0.00474        0
        5|        0 -0.00644 -0.00149-0.000476-0.000882 4.81e-05-0.000513 0.000285 -0.00037 0.000366-0.000331 0.000374 -0.00035 0.000324 -0.00045 0.000143-0.000759-0.000351 -0.00147 -0.00115  0.00392        0
        4|        0 -0.00527-0.000362  -0.0009-7.11e-06-0.000566 0.000248 -0.00039 0.000361-0.000324 0.000395-0.000319 0.000376 -0.00036 0.000297-0.000497 7.81e-05-0.000819-0.000347 -0.00126  0.00392        0
        3|        0 -0.00381-0.000857-3.55e-05-0.000615 0.000205 -0.00042 0.000347-0.000325 0.000404-0.000295 0.000409-0.000311 0.000373-0.000378 0.000262-0.000547 2.74e-05-0.000837 -0.00025  0.00297        0
        2|        0  -0.0136  -0.0101  -0.0099 -0.00798 -0.00731 -0.00517 -0.00449 -0.00246 -0.00195-0.000121 0.000182  0.00184  0.00202  0.00353  0.00353  0.00482  0.00456  0.00557  0.00504  0.00898        0
        1|        0    0.148    0.147    0.139    0.126    0.112   0.0936   0.0754   0.0549   0.0353   0.0139 -0.00629  -0.0282   -0.049  -0.0711  -0.0916   -0.113    -0.13   -0.146   -0.157   -0.158        0
        0|        0        0        0        0        0        0        0        0        0        0        0        0        0        0        0        0        0        0        0        0        0        0

