t: 1.09856
nCells: 20x10, dx: 0.1, dy: 0.1

u (22x12): 
         |        0        1        2        3        4        5        6        7        8        9       10       11       12       13       14       15       16       17       18       19       20
-------------------------------------------------------------------------------------------------------------------------------------------------------------------------------------------------------------------------
       11|        0  -0.0027 -0.00564 -0.00829  -0.0106  -0.0124  -0.0139   -0.015  -0.0158  -0.0162  -0.0163  -0.0162  -0.0158   -0.015   -0.014  -0.0125  -0.0107 -0.00842 -0.00576 -0.00279        0
       10|        0  -0.0022 -0.00458 -0.00678 -0.00873  -0.0104  -0.0118  -0.0128  -0.0136  -0.0141  -0.0143  -0.0142  -0.0139  -0.0132  -0.0123   -0.011  -0.0093 -0.00729 -0.00497 -0.00245        0
        9|        0 -0.00188 -0.00391 -0.00581 -0.00752 -0.00899  -0.0102  -0.0112  -0.0119  -0.0123  -0.0125  -0.0125  -0.0121  -0.0115  -0.0106 -0.00942 -0.00794 -0.00618  -0.0042 -0.00204        0
        8|        0 -0.00163 -0.00338 -0.00503 -0.00653 -0.00784 -0.00894 -0.00981  -0.0105  -0.0109   -0.011  -0.0109  -0.0106  -0.0101 -0.00923 -0.00815 -0.00684  -0.0053 -0.00358 -0.00174        0
        7|        0 -0.00142 -0.00296 -0.00441 -0.00573  -0.0069 -0.00789 -0.00867 -0.00925 -0.00962 -0.00976 -0.00968 -0.00938 -0.00885  -0.0081 -0.00713 -0.00596  -0.0046  -0.0031  -0.0015        0
        6|        0 -0.00126 -0.00262 -0.00391 -0.00509 -0.00614 -0.00703 -0.00774 -0.00827  -0.0086 -0.00872 -0.00865 -0.00836 -0.00788 -0.00719 -0.00631 -0.00526 -0.00405 -0.00272 -0.00132        0
        5|        0 -0.00113 -0.00236 -0.00352 -0.00459 -0.00554 -0.00635   -0.007 -0.00748 -0.00778 -0.00789 -0.00782 -0.00755  -0.0071 -0.00647 -0.00567 -0.00471 -0.00362 -0.00243 -0.00117        0
        4|        0 -0.00104 -0.00215 -0.00322  -0.0042 -0.00508 -0.00582 -0.00643 -0.00687 -0.00715 -0.00725 -0.00718 -0.00693 -0.00651 -0.00592 -0.00518  -0.0043  -0.0033 -0.00221 -0.00107        0
        3|        0-0.000966 -0.00201 -0.00301 -0.00393 -0.00474 -0.00545 -0.00601 -0.00643 -0.00668 -0.00678 -0.00671 -0.00647 -0.00607 -0.00552 -0.00482   -0.004 -0.00307 -0.00206 -0.00099        0
        2|        0 -0.00092 -0.00191 -0.00286 -0.00374 -0.00452 -0.00518 -0.00573 -0.00612 -0.00637 -0.00646 -0.00639 -0.00616 -0.00578 -0.00525 -0.00459  -0.0038 -0.00292 -0.00195-0.000941        0
        1|        0-0.000809 -0.00169 -0.00253  -0.0033 -0.00399 -0.00459 -0.00506 -0.00542 -0.00563 -0.00572 -0.00565 -0.00545 -0.00511 -0.00464 -0.00405 -0.00336 -0.00257 -0.00172-0.000827        0
        0|        0 0.000795  0.00166  0.00248  0.00324  0.00392   0.0045  0.00497  0.00531  0.00553  0.00561  0.00554  0.00535  0.00501  0.00455  0.00397  0.00329  0.00253  0.00169 0.000813        0

v (22x12): 
         |        0        1        2        3        4        5        6        7        8        9       10       11       12       13       14       15       16       17       18       19       20       21
-------------------------------------------------------------------------------------------------------------------------------------------------------------------------------------------------------------------------
       10|   -0.013   0.0133   0.0143   0.0135   0.0123   0.0108  0.00909  0.00725  0.00532  0.00334  0.00133 -0.00071 -0.00276 -0.00483 -0.00689  -0.0089  -0.0108  -0.0125   -0.014  -0.0149   -0.014   0.0137
        9|  -0.0109   0.0111   0.0119   0.0113   0.0103  0.00913  0.00773  0.00619  0.00455  0.00286  0.00112-0.000644 -0.00242 -0.00418 -0.00592 -0.00759 -0.00915  -0.0105  -0.0116  -0.0124  -0.0116   0.0113
        8| -0.00903   0.0092  0.00991  0.00941  0.00864  0.00765   0.0065  0.00522  0.00385  0.00241  0.00093-0.000575 -0.00208 -0.00358 -0.00503 -0.00641 -0.00767 -0.00877 -0.00965  -0.0102 -0.00953  0.00934
        7| -0.00743  0.00757  0.00816  0.00776  0.00714  0.00634   0.0054  0.00435   0.0032    0.002 0.000762-0.000497 -0.00176   -0.003  -0.0042 -0.00533 -0.00636 -0.00723 -0.00793 -0.00838  -0.0078  0.00764
        6| -0.00602  0.00614  0.00662  0.00631  0.00581  0.00517  0.00441  0.00355  0.00262  0.00164 0.000618-0.000422 -0.00146 -0.00248 -0.00345 -0.00436 -0.00518 -0.00588 -0.00643 -0.00678  -0.0063  0.00618
        5| -0.00479  0.00488  0.00526  0.00502  0.00463  0.00412  0.00352  0.00284   0.0021  0.00131 0.000487-0.000344 -0.00118 -0.00199 -0.00277 -0.00348 -0.00413 -0.00468  -0.0051 -0.00537 -0.00499  0.00489
        4| -0.00367  0.00374  0.00404  0.00385  0.00356  0.00317  0.00271  0.00219  0.00162  0.00101 0.000374-0.000271-0.000911 -0.00154 -0.00213 -0.00269 -0.00317 -0.00359 -0.00391 -0.00412 -0.00382  0.00374
        3| -0.00265   0.0027  0.00292  0.00279  0.00257   0.0023  0.00196  0.00159  0.00117  0.00073 0.000268-0.000197-0.000665 -0.00112 -0.00155 -0.00194  -0.0023 -0.00259 -0.00283 -0.00297 -0.00275   0.0027
        2|  -0.0017  0.00173  0.00188  0.00179  0.00165  0.00147  0.00126  0.00102 0.000754 0.000468 0.000174-0.000129-0.000427 -0.00072-0.000995 -0.00125 -0.00148 -0.00167 -0.00181 -0.00191 -0.00176  0.00173
        1|  -0.0008 0.000813  0.00088 0.000842 0.000776 0.000695 0.000593 0.000481 0.000354 0.000222 8.11e-05-5.85e-05-0.000201-0.000336-0.000469-0.000586-0.000694-0.000781-0.000851-0.000892-0.000826 0.000812
        0|        0        0        0        0        0        0        0        0        0        0        0        0        0        0        0        0        0        0        0        0        0        0

p (22x12): 
         |        0        1        2        3        4        5        6        7        8        9       10       11       12       13       14       15       16       17       18       19       20       21
-------------------------------------------------------------------------------------------------------------------------------------------------------------------------------------------------------------------------
       11|    -1.09    -1.09    -1.09    -1.09    -1.09    -1.09    -1.09    -1.08    -1.08    -1.08    -1.08    -1.08    -1.08    -1.08    -1.08    -1.07    -1.07    -1.07    -1.07    -1.07    -1.07    -1.07
       10|    -1.09    -1.09    -1.09    -1.09    -1.09    -1.09    -1.08    -1.08    -1.08    -1.08    -1.08    -1.08    -1.08    -1.08    -1.08    -1.07    -1.07    -1.07    -1.07    -1.07    -1.07    -1.07
        9|    -1.09    -1.09    -1.09    -1.09    -1.09    -1.08    -1.08    -1.08    -1.08    -1.08    -1.08    -1.08    -1.08    -1.08    -1.08    -1.08    -1.07    -1.07    -1.07    -1.07    -1.07    -1.07
        8|    -1.09    -1.09    -1.09    -1.09    -1.08    -1.08    -1.08    -1.08    -1.08    -1.08    -1.08    -1.08    -1.08    -1.08    -1.08    -1.08    -1.08    -1.07    -1.07    -1.07    -1.07    -1.07
        7|    -1.08    -1.08    -1.08    -1.08    -1.08    -1.08    -1.08    -1.08    -1.08    -1.08    -1.08    -1.08    -1.08    -1.08    -1.08    -1.08    -1.08    -1.08    -1.07    -1.07    -1.07    -1.07
        6|    -1.08    -1.08    -1.08    -1.08    -1.08    -1.08    -1.08    -1.08    -1.08    -1.08    -1.08    -1.08    -1.08    -1.08    -1.08    -1.08    -1.08    -1.08    -1.08    -1.08    -1.08    -1.08
        5|    -1.08    -1.08    -1.08    -1.08    -1.08    -1.08    -1.08    -1.08    -1.08    -1.08    -1.08    -1.08    -1.08    -1.08    -1.08    -1.08    -1.08    -1.08    -1.08    -1.08    -1.08    -1.08
        4|    -1.08    -1.08    -1.08    -1.08    -1.08    -1.08    -1.08    -1.08    -1.08    -1.08    -1.08    -1.08    -1.08    -1.08    -1.08    -1.08    -1.08    -1.08    -1.08    -1.08    -1.08    -1.08
        3|    -1.08    -1.08    -1.08    -1.08    -1.08    -1.08    -1.08    -1.08    -1.08    -1.08    -1.08    -1.08    -1.08    -1.08    -1.08    -1.08    -1.08    -1.08    -1.08    -1.08    -1.08    -1.08
        2|    -1.08    -1.08    -1.08    -1.08    -1.08    -1.08    -1.08    -1.08    -1.08    -1.08    -1.08    -1.08    -1.08    -1.08    -1.08    -1.08    -1.08    -1.08    -1.08    -1.08    -1.08    -1.08
        1|    -1.08    -1.08    -1.08    -1.08    -1.08    -1.08    -1.08    -1.08    -1.08    -1.08    -1.08    -1.08    -1.08    -1.08    -1.08    -1.08    -1.08    -1.08    -1.08    -1.08    -1.08    -1.08
        0|    -1.08    -1.08    -1.08    -1.08    -1.08    -1.08    -1.08    -1.08    -1.08    -1.08    -1.08    -1.08    -1.08    -1.08    -1.08    -1.08    -1.08    -1.08    -1.08    -1.08    -1.08    -1.08

F (22x12): 
         |        0        1        2        3        4        5        6        7        8        9       10       11       12       13       14       15       16       17       18       19       20
-------------------------------------------------------------------------------------------------------------------------------------------------------------------------------------------------------------------------
       11|        0        0        0        0        0        0        0        0        0        0        0        0        0        0        0        0        0        0        0        0        0
       10|        0 -0.00217 -0.00449 -0.00665 -0.00856  -0.0102  -0.0115  -0.0126  -0.0133  -0.0138   -0.014  -0.0139  -0.0136  -0.0129   -0.012  -0.0107 -0.00908 -0.00712 -0.00486 -0.00239        0
        9|        0 -0.00185 -0.00384 -0.00569 -0.00736 -0.00881    -0.01  -0.0109  -0.0116  -0.0121  -0.0123  -0.0122  -0.0118  -0.0112  -0.0104  -0.0092 -0.00776 -0.00604  -0.0041   -0.002        0
        8|        0  -0.0016 -0.00331 -0.00493  -0.0064 -0.00768 -0.00875 -0.00961  -0.0102  -0.0106  -0.0108  -0.0107  -0.0104 -0.00983 -0.00902 -0.00797 -0.00668 -0.00518  -0.0035  -0.0017        0
        7|        0  -0.0014  -0.0029 -0.00432 -0.00562 -0.00676 -0.00772 -0.00849 -0.00906 -0.00941 -0.00955 -0.00947 -0.00918 -0.00866 -0.00792 -0.00697 -0.00583  -0.0045 -0.00303 -0.00147        0
        6|        0 -0.00124 -0.00257 -0.00383 -0.00499 -0.00601 -0.00688 -0.00758 -0.00809 -0.00841 -0.00853 -0.00846 -0.00818  -0.0077 -0.00703 -0.00617 -0.00514 -0.00396 -0.00266 -0.00129        0
        5|        0 -0.00111 -0.00231 -0.00345 -0.00449 -0.00542 -0.00621 -0.00685 -0.00732 -0.00761 -0.00772 -0.00764 -0.00739 -0.00694 -0.00633 -0.00554 -0.00461 -0.00354 -0.00238 -0.00115        0
        4|        0 -0.00102 -0.00211 -0.00316 -0.00412 -0.00497  -0.0057 -0.00629 -0.00672 -0.00699 -0.00709 -0.00702 -0.00677 -0.00636 -0.00579 -0.00506  -0.0042 -0.00323 -0.00217 -0.00105        0
        3|        0-0.000948 -0.00197 -0.00294 -0.00385 -0.00464 -0.00533 -0.00588 -0.00629 -0.00654 -0.00663 -0.00656 -0.00633 -0.00594  -0.0054 -0.00472 -0.00391   -0.003 -0.00201 -0.00097        0
        2|        0-0.000903 -0.00187  -0.0028 -0.00366 -0.00442 -0.00507  -0.0056 -0.00599 -0.00623 -0.00632 -0.00625 -0.00602 -0.00565 -0.00513 -0.00448 -0.00372 -0.00285 -0.00191-0.000922        0
        1|        0-0.000792 -0.00165 -0.00247 -0.00323  -0.0039 -0.00448 -0.00494 -0.00529  -0.0055 -0.00558 -0.00552 -0.00532 -0.00499 -0.00453 -0.00395 -0.00328 -0.00251 -0.00168-0.000809        0
        0|        0 0.000795  0.00166  0.00248  0.00324  0.00392   0.0045  0.00497  0.00531  0.00553  0.00561  0.00554  0.00535  0.00501  0.00455  0.00397  0.00329  0.00253  0.00169 0.000813        0

G (22x12): 
         |        0        1        2        3        4        5        6        7        8        9       10       11       12       13       14       15       16       17       18       19       20       21
-------------------------------------------------------------------------------------------------------------------------------------------------------------------------------------------------------------------------
       10|   -0.013    0.013    0.014   0.0132    0.012   0.0105  0.00887  0.00706  0.00518  0.00324  0.00128-0.000714 -0.00272 -0.00473 -0.00672 -0.00868  -0.0105  -0.0122  -0.0136  -0.0145  -0.0136   0.0137
        9|  -0.0109   0.0108   0.0117   0.0111   0.0101  0.00892  0.00755  0.00604  0.00444  0.00278  0.00108-0.000647 -0.00238 -0.00411  -0.0058 -0.00743 -0.00895  -0.0103  -0.0114  -0.0121  -0.0113   0.0113
        8| -0.00903  0.00898   0.0097  0.00921  0.00845  0.00748  0.00635  0.00509  0.00375  0.00234 0.000897-0.000575 -0.00205 -0.00351 -0.00492 -0.00627  -0.0075 -0.00858 -0.00944    -0.01  -0.0093  0.00934
        7| -0.00743  0.00739  0.00798  0.00759  0.00698   0.0062  0.00527  0.00424  0.00313  0.00195 0.000736-0.000495 -0.00173 -0.00294 -0.00412 -0.00522 -0.00622 -0.00708 -0.00776  -0.0082 -0.00761  0.00764
        6| -0.00602  0.00599  0.00648  0.00617  0.00568  0.00506  0.00431  0.00347  0.00256  0.00159 0.000598-0.000419 -0.00143 -0.00243 -0.00338 -0.00427 -0.00507 -0.00575 -0.00629 -0.00663 -0.00615  0.00618
        5| -0.00479  0.00476  0.00515  0.00491  0.00452  0.00403  0.00344  0.00278  0.00205  0.00127 0.000472-0.000341 -0.00116 -0.00195 -0.00271 -0.00341 -0.00404 -0.00457 -0.00499 -0.00526 -0.00487  0.00489
        4| -0.00367  0.00365  0.00395  0.00377  0.00348   0.0031  0.00265  0.00214  0.00158  0.00098 0.000363-0.000269-0.000895 -0.00151 -0.00209 -0.00263 -0.00311 -0.00351 -0.00383 -0.00403 -0.00373  0.00374
        3| -0.00265  0.00264  0.00286  0.00273  0.00252  0.00225  0.00192  0.00155  0.00114 0.000712  0.00026-0.000195-0.000653 -0.00109 -0.00152  -0.0019 -0.00225 -0.00254 -0.00277 -0.00291 -0.00269   0.0027
        2|  -0.0017  0.00169  0.00184  0.00175  0.00162  0.00144  0.00124 0.000997 0.000737 0.000457 0.000169-0.000128-0.000419-0.000706-0.000975 -0.00123 -0.00144 -0.00163 -0.00177 -0.00187 -0.00172  0.00173
        1|  -0.0008 0.000796 0.000863 0.000825 0.000761 0.000681 0.000581 0.000471 0.000346 0.000217 7.88e-05-5.81e-05-0.000198-0.000331 -0.00046-0.000575 -0.00068-0.000765-0.000835-0.000875-0.000808 0.000812
        0|        0        0        0        0        0        0        0        0        0        0        0        0        0        0        0        0        0        0        0        0        0        0

rhs (22x12): 
         |        0        1        2        3        4        5        6        7        8        9       10       11       12       13       14       15       16       17       18       19       20       21
-------------------------------------------------------------------------------------------------------------------------------------------------------------------------------------------------------------------------
       11|        0        0        0        0        0        0        0        0        0        0        0        0        0        0        0        0        0        0        0        0        0        0
       10|        0 -0.00714 4.25e-05 -0.00348 -0.00146 -0.00499 -0.00261 -0.00549 -0.00228 -0.00423-3.21e-05-0.000999  0.00443  0.00499    0.012   0.0139    0.022   0.0246   0.0323   0.0332   0.0378        0
        9|        0 -0.00267 -0.00182  0.00101 -0.00177  0.00111 -0.00166  0.00121 -0.00158  0.00127 -0.00155  0.00124 -0.00161  0.00117 -0.00171  0.00105 -0.00185 0.000898 -0.00199 0.000867  0.00292        0
        8|        0  -0.0041  0.00121 -0.00162  0.00124 -0.00154  0.00133 -0.00146  0.00139 -0.00141  0.00142 -0.00144  0.00137 -0.00149   0.0013 -0.00158  0.00119 -0.00169  0.00109 -0.00172  0.00465        0
        7|        0 -0.00145 -0.00149  0.00135 -0.00145  0.00141 -0.00138  0.00148 -0.00132  0.00152  -0.0013  0.00151 -0.00134  0.00147  -0.0014  0.00139 -0.00148   0.0013 -0.00156  0.00128   0.0022        0
        6|        0 -0.00316  0.00144 -0.00139  0.00147 -0.00133  0.00153 -0.00126  0.00159 -0.00122  0.00162 -0.00123  0.00158 -0.00127  0.00153 -0.00133  0.00146 -0.00141  0.00139 -0.00144  0.00406        0
        5|        0-0.000719 -0.00133  0.00151 -0.00129  0.00157 -0.00123  0.00163 -0.00118  0.00167 -0.00115  0.00166 -0.00118  0.00163 -0.00123  0.00157 -0.00129   0.0015 -0.00136  0.00148  0.00171        0
        4|        0 -0.00261  0.00155 -0.00127  0.00158 -0.00122  0.00164 -0.00116  0.00169 -0.00112  0.00172 -0.00112   0.0017 -0.00115  0.00165 -0.00121  0.00159 -0.00127  0.00153 -0.00131  0.00368        0
        3|        0-0.000319 -0.00126  0.00159 -0.00122  0.00164 -0.00116   0.0017 -0.00111  0.00174 -0.00108  0.00174  -0.0011  0.00171 -0.00114  0.00166 -0.00121   0.0016 -0.00126  0.00157  0.00143        0
        2|        0 -0.00233   0.0016 -0.00122  0.00164 -0.00117  0.00169 -0.00112  0.00174 -0.00108  0.00176 -0.00108  0.00175  -0.0011  0.00171 -0.00115  0.00165 -0.00121   0.0016 -0.00125  0.00348        0
        1|        0  0.00166  0.00125  0.00331  0.00108  0.00306 0.000759  0.00268 0.000325   0.0022-0.000193  0.00165-0.000761  0.00108 -0.00132 0.000543 -0.00182 0.000107 -0.00218-0.000141 0.000228        0
        0|        0        0        0        0        0        0        0        0        0        0        0        0        0        0        0        0        0        0        0        0        0        0

