t: 0.891233
nCells: 20x10, dx: 0.1, dy: 0.1

u (22x12): 
         |        0        1        2        3        4        5        6        7        8        9       10       11       12       13       14       15       16       17       18       19       20
-------------------------------------------------------------------------------------------------------------------------------------------------------------------------------------------------------------------------
       11|        0     1.93      1.9     1.89     1.88     1.87     1.87     1.87     1.87     1.86     1.86     1.86     1.86     1.87     1.87     1.87     1.87     1.88     1.89     1.93        0
       10|        0   0.0668   0.0994    0.116    0.125    0.131    0.134    0.136    0.138    0.139    0.139    0.139    0.139    0.138    0.137    0.135    0.131    0.124     0.11    0.076        0
        9|        0  -0.0257  -0.0272  -0.0237  -0.0202  -0.0174  -0.0154   -0.014  -0.0131  -0.0126  -0.0123  -0.0123  -0.0127  -0.0133  -0.0144  -0.0161  -0.0185  -0.0216  -0.0247  -0.0229        0
        8|        0  -0.0133  -0.0198  -0.0216  -0.0214  -0.0206  -0.0198  -0.0191  -0.0186  -0.0183  -0.0182  -0.0184  -0.0187  -0.0193  -0.0202  -0.0214   -0.023  -0.0245  -0.0247  -0.0193        0
        7|        0 -0.00784  -0.0134  -0.0164  -0.0176   -0.018   -0.018  -0.0178  -0.0177  -0.0176  -0.0176  -0.0177  -0.0179  -0.0182  -0.0186   -0.019  -0.0193  -0.0188  -0.0167  -0.0108        0
        6|        0 -0.00525 -0.00974  -0.0127  -0.0145  -0.0156  -0.0161  -0.0164  -0.0165  -0.0166  -0.0167  -0.0167  -0.0168  -0.0168  -0.0168  -0.0165  -0.0159  -0.0145  -0.0116 -0.00664        0
        5|        0 -0.00389 -0.00752  -0.0103  -0.0123  -0.0136  -0.0145  -0.0151  -0.0154  -0.0156  -0.0157  -0.0158  -0.0157  -0.0155  -0.0151  -0.0145  -0.0133  -0.0115 -0.00864 -0.00461        0
        4|        0  -0.0031 -0.00616  -0.0087  -0.0107  -0.0122  -0.0132   -0.014  -0.0145  -0.0148  -0.0149  -0.0149  -0.0147  -0.0144  -0.0138  -0.0129  -0.0115 -0.00953 -0.00687 -0.00353        0
        3|        0 -0.00264 -0.00531 -0.00764 -0.00957  -0.0111  -0.0123  -0.0131  -0.0137   -0.014  -0.0142  -0.0142  -0.0139  -0.0135  -0.0128  -0.0117  -0.0102 -0.00826 -0.00581 -0.00292        0
        2|        0 -0.00237  -0.0048   -0.007 -0.00887  -0.0104  -0.0116  -0.0125  -0.0131  -0.0135  -0.0137  -0.0137  -0.0134  -0.0129  -0.0121  -0.0109 -0.00941  -0.0075  -0.0052 -0.00258        0
        1|        0 -0.00228 -0.00469 -0.00686 -0.00873  -0.0103  -0.0115  -0.0124   -0.013  -0.0133  -0.0134  -0.0133   -0.013  -0.0124  -0.0115  -0.0103 -0.00879 -0.00693 -0.00476 -0.00232        0
        0|        0 -0.00188 -0.00385 -0.00567 -0.00728 -0.00865 -0.00975  -0.0106  -0.0112  -0.0116  -0.0118  -0.0117  -0.0114  -0.0108    -0.01 -0.00895 -0.00759 -0.00595 -0.00406 -0.00201        0

v (22x12): 
         |        0        1        2        3        4        5        6        7        8        9       10       11       12       13       14       15       16       17       18       19       20       21
-------------------------------------------------------------------------------------------------------------------------------------------------------------------------------------------------------------------------
       10|        0        0        0        0        0        0        0        0        0        0        0        0        0        0        0        0        0        0        0        0        0        0
        9|  -0.0655   0.0668   0.0326   0.0165   0.0092   0.0055  0.00345  0.00222  0.00143  0.00089 0.000477 0.000113-0.000252-0.000657 -0.00121 -0.00209 -0.00368 -0.00698  -0.0146  -0.0337   -0.076   0.0741
        8|  -0.0402    0.041   0.0311     0.02   0.0128  0.00828  0.00545   0.0036  0.00234  0.00143 0.000711 7.84e-05 -0.00056 -0.00131  -0.0023 -0.00376 -0.00609  -0.0101  -0.0176  -0.0319  -0.0532   0.0515
        7|  -0.0271   0.0277   0.0246   0.0183    0.013  0.00905  0.00626  0.00428  0.00283  0.00172 0.000799 -3.3e-05-0.000894  -0.0019 -0.00319   -0.005 -0.00766  -0.0117  -0.0178  -0.0265  -0.0338   0.0328
        6|  -0.0195   0.0199    0.019   0.0154   0.0117  0.00868  0.00627  0.00441  0.00297   0.0018 0.000805-0.000128 -0.00109 -0.00221 -0.00359 -0.00542  -0.0079  -0.0113  -0.0157  -0.0207   -0.023   0.0223
        5|  -0.0143   0.0146   0.0145   0.0124  0.00992  0.00767  0.00573  0.00414  0.00282  0.00172 0.000741-0.000185 -0.00115 -0.00224 -0.00355 -0.00519 -0.00727 -0.00984  -0.0128  -0.0157  -0.0164   0.0159
        4|  -0.0105   0.0107   0.0109  0.00956  0.00794  0.00633  0.00486  0.00357  0.00247   0.0015 0.000633-0.000209 -0.00108 -0.00205 -0.00318 -0.00453 -0.00614   -0.008 -0.00996  -0.0117  -0.0118   0.0114
        3| -0.00746  0.00763  0.00784  0.00702  0.00596  0.00485  0.00379  0.00283  0.00197   0.0012 0.000491-0.000199-0.000914 -0.00169 -0.00258 -0.00361 -0.00477 -0.00604 -0.00731 -0.00835 -0.00823  0.00802
        2| -0.00488  0.00499  0.00518  0.00468  0.00403  0.00333  0.00263  0.00198  0.00139 0.000841 0.000332-0.000168 -0.00068 -0.00124 -0.00185 -0.00254  -0.0033  -0.0041 -0.00486 -0.00545 -0.00532  0.00518
        1| -0.00256  0.00262  0.00274  0.00249  0.00216  0.00179  0.00142  0.00108 0.000749 0.000448 0.000161-0.000119-0.000407-0.000711 -0.00105 -0.00141  -0.0018 -0.00219 -0.00255 -0.00283 -0.00274  0.00268
        0|   -0.011   0.0112   0.0119   0.0112   0.0101  0.00887  0.00744   0.0059   0.0043  0.00266  0.00101-0.000669 -0.00235 -0.00403  -0.0057 -0.00733 -0.00887  -0.0103  -0.0114  -0.0122  -0.0116   0.0113

p (22x12): 
         |        0        1        2        3        4        5        6        7        8        9       10       11       12       13       14       15       16       17       18       19       20       21
-------------------------------------------------------------------------------------------------------------------------------------------------------------------------------------------------------------------------
       11|   -0.597   -0.597    -0.59   -0.586   -0.583    -0.58   -0.577   -0.575   -0.573    -0.57   -0.568   -0.566   -0.564   -0.562    -0.56   -0.558   -0.555   -0.552   -0.547   -0.539   -0.525   -0.525
       10|   -0.597   -0.597    -0.59   -0.586   -0.583    -0.58   -0.577   -0.575   -0.573    -0.57   -0.568   -0.566   -0.564   -0.562    -0.56   -0.558   -0.555   -0.552   -0.547   -0.539   -0.525   -0.525
        9|    -0.59    -0.59   -0.588   -0.585   -0.582   -0.579   -0.577   -0.575   -0.572    -0.57   -0.568   -0.566   -0.564   -0.562    -0.56   -0.558   -0.555   -0.553   -0.549   -0.544   -0.538   -0.538
        8|   -0.585   -0.585   -0.584   -0.582    -0.58   -0.578   -0.576   -0.574   -0.572    -0.57   -0.568   -0.566   -0.564   -0.562    -0.56   -0.558   -0.556   -0.553    -0.55   -0.547   -0.544   -0.544
        7|   -0.582   -0.582   -0.581    -0.58   -0.579   -0.577   -0.575   -0.573   -0.572    -0.57   -0.568   -0.566   -0.564   -0.562    -0.56   -0.558   -0.556   -0.554   -0.552    -0.55   -0.549   -0.549
        6|    -0.58    -0.58   -0.579   -0.579   -0.577   -0.576   -0.574   -0.573   -0.571   -0.569   -0.568   -0.566   -0.564   -0.562   -0.561   -0.559   -0.557   -0.555   -0.553   -0.552   -0.551   -0.551
        5|   -0.578   -0.578   -0.578   -0.577   -0.576   -0.575   -0.574   -0.572   -0.571   -0.569   -0.568   -0.566   -0.564   -0.563   -0.561   -0.559   -0.558   -0.556   -0.555   -0.554   -0.553   -0.553
        4|   -0.577   -0.577   -0.577   -0.576   -0.575   -0.574   -0.573   -0.572   -0.571   -0.569   -0.567   -0.566   -0.564   -0.563   -0.561    -0.56   -0.558   -0.557   -0.556   -0.555   -0.555   -0.555
        3|   -0.576   -0.576   -0.576   -0.576   -0.575   -0.574   -0.573   -0.572    -0.57   -0.569   -0.567   -0.566   -0.564   -0.563   -0.561    -0.56   -0.559   -0.558   -0.557   -0.556   -0.556   -0.556
        2|   -0.576   -0.576   -0.576   -0.575   -0.574   -0.574   -0.573   -0.571    -0.57   -0.569   -0.567   -0.566   -0.564   -0.563   -0.562    -0.56   -0.559   -0.558   -0.557   -0.556   -0.556   -0.556
        1|   -0.576   -0.576   -0.575   -0.575   -0.574   -0.574   -0.573   -0.571    -0.57   -0.569   -0.567   -0.566   -0.564   -0.563   -0.562    -0.56   -0.559   -0.558   -0.557   -0.557   -0.556   -0.556
        0|   -0.574   -0.574   -0.574   -0.574   -0.573   -0.573   -0.572   -0.571    -0.57   -0.568   -0.567   -0.566   -0.565   -0.563   -0.562   -0.561    -0.56   -0.559   -0.559   -0.558   -0.558   -0.558

F (22x12): 
         |        0        1        2        3        4        5        6        7        8        9       10       11       12       13       14       15       16       17       18       19       20
-------------------------------------------------------------------------------------------------------------------------------------------------------------------------------------------------------------------------
       11|        0     1.93      1.9     1.89     1.88     1.87     1.87     1.87     1.87     1.86     1.86     1.86     1.86     1.87     1.87     1.87     1.87     1.88     1.89     1.93        0
       10|        0   0.0686      0.1    0.117    0.126    0.131    0.135    0.137    0.138    0.139     0.14     0.14     0.14    0.139    0.138    0.136    0.132    0.126    0.112   0.0796        0
        9|        0  -0.0252  -0.0265   -0.023  -0.0195  -0.0168  -0.0148  -0.0134  -0.0126   -0.012  -0.0118  -0.0118  -0.0121  -0.0128  -0.0138  -0.0154  -0.0178  -0.0207  -0.0234  -0.0213        0
        8|        0   -0.013  -0.0194   -0.021  -0.0208  -0.0201  -0.0192  -0.0186  -0.0181  -0.0178  -0.0177  -0.0179  -0.0182  -0.0187  -0.0196  -0.0208  -0.0223  -0.0238  -0.0239  -0.0186        0
        7|        0 -0.00769  -0.0132   -0.016  -0.0172  -0.0175  -0.0175  -0.0173  -0.0172  -0.0171  -0.0171  -0.0172  -0.0174  -0.0177  -0.0181  -0.0185  -0.0187  -0.0183  -0.0162  -0.0105        0
        6|        0 -0.00515 -0.00952  -0.0124  -0.0142  -0.0152  -0.0157  -0.0159  -0.0161  -0.0162  -0.0162  -0.0163  -0.0163  -0.0163  -0.0163  -0.0161  -0.0154   -0.014  -0.0113 -0.00644        0
        5|        0 -0.00381 -0.00735  -0.0101   -0.012  -0.0133  -0.0141  -0.0147   -0.015  -0.0152  -0.0153  -0.0153  -0.0153  -0.0151  -0.0147   -0.014  -0.0129  -0.0112 -0.00838 -0.00447        0
        4|        0 -0.00304 -0.00601 -0.00849  -0.0104  -0.0118  -0.0129  -0.0136  -0.0141  -0.0144  -0.0145  -0.0145  -0.0143   -0.014  -0.0134  -0.0125  -0.0111 -0.00925 -0.00667 -0.00343        0
        3|        0 -0.00258 -0.00518 -0.00745 -0.00933  -0.0108  -0.0119  -0.0128  -0.0133  -0.0137  -0.0138  -0.0138  -0.0136  -0.0131  -0.0124  -0.0113 -0.00991 -0.00802 -0.00564 -0.00284        0
        2|        0 -0.00232 -0.00469 -0.00683 -0.00865  -0.0101  -0.0113  -0.0122  -0.0128  -0.0132  -0.0133  -0.0133   -0.013  -0.0125  -0.0117  -0.0106 -0.00914 -0.00728 -0.00504 -0.00251        0
        1|        0 -0.00223 -0.00458 -0.00669 -0.00851    -0.01  -0.0112   -0.012  -0.0126  -0.0129  -0.0131  -0.0129  -0.0126   -0.012  -0.0112    -0.01 -0.00853 -0.00672 -0.00461 -0.00226        0
        0|        0        0        0        0        0        0        0        0        0        0        0        0        0        0        0        0        0        0        0        0        0

G (22x12): 
         |        0        1        2        3        4        5        6        7        8        9       10       11       12       13       14       15       16       17       18       19       20       21
-------------------------------------------------------------------------------------------------------------------------------------------------------------------------------------------------------------------------
       10|        0        0        0        0        0        0        0        0        0        0        0        0        0        0        0        0        0        0        0        0        0        0
        9|  -0.0655   0.0648   0.0319   0.0162  0.00895  0.00533  0.00333  0.00214  0.00138 0.000853 0.000453 9.94e-05-0.000254-0.000649 -0.00119 -0.00204 -0.00359 -0.00676  -0.0141  -0.0324  -0.0727   0.0741
        8|  -0.0402   0.0398   0.0302   0.0194   0.0123  0.00798  0.00525  0.00346  0.00225  0.00136 0.000668 5.24e-05-0.000572 -0.00131 -0.00228 -0.00371 -0.00601 -0.00997  -0.0173  -0.0312  -0.0515   0.0515
        7|  -0.0271   0.0269    0.024   0.0177   0.0126  0.00876  0.00605  0.00413  0.00272  0.00164 0.000753-5.69e-05-0.000897 -0.00188 -0.00314 -0.00491 -0.00751  -0.0114  -0.0174  -0.0258  -0.0328   0.0328
        6|  -0.0195   0.0193   0.0185   0.0149   0.0114  0.00842  0.00607  0.00427  0.00286  0.00173 0.000761-0.000147 -0.00109 -0.00217 -0.00353 -0.00531 -0.00773   -0.011  -0.0153  -0.0201  -0.0223   0.0223
        5|  -0.0143   0.0142   0.0142    0.012  0.00964  0.00744  0.00556    0.004  0.00273  0.00165 0.000703-0.000199 -0.00114  -0.0022 -0.00348 -0.00508  -0.0071 -0.00959  -0.0125  -0.0153  -0.0159   0.0159
        4|  -0.0105   0.0104   0.0106   0.0093  0.00772  0.00615  0.00471  0.00346  0.00239  0.00145 0.000602-0.000218 -0.00107 -0.00201 -0.00311 -0.00443 -0.00599 -0.00779 -0.00969  -0.0114  -0.0114   0.0114
        3| -0.00746  0.00742  0.00764  0.00683   0.0058  0.00472  0.00368  0.00275  0.00191  0.00116 0.000468-0.000204-0.000901 -0.00166 -0.00253 -0.00352 -0.00466 -0.00589 -0.00711 -0.00812 -0.00799  0.00802
        2| -0.00488  0.00486  0.00505  0.00456  0.00393  0.00324  0.00256  0.00192  0.00134 0.000814 0.000318 -0.00017-0.000669 -0.00121 -0.00181 -0.00248 -0.00322   -0.004 -0.00473 -0.00531 -0.00516  0.00518
        1| -0.00256  0.00259  0.00272  0.00247  0.00214  0.00178  0.00141  0.00107 0.000743 0.000444 0.000158-0.000119-0.000405-0.000706 -0.00104 -0.00139 -0.00177 -0.00216 -0.00251 -0.00279 -0.00269  0.00268
        0|   -0.011        0        0        0        0        0        0        0        0        0        0        0        0        0        0        0        0        0        0        0        0   0.0113

rhs (22x12): 
         |        0        1        2        3        4        5        6        7        8        9       10       11       12       13       14       15       16       17       18       19       20       21
-------------------------------------------------------------------------------------------------------------------------------------------------------------------------------------------------------------------------
       11|        0        0        0        0        0        0        0        0        0        0        0        0        0        0        0        0        0        0        0        0        0        0
       10|        0     1.47  -0.0378   0.0885   0.0607   0.0345   0.0219   0.0129   0.0101  0.00663   0.0072  0.00552  0.00572  0.00597   0.0105   0.0153   0.0293   0.0548    0.105   0.0901    -2.67        0
        9|        0  -0.0873    0.145      0.1    0.053   0.0313   0.0174   0.0127  0.00712  0.00684  0.00397  0.00605  0.00647  0.00993   0.0122   0.0229   0.0412   0.0919    0.206    0.343   0.0281        0
        8|        0  -0.0689   -0.017 -0.00861 -0.00166 -0.00156 0.000979 -0.00059  0.00132-0.000486  0.00134-0.000402  0.00156-0.000228  0.00165-0.000159  0.00152 -0.00117 -0.00401  -0.0279  -0.0271        0
        7|        0  -0.0276 -0.00939 -0.00432 -0.00369 -0.00048 -0.00156 0.000652-0.000974 0.000956-0.000831  0.00101-0.000858 0.000861  -0.0012 0.000113 -0.00283 -0.00348  -0.0106  -0.0162  -0.0087        0
        6|        0  -0.0163 -0.00333 -0.00387-0.000859 -0.00189  0.00042 -0.00113  0.00086-0.000887 0.000978 -0.00085 0.000937-0.000988 0.000643 -0.00157-0.000486 -0.00367 -0.00408 -0.00818  0.00424        0
        5|        0 -0.00959 -0.00333-0.000895 -0.00208 0.000241 -0.00126 0.000779-0.000928 0.000968-0.000832 0.000993-0.000873 0.000878  -0.0011 0.000449 -0.00186-0.000789 -0.00369  -0.0028  0.00452        0
        4|        0 -0.00831-0.000622 -0.00211 0.000119 -0.00138 0.000692-0.000976 0.000954-0.000819  0.00104-0.000802 0.000998-0.000896 0.000814 -0.00122 0.000282 -0.00202-0.000799  -0.0031   0.0057        0
        3|        0 -0.00548   -0.002 5.81e-05 -0.00149 0.000589 -0.00105 0.000917-0.000826  0.00106-0.000751  0.00107-0.000784 0.000992-0.000939 0.000728 -0.00135 0.000145 -0.00208-0.000538  0.00393        0
        2|        0  -0.0226  -0.0177  -0.0178  -0.0137   -0.013  -0.0086 -0.00793 -0.00379 -0.00353 0.000151 -7.7e-05  0.00321   0.0027  0.00567  0.00477  0.00728  0.00587  0.00787   0.0061   0.0129        0
        1|        0    0.141    0.143    0.138    0.126    0.114   0.0959     0.08   0.0593   0.0413   0.0189 -0.00031   -0.024  -0.0449  -0.0699  -0.0916   -0.116   -0.136   -0.156   -0.167   -0.167        0
        0|        0        0        0        0        0        0        0        0        0        0        0        0        0        0        0        0        0        0        0        0        0        0

