t: 0.684967
nCells: 20x10, dx: 0.1, dy: 0.1

u (22x12): 
         |        0        1        2        3        4        5        6        7        8        9       10       11       12       13       14       15       16       17       18       19       20
-------------------------------------------------------------------------------------------------------------------------------------------------------------------------------------------------------------------------
       11|        0 -0.00181 -0.00368 -0.00536  -0.0068 -0.00799 -0.00891  -0.0096  -0.0101  -0.0103  -0.0104  -0.0103  -0.0101 -0.00961 -0.00893 -0.00801 -0.00683  -0.0054 -0.00371 -0.00183        0
       10|        0  -0.0015 -0.00305 -0.00447 -0.00572 -0.00678 -0.00763 -0.00828 -0.00875 -0.00903 -0.00913 -0.00906 -0.00882 -0.00838 -0.00775 -0.00691 -0.00586  -0.0046 -0.00315 -0.00156        0
        9|        0 -0.00128  -0.0026 -0.00382 -0.00491 -0.00585 -0.00662 -0.00722 -0.00765 -0.00791 -0.00801 -0.00794 -0.00771  -0.0073 -0.00672 -0.00595 -0.00501 -0.00391 -0.00267 -0.00132        0
        8|        0  -0.0011 -0.00224  -0.0033 -0.00426 -0.00509 -0.00578 -0.00633 -0.00672 -0.00696 -0.00705 -0.00699 -0.00676 -0.00639 -0.00585 -0.00517 -0.00433 -0.00337 -0.00228 -0.00113        0
        7|        0-0.000959 -0.00195 -0.00288 -0.00373 -0.00447  -0.0051 -0.00559 -0.00595 -0.00617 -0.00625 -0.00618 -0.00598 -0.00563 -0.00515 -0.00453 -0.00379 -0.00293 -0.00199-0.000977        0
        6|        0-0.000847 -0.00172 -0.00255 -0.00331 -0.00398 -0.00454 -0.00499 -0.00531 -0.00551 -0.00558 -0.00553 -0.00534 -0.00502 -0.00458 -0.00402 -0.00335 -0.00259 -0.00175-0.000861        0
        5|        0-0.000759 -0.00155 -0.00229 -0.00298 -0.00358 -0.00409  -0.0045  -0.0048 -0.00499 -0.00505   -0.005 -0.00482 -0.00453 -0.00412 -0.00361 -0.00301 -0.00232 -0.00157-0.000769        0
        4|        0-0.000694 -0.00141  -0.0021 -0.00272 -0.00328 -0.00375 -0.00413 -0.00441 -0.00458 -0.00464 -0.00459 -0.00442 -0.00415 -0.00378  -0.0033 -0.00275 -0.00212 -0.00143-0.000702        0
        3|        0-0.000646 -0.00132 -0.00195 -0.00254 -0.00306 -0.00351 -0.00386 -0.00412 -0.00428 -0.00434 -0.00429 -0.00413 -0.00388 -0.00352 -0.00308 -0.00256 -0.00197 -0.00133-0.000652        0
        2|        0-0.000615 -0.00125 -0.00186 -0.00242 -0.00292 -0.00334 -0.00368 -0.00393 -0.00409 -0.00414 -0.00409 -0.00394  -0.0037 -0.00336 -0.00293 -0.00243 -0.00187 -0.00126-0.000621        0
        1|        0-0.000563 -0.00115 -0.00171 -0.00222 -0.00268 -0.00307 -0.00338 -0.00361 -0.00375  -0.0038 -0.00376 -0.00362 -0.00339 -0.00308 -0.00269 -0.00223 -0.00172 -0.00116-0.000568        0
        0|        0 0.000545  0.00111  0.00165  0.00215  0.00259  0.00296  0.00327  0.00349  0.00362  0.00367  0.00363   0.0035  0.00328  0.00298   0.0026  0.00216  0.00166  0.00112  0.00055        0

v (22x12): 
         |        0        1        2        3        4        5        6        7        8        9       10       11       12       13       14       15       16       17       18       19       20       21
-------------------------------------------------------------------------------------------------------------------------------------------------------------------------------------------------------------------------
       10| -0.00867  0.00897  0.00927   0.0087  0.00788  0.00688  0.00575  0.00455  0.00329  0.00202 0.000726-0.000572 -0.00187 -0.00317 -0.00445  -0.0057 -0.00688 -0.00794 -0.00881 -0.00941 -0.00915  0.00883
        9| -0.00722  0.00747  0.00772  0.00728  0.00663  0.00582   0.0049  0.00389  0.00283  0.00173  0.00062-0.000502 -0.00163 -0.00274 -0.00382 -0.00486 -0.00582 -0.00667 -0.00736 -0.00783 -0.00759  0.00733
        8| -0.00598  0.00619  0.00641  0.00606  0.00554  0.00488  0.00413  0.00329   0.0024  0.00147 0.000524-0.000435 -0.00139 -0.00233 -0.00324  -0.0041 -0.00489 -0.00557 -0.00611 -0.00648 -0.00627  0.00605
        7| -0.00492  0.00509  0.00527  0.00499  0.00458  0.00405  0.00343  0.00275  0.00201  0.00123 0.000435-0.000368 -0.00117 -0.00195 -0.00271 -0.00341 -0.00405  -0.0046 -0.00503 -0.00533 -0.00515  0.00497
        6| -0.00399  0.00413  0.00428  0.00406  0.00373  0.00331  0.00281  0.00225  0.00165  0.00101 0.000357-0.000307-0.000965 -0.00161 -0.00222  -0.0028 -0.00331 -0.00375 -0.00409 -0.00432 -0.00417  0.00402
        5| -0.00317  0.00328   0.0034  0.00323  0.00297  0.00264  0.00225   0.0018  0.00132 0.000811 0.000284-0.000248-0.000777 -0.00129 -0.00178 -0.00224 -0.00264 -0.00298 -0.00325 -0.00343 -0.00331   0.0032
        4| -0.00244  0.00252  0.00262  0.00249  0.00229  0.00203  0.00173  0.00139  0.00102 0.000626  0.00022-0.000193-0.000602   -0.001 -0.00138 -0.00173 -0.00203  -0.0023  -0.0025 -0.00263 -0.00254  0.00245
        3| -0.00177  0.00183   0.0019   0.0018  0.00166  0.00148  0.00126  0.00101 0.000742 0.000456 0.000159-0.000141-0.000439-0.000728   -0.001 -0.00125 -0.00148 -0.00166 -0.00181 -0.00191 -0.00184  0.00178
        2| -0.00114  0.00118  0.00123  0.00116  0.00107 0.000956 0.000816 0.000656 0.000482 0.000295 0.000104-9.19e-05-0.000284-0.000472-0.000649-0.000812-0.000955 -0.00108 -0.00117 -0.00123 -0.00119  0.00115
        1|-0.000547 0.000565 0.000586 0.000558 0.000514 0.000459 0.000391 0.000315  0.00023 0.000142 4.94e-05-4.33e-05-0.000137-0.000226-0.000311-0.000388-0.000458-0.000515 -0.00056-0.000589-0.000567 0.000549
        0|        0        0        0        0        0        0        0        0        0        0        0        0        0        0        0        0        0        0        0        0        0        0

p (22x12): 
         |        0        1        2        3        4        5        6        7        8        9       10       11       12       13       14       15       16       17       18       19       20       21
-------------------------------------------------------------------------------------------------------------------------------------------------------------------------------------------------------------------------
       11|   -0.255   -0.255   -0.255   -0.254   -0.253   -0.252   -0.251    -0.25   -0.249   -0.247   -0.246   -0.244   -0.243   -0.241    -0.24   -0.239   -0.237   -0.236   -0.236   -0.235   -0.235   -0.235
       10|   -0.253   -0.253   -0.253   -0.253   -0.252   -0.251    -0.25   -0.249   -0.248   -0.247   -0.246   -0.244   -0.243   -0.242   -0.241    -0.24   -0.239   -0.238   -0.237   -0.237   -0.236   -0.236
        9|   -0.252   -0.252   -0.252   -0.252   -0.251   -0.251    -0.25   -0.249   -0.248   -0.247   -0.246   -0.244   -0.243   -0.242   -0.241    -0.24   -0.239   -0.239   -0.238   -0.238   -0.237   -0.237
        8|   -0.251   -0.251   -0.251   -0.251    -0.25    -0.25   -0.249   -0.248   -0.247   -0.246   -0.245   -0.244   -0.243   -0.243   -0.242   -0.241    -0.24   -0.239   -0.239   -0.239   -0.238   -0.238
        7|   -0.251   -0.251    -0.25    -0.25    -0.25   -0.249   -0.249   -0.248   -0.247   -0.246   -0.245   -0.245   -0.244   -0.243   -0.242   -0.241   -0.241    -0.24    -0.24   -0.239   -0.239   -0.239
        6|    -0.25    -0.25    -0.25    -0.25   -0.249   -0.249   -0.248   -0.248   -0.247   -0.246   -0.245   -0.245   -0.244   -0.243   -0.242   -0.242   -0.241   -0.241    -0.24    -0.24    -0.24    -0.24
        5|   -0.249   -0.249   -0.249   -0.249   -0.249   -0.248   -0.248   -0.247   -0.247   -0.246   -0.245   -0.245   -0.244   -0.243   -0.243   -0.242   -0.241   -0.241   -0.241    -0.24    -0.24    -0.24
        4|   -0.249   -0.249   -0.249   -0.249   -0.248   -0.248   -0.248   -0.247   -0.247   -0.246   -0.245   -0.245   -0.244   -0.243   -0.243   -0.242   -0.242   -0.241   -0.241   -0.241   -0.241   -0.241
        3|   -0.249   -0.249   -0.249   -0.249   -0.248   -0.248   -0.247   -0.247   -0.246   -0.246   -0.245   -0.245   -0.244   -0.243   -0.243   -0.242   -0.242   -0.242   -0.241   -0.241   -0.241   -0.241
        2|   -0.249   -0.249   -0.249   -0.248   -0.248   -0.248   -0.247   -0.247   -0.246   -0.246   -0.245   -0.245   -0.244   -0.243   -0.243   -0.242   -0.242   -0.242   -0.241   -0.241   -0.241   -0.241
        1|   -0.249   -0.249   -0.248   -0.248   -0.248   -0.248   -0.247   -0.247   -0.246   -0.246   -0.245   -0.245   -0.244   -0.244   -0.243   -0.243   -0.242   -0.242   -0.242   -0.241   -0.241   -0.241
        0|   -0.249   -0.249   -0.248   -0.248   -0.248   -0.248   -0.247   -0.247   -0.246   -0.246   -0.245   -0.245   -0.244   -0.244   -0.243   -0.243   -0.242   -0.242   -0.242   -0.241   -0.241   -0.241

F (22x12): 
         |        0        1        2        3        4        5        6        7        8        9       10       11       12       13       14       15       16       17       18       19       20
-------------------------------------------------------------------------------------------------------------------------------------------------------------------------------------------------------------------------
       11|        0        0        0        0        0        0        0        0        0        0        0        0        0        0        0        0        0        0        0        0        0
       10|        0 -0.00145 -0.00294 -0.00431 -0.00552 -0.00653 -0.00736 -0.00799 -0.00843  -0.0087  -0.0088 -0.00873 -0.00849 -0.00807 -0.00747 -0.00666 -0.00564 -0.00443 -0.00303 -0.00151        0
        9|        0 -0.00124 -0.00251 -0.00368 -0.00474 -0.00564 -0.00638 -0.00696 -0.00737 -0.00762 -0.00772 -0.00765 -0.00742 -0.00703 -0.00647 -0.00573 -0.00483 -0.00377 -0.00257 -0.00127        0
        8|        0 -0.00106 -0.00216 -0.00318 -0.00411 -0.00491 -0.00558  -0.0061 -0.00648 -0.00671 -0.00679 -0.00673 -0.00652 -0.00615 -0.00564 -0.00498 -0.00417 -0.00324  -0.0022 -0.00109        0
        7|        0-0.000927 -0.00188 -0.00278  -0.0036 -0.00431 -0.00491 -0.00539 -0.00573 -0.00594 -0.00602 -0.00596 -0.00576 -0.00543 -0.00496 -0.00436 -0.00365 -0.00282 -0.00191-0.000943        0
        6|        0-0.000819 -0.00166 -0.00246 -0.00319 -0.00383 -0.00437 -0.00481 -0.00512 -0.00531 -0.00538 -0.00532 -0.00514 -0.00484 -0.00441 -0.00387 -0.00323 -0.00249 -0.00169-0.000831        0
        5|        0-0.000734 -0.00149 -0.00221 -0.00287 -0.00345 -0.00395 -0.00434 -0.00463 -0.00481 -0.00487 -0.00481 -0.00465 -0.00436 -0.00397 -0.00348  -0.0029 -0.00223 -0.00151-0.000743        0
        4|        0-0.000671 -0.00136 -0.00202 -0.00263 -0.00316 -0.00362 -0.00398 -0.00425 -0.00441 -0.00447 -0.00442 -0.00426   -0.004 -0.00364 -0.00318 -0.00265 -0.00204 -0.00138-0.000677        0
        3|        0-0.000624 -0.00127 -0.00188 -0.00245 -0.00295 -0.00338 -0.00372 -0.00397 -0.00413 -0.00418 -0.00413 -0.00398 -0.00374  -0.0034 -0.00297 -0.00247  -0.0019 -0.00128-0.000629        0
        2|        0-0.000594 -0.00121 -0.00179 -0.00233 -0.00281 -0.00322 -0.00355 -0.00379 -0.00394 -0.00399 -0.00394  -0.0038 -0.00356 -0.00323 -0.00283 -0.00235 -0.00181 -0.00122-0.000599        0
        1|        0-0.000543 -0.00111 -0.00164 -0.00214 -0.00257 -0.00295 -0.00325 -0.00347 -0.00361 -0.00365 -0.00361 -0.00348 -0.00326 -0.00296 -0.00259 -0.00215 -0.00165 -0.00111-0.000547        0
        0|        0 0.000545  0.00111  0.00165  0.00215  0.00259  0.00296  0.00327  0.00349  0.00362  0.00367  0.00363   0.0035  0.00328  0.00298   0.0026  0.00216  0.00166  0.00112  0.00055        0

G (22x12): 
         |        0        1        2        3        4        5        6        7        8        9       10       11       12       13       14       15       16       17       18       19       20       21
-------------------------------------------------------------------------------------------------------------------------------------------------------------------------------------------------------------------------
       10| -0.00867  0.00862  0.00892  0.00837  0.00758  0.00661  0.00553  0.00436  0.00316  0.00193 0.000689-0.000558 -0.00181 -0.00305 -0.00428 -0.00548  -0.0066 -0.00761 -0.00844 -0.00902 -0.00875  0.00883
        9| -0.00722  0.00718  0.00744  0.00701  0.00639  0.00561  0.00471  0.00374  0.00272  0.00166 0.000591 -0.00049 -0.00157 -0.00264 -0.00369 -0.00469 -0.00561 -0.00643 -0.00709 -0.00754 -0.00729  0.00733
        8| -0.00598  0.00595  0.00618  0.00584  0.00533   0.0047  0.00397  0.00317  0.00231  0.00141   0.0005-0.000424 -0.00134 -0.00225 -0.00313 -0.00395 -0.00471 -0.00536 -0.00589 -0.00625 -0.00603  0.00605
        7| -0.00492  0.00489  0.00508  0.00481  0.00441   0.0039  0.00331  0.00264  0.00193  0.00118 0.000416-0.000359 -0.00113 -0.00189 -0.00261 -0.00329 -0.00391 -0.00443 -0.00485 -0.00513 -0.00494  0.00497
        6| -0.00399  0.00397  0.00413  0.00391  0.00359  0.00319  0.00271  0.00217  0.00158 0.000971 0.000341-0.000298-0.000932 -0.00155 -0.00214  -0.0027 -0.00319 -0.00361 -0.00394 -0.00416 -0.00401  0.00402
        5| -0.00317  0.00315  0.00328  0.00311  0.00286  0.00254  0.00216  0.00174  0.00127  0.00078 0.000272-0.000241-0.000751 -0.00125 -0.00172 -0.00216 -0.00255 -0.00287 -0.00313  -0.0033 -0.00318   0.0032
        4| -0.00244  0.00242  0.00252   0.0024  0.00221  0.00196  0.00167  0.00134 0.000982 0.000602  0.00021-0.000188-0.000581-0.000965 -0.00133 -0.00166 -0.00196 -0.00221 -0.00241 -0.00254 -0.00244  0.00245
        3| -0.00177  0.00176  0.00183  0.00174   0.0016  0.00142  0.00121 0.000976 0.000715 0.000439 0.000152-0.000137-0.000424-0.000702-0.000967 -0.00121 -0.00142  -0.0016 -0.00175 -0.00184 -0.00177  0.00178
        2| -0.00114  0.00113  0.00118  0.00112  0.00104 0.000922 0.000787 0.000632 0.000464 0.000284 9.93e-05-8.92e-05-0.000275-0.000456-0.000626-0.000783-0.000921 -0.00104 -0.00113 -0.00119 -0.00114  0.00115
        1|-0.000547 0.000544 0.000566 0.000539 0.000496 0.000443 0.000377 0.000304 0.000222 0.000137 4.74e-05-4.21e-05-0.000132-0.000218-0.000301-0.000375-0.000442-0.000497-0.000541-0.000569-0.000547 0.000549
        0|        0        0        0        0        0        0        0        0        0        0        0        0        0        0        0        0        0        0        0        0        0        0

rhs (22x12): 
         |        0        1        2        3        4        5        6        7        8        9       10       11       12       13       14       15       16       17       18       19       20       21
-------------------------------------------------------------------------------------------------------------------------------------------------------------------------------------------------------------------------
       11|        0        0        0        0        0        0        0        0        0        0        0        0        0        0        0        0        0        0        0        0        0        0
       10|        0  -0.0069 -0.00317 -0.00429 -0.00331 -0.00428 -0.00303 -0.00366 -0.00204 -0.00227-0.000245-9.47e-05  0.00241  0.00314  0.00621  0.00744   0.0109   0.0122   0.0154    0.016   0.0194        0
        9|        0 -0.00216-0.000704 0.000334-0.000675 0.000379-0.000629 0.000421-0.000594 0.000447-0.000579 0.000436-0.000604 0.000413-0.000637 0.000369-0.000689 0.000313-0.000742 0.000291  0.00212        0
        8|        0  -0.0025 0.000411-0.000615 0.000432-0.000581 0.000467-0.000548 0.000495-0.000527 0.000508-0.000536 0.000488-0.000554 0.000462-0.000587 0.000423-0.000628 0.000386-0.000645  0.00261        0
        7|        0 -0.00139-0.000564 0.000473-0.000545 0.000501-0.000515 0.000529-0.000491 0.000547-0.000481 0.000541-0.000496 0.000526-0.000517 0.000499-0.000549 0.000466-0.000579 0.000452   0.0016        0
        6|        0 -0.00191 0.000508-0.000518 0.000525-0.000494 0.000551-0.000468 0.000573-0.000451 0.000583-0.000456 0.000571-0.000468 0.000552-0.000493 0.000524-0.000521 0.000498-0.000536  0.00218        0
        5|        0-0.000939-0.000497 0.000541 -0.00048 0.000564-0.000455 0.000588-0.000434 0.000604-0.000424 0.000602-0.000434  0.00059-0.000452 0.000567-0.000478 0.000541-0.000501 0.000528  0.00126        0
        4|        0 -0.00157 0.000555-0.000472  0.00057 -0.00045 0.000594-0.000426 0.000615 -0.00041 0.000625-0.000411 0.000617-0.000423 0.000599-0.000444 0.000575-0.000469 0.000552-0.000484  0.00192        0
        3|        0-0.000686-0.000466 0.000573-0.000449 0.000594-0.000426 0.000617-0.000405 0.000633-0.000396 0.000634-0.000402 0.000622-0.000419 0.000601-0.000443 0.000577-0.000465 0.000563  0.00106        0
        2|        0 -0.00139 0.000577-0.000451 0.000592-0.000431 0.000613-0.000409 0.000632-0.000394 0.000642-0.000392 0.000637-0.000403 0.000621-0.000423 0.000598-0.000446 0.000577-0.000461  0.00178        0
        1|        0 0.000591 0.000952  0.00168 0.000825   0.0015 0.000604  0.00124  0.00031 0.000918-3.25e-05  0.00056-0.000397 0.000197-0.000751-0.000137 -0.00106-0.000404 -0.00128-0.000562 7.12e-05        0
        0|        0        0        0        0        0        0        0        0        0        0        0        0        0        0        0        0        0        0        0        0        0        0

