t: 0.659272
nCells: 20x10, dx: 0.1, dy: 0.1

u (22x12): 
         |        0        1        2        3        4        5        6        7        8        9       10       11       12       13       14       15       16       17       18       19       20
-------------------------------------------------------------------------------------------------------------------------------------------------------------------------------------------------------------------------
       11|        0     1.95     1.92     1.91     1.91      1.9      1.9      1.9      1.9      1.9      1.9      1.9      1.9      1.9      1.9      1.9      1.9     1.91     1.92     1.94        0
       10|        0   0.0541   0.0788   0.0907   0.0971    0.101    0.103    0.105    0.106    0.106    0.106    0.106    0.106    0.105    0.104    0.103   0.0997   0.0943   0.0832   0.0582        0
        9|        0  -0.0211  -0.0221  -0.0192  -0.0164  -0.0143  -0.0128  -0.0117  -0.0111  -0.0107  -0.0105  -0.0106  -0.0109  -0.0114  -0.0123  -0.0137  -0.0157  -0.0184  -0.0211  -0.0199        0
        8|        0  -0.0109  -0.0157  -0.0168  -0.0164  -0.0157   -0.015  -0.0145  -0.0141  -0.0139  -0.0138  -0.0139  -0.0141  -0.0145  -0.0152  -0.0161  -0.0171  -0.0181  -0.0179  -0.0137        0
        7|        0 -0.00634  -0.0106  -0.0127  -0.0135  -0.0137  -0.0136  -0.0135  -0.0133  -0.0132  -0.0132  -0.0133  -0.0134  -0.0136  -0.0139  -0.0141  -0.0142  -0.0137   -0.012 -0.00761        0
        6|        0  -0.0042 -0.00763 -0.00987  -0.0112  -0.0119  -0.0122  -0.0124  -0.0125  -0.0125  -0.0125  -0.0125  -0.0126  -0.0126  -0.0125  -0.0123  -0.0117  -0.0106 -0.00842 -0.00478        0
        5|        0 -0.00307 -0.00586 -0.00796 -0.00942  -0.0104   -0.011  -0.0114  -0.0116  -0.0118  -0.0118  -0.0118  -0.0117  -0.0116  -0.0113  -0.0107 -0.00985 -0.00845 -0.00633 -0.00338        0
        4|        0 -0.00244 -0.00477 -0.00669 -0.00817 -0.00925    -0.01  -0.0106  -0.0109  -0.0111  -0.0112  -0.0112   -0.011  -0.0107  -0.0103 -0.00954  -0.0085 -0.00703 -0.00507 -0.00262        0
        3|        0 -0.00206  -0.0041 -0.00586  -0.0073 -0.00843 -0.00928  -0.0099  -0.0103  -0.0106  -0.0107  -0.0106  -0.0104    -0.01 -0.00948 -0.00867 -0.00757 -0.00612 -0.00431 -0.00218        0
        2|        0 -0.00184 -0.00369 -0.00535 -0.00675 -0.00789 -0.00878 -0.00944 -0.00989  -0.0102  -0.0103  -0.0102 -0.00999 -0.00958 -0.00896  -0.0081 -0.00697 -0.00556 -0.00386 -0.00193        0
        1|        0 -0.00175 -0.00355 -0.00517 -0.00656  -0.0077 -0.00859 -0.00925  -0.0097 -0.00996    -0.01 -0.00996  -0.0097 -0.00925  -0.0086 -0.00772 -0.00659  -0.0052 -0.00358 -0.00177        0
        0|        0 -0.00145 -0.00294 -0.00431 -0.00552 -0.00653 -0.00736 -0.00798 -0.00843  -0.0087  -0.0088 -0.00873 -0.00849 -0.00807 -0.00747 -0.00666 -0.00564 -0.00443 -0.00303 -0.00151        0

v (22x12): 
         |        0        1        2        3        4        5        6        7        8        9       10       11       12       13       14       15       16       17       18       19       20       21
-------------------------------------------------------------------------------------------------------------------------------------------------------------------------------------------------------------------------
       10|        0        0        0        0        0        0        0        0        0        0        0        0        0        0        0        0        0        0        0        0        0        0
        9|  -0.0525   0.0541   0.0247   0.0119  0.00641  0.00375  0.00232  0.00147 0.000927  0.00055 0.000255-1.26e-05-0.000284-0.000603 -0.00105 -0.00174 -0.00298 -0.00544   -0.011   -0.025  -0.0582   0.0562
        8|   -0.032    0.033   0.0237   0.0148  0.00923  0.00589  0.00382  0.00249  0.00159  0.00093 0.000402-7.34e-05-0.000568 -0.00116 -0.00195 -0.00312 -0.00496  -0.0081  -0.0137  -0.0238  -0.0384   0.0368
        7|  -0.0214   0.0221   0.0189   0.0137  0.00959  0.00661  0.00452  0.00305  0.00198  0.00116 0.000474-0.000155-0.000815 -0.00159  -0.0026 -0.00399 -0.00602 -0.00905  -0.0135  -0.0196  -0.0247   0.0237
        6|  -0.0152   0.0157   0.0146   0.0116  0.00878  0.00643   0.0046   0.0032  0.00211  0.00124 0.000494-0.000212-0.000947  -0.0018 -0.00286 -0.00424  -0.0061 -0.00859  -0.0117  -0.0153  -0.0171   0.0164
        5|  -0.0112   0.0115   0.0111  0.00939  0.00748  0.00573  0.00425  0.00303  0.00204  0.00121 0.000468-0.000235-0.000968 -0.00179 -0.00279 -0.00402 -0.00556 -0.00744 -0.00958  -0.0116  -0.0123   0.0118
        4| -0.00818  0.00845  0.00837  0.00729  0.00602  0.00476  0.00363  0.00264   0.0018  0.00107 0.000409 -0.00023-0.000892 -0.00163 -0.00248 -0.00349 -0.00468 -0.00604 -0.00746  -0.0087 -0.00889  0.00857
        3| -0.00582  0.00602  0.00603  0.00537  0.00454  0.00367  0.00285  0.00211  0.00146 0.000869 0.000326-0.000201-0.000747 -0.00134 -0.00201 -0.00278 -0.00364 -0.00457 -0.00549 -0.00625 -0.00628  0.00606
        2| -0.00383  0.00395    0.004   0.0036  0.00309  0.00254    0.002   0.0015  0.00104 0.000621 0.000229-0.000156-0.000551-0.000976 -0.00144 -0.00197 -0.00253 -0.00313 -0.00368 -0.00412  -0.0041  0.00396
        1| -0.00205  0.00211  0.00215  0.00195  0.00169   0.0014  0.00112 0.000843 0.000587 0.000349 0.000122-9.94e-05-0.000327-0.000567-0.000828 -0.00111 -0.00141 -0.00171 -0.00198  -0.0022 -0.00217   0.0021
        0| -0.00837  0.00867  0.00894  0.00839  0.00759  0.00663  0.00554  0.00437  0.00317  0.00194 0.000694-0.000556 -0.00181 -0.00306 -0.00429 -0.00549 -0.00663 -0.00764 -0.00848 -0.00906 -0.00883  0.00851

p (22x12): 
         |        0        1        2        3        4        5        6        7        8        9       10       11       12       13       14       15       16       17       18       19       20       21
-------------------------------------------------------------------------------------------------------------------------------------------------------------------------------------------------------------------------
       11|    -0.25    -0.25   -0.242   -0.237   -0.233    -0.23   -0.227   -0.225   -0.222    -0.22   -0.218   -0.216   -0.214   -0.211   -0.209   -0.207   -0.204   -0.201   -0.196   -0.189   -0.177   -0.177
       10|    -0.25    -0.25   -0.242   -0.237   -0.233    -0.23   -0.227   -0.225   -0.222    -0.22   -0.218   -0.216   -0.214   -0.211   -0.209   -0.207   -0.204   -0.201   -0.196   -0.189   -0.177   -0.177
        9|   -0.241   -0.241   -0.239   -0.235   -0.232   -0.229   -0.227   -0.224   -0.222    -0.22   -0.218   -0.216   -0.214   -0.212   -0.209   -0.207   -0.204   -0.201   -0.198   -0.193   -0.188   -0.188
        8|   -0.236   -0.236   -0.235   -0.233   -0.231   -0.228   -0.226   -0.224   -0.222    -0.22   -0.218   -0.216   -0.214   -0.212   -0.209   -0.207   -0.205   -0.202     -0.2   -0.197   -0.194   -0.194
        7|   -0.233   -0.233   -0.232   -0.231   -0.229   -0.227   -0.225   -0.223   -0.221    -0.22   -0.218   -0.216   -0.214   -0.212    -0.21   -0.208   -0.206   -0.203   -0.201   -0.199   -0.198   -0.198
        6|   -0.231   -0.231    -0.23   -0.229   -0.228   -0.226   -0.225   -0.223   -0.221   -0.219   -0.217   -0.216   -0.214   -0.212    -0.21   -0.208   -0.206   -0.205   -0.203   -0.202   -0.201   -0.201
        5|   -0.229   -0.229   -0.229   -0.228   -0.227   -0.225   -0.224   -0.222   -0.221   -0.219   -0.217   -0.216   -0.214   -0.212    -0.21   -0.209   -0.207   -0.206   -0.204   -0.203   -0.203   -0.203
        4|   -0.228   -0.228   -0.227   -0.227   -0.226   -0.225   -0.223   -0.222    -0.22   -0.219   -0.217   -0.216   -0.214   -0.212   -0.211   -0.209   -0.208   -0.207   -0.205   -0.205   -0.204   -0.204
        3|   -0.227   -0.227   -0.227   -0.226   -0.225   -0.224   -0.223   -0.222    -0.22   -0.219   -0.217   -0.216   -0.214   -0.213   -0.211    -0.21   -0.208   -0.207   -0.206   -0.206   -0.205   -0.205
        2|   -0.226   -0.226   -0.226   -0.226   -0.225   -0.224   -0.223   -0.221    -0.22   -0.219   -0.217   -0.216   -0.214   -0.213   -0.211    -0.21   -0.209   -0.208   -0.207   -0.206   -0.206   -0.206
        1|   -0.226   -0.226   -0.226   -0.225   -0.225   -0.224   -0.223   -0.221    -0.22   -0.219   -0.217   -0.216   -0.214   -0.213   -0.211    -0.21   -0.209   -0.208   -0.207   -0.206   -0.206   -0.206
        0|   -0.225   -0.225   -0.225   -0.224   -0.224   -0.223   -0.222   -0.221    -0.22   -0.218   -0.217   -0.216   -0.214   -0.213   -0.212   -0.211    -0.21   -0.209   -0.208   -0.208   -0.208   -0.208

F (22x12): 
         |        0        1        2        3        4        5        6        7        8        9       10       11       12       13       14       15       16       17       18       19       20
-------------------------------------------------------------------------------------------------------------------------------------------------------------------------------------------------------------------------
       11|        0     1.95     1.92     1.91     1.91      1.9      1.9      1.9      1.9      1.9      1.9      1.9      1.9      1.9      1.9      1.9      1.9     1.91     1.92     1.94        0
       10|        0   0.0562     0.08   0.0917   0.0979    0.102    0.104    0.105    0.106    0.107    0.107    0.107    0.107    0.106    0.105    0.103    0.101   0.0954   0.0851   0.0614        0
        9|        0  -0.0204  -0.0213  -0.0184  -0.0157  -0.0136  -0.0121  -0.0112  -0.0105  -0.0101    -0.01  -0.0101  -0.0103  -0.0109  -0.0117  -0.0131  -0.0149  -0.0175  -0.0199  -0.0185        0
        8|        0  -0.0106  -0.0152  -0.0162  -0.0158  -0.0151  -0.0145  -0.0139  -0.0136  -0.0133  -0.0133  -0.0133  -0.0136   -0.014  -0.0146  -0.0155  -0.0165  -0.0173  -0.0171  -0.0131        0
        7|        0 -0.00614  -0.0103  -0.0123   -0.013  -0.0132  -0.0131   -0.013  -0.0128  -0.0128  -0.0127  -0.0128  -0.0129  -0.0131  -0.0134  -0.0136  -0.0137  -0.0132  -0.0115  -0.0073        0
        6|        0 -0.00406 -0.00738 -0.00953  -0.0108  -0.0114  -0.0118  -0.0119   -0.012   -0.012  -0.0121  -0.0121  -0.0121  -0.0121   -0.012  -0.0118  -0.0113  -0.0102 -0.00808 -0.00459        0
        5|        0 -0.00298 -0.00566 -0.00768 -0.00909    -0.01  -0.0106   -0.011  -0.0112  -0.0113  -0.0114  -0.0114  -0.0113  -0.0111  -0.0108  -0.0103 -0.00947 -0.00812 -0.00608 -0.00325        0
        4|        0 -0.00236 -0.00461 -0.00645 -0.00787 -0.00892 -0.00966  -0.0102  -0.0105  -0.0107  -0.0108  -0.0107  -0.0106  -0.0103 -0.00986 -0.00917 -0.00817 -0.00676 -0.00487 -0.00252        0
        3|        0 -0.00199 -0.00395 -0.00565 -0.00704 -0.00813 -0.00894 -0.00953 -0.00993  -0.0102  -0.0103  -0.0102    -0.01 -0.00966 -0.00912 -0.00834 -0.00727 -0.00588 -0.00414  -0.0021        0
        2|        0 -0.00178 -0.00357 -0.00516 -0.00651 -0.00761 -0.00846 -0.00909 -0.00952 -0.00978 -0.00988 -0.00982 -0.00961 -0.00921 -0.00861 -0.00779  -0.0067 -0.00534 -0.00371 -0.00186        0
        1|        0 -0.00169 -0.00343 -0.00498 -0.00632 -0.00741 -0.00827  -0.0089 -0.00933 -0.00958 -0.00966 -0.00958 -0.00932 -0.00889 -0.00826 -0.00741 -0.00632 -0.00499 -0.00344  -0.0017        0
        0|        0        0        0        0        0        0        0        0        0        0        0        0        0        0        0        0        0        0        0        0        0

G (22x12): 
         |        0        1        2        3        4        5        6        7        8        9       10       11       12       13       14       15       16       17       18       19       20       21
-------------------------------------------------------------------------------------------------------------------------------------------------------------------------------------------------------------------------
       10|        0        0        0        0        0        0        0        0        0        0        0        0        0        0        0        0        0        0        0        0        0        0
        9|  -0.0525   0.0519   0.0238   0.0115  0.00617   0.0036  0.00222  0.00141 0.000885 0.000523 0.000239-1.78e-05-0.000279-0.000588 -0.00102 -0.00169 -0.00287 -0.00523  -0.0105  -0.0239  -0.0553   0.0562
        8|   -0.032   0.0317   0.0227   0.0142  0.00884  0.00563  0.00365  0.00238  0.00151 0.000881 0.000374-8.43e-05-0.000563 -0.00114  -0.0019 -0.00303 -0.00483 -0.00786  -0.0133   -0.023  -0.0368   0.0368
        7|  -0.0214   0.0212   0.0182   0.0132   0.0092  0.00634  0.00433  0.00292  0.00189   0.0011 0.000443-0.000163  -0.0008 -0.00155 -0.00252 -0.00387 -0.00583 -0.00875  -0.0131  -0.0189  -0.0237   0.0237
        6|  -0.0152   0.0151   0.0141   0.0112  0.00844  0.00617  0.00441  0.00306  0.00202  0.00118 0.000463-0.000216-0.000926 -0.00175 -0.00277 -0.00411  -0.0059 -0.00829  -0.0113  -0.0147  -0.0164   0.0164
        5|  -0.0112   0.0111   0.0107  0.00904   0.0072  0.00551  0.00408  0.00291  0.00195  0.00115  0.00044-0.000237-0.000944 -0.00174  -0.0027 -0.00389 -0.00537 -0.00718 -0.00923  -0.0112  -0.0118   0.0118
        4| -0.00818  0.00814  0.00807  0.00702  0.00579  0.00458  0.00349  0.00254  0.00173  0.00102 0.000386-0.000231-0.000869 -0.00158  -0.0024 -0.00337 -0.00452 -0.00582 -0.00718 -0.00838 -0.00854  0.00857
        3| -0.00582  0.00579  0.00582  0.00518  0.00437  0.00354  0.00275  0.00203   0.0014 0.000833 0.000309  -0.0002-0.000726  -0.0013 -0.00195 -0.00268 -0.00352 -0.00441 -0.00529 -0.00602 -0.00603  0.00606
        2| -0.00383  0.00381  0.00386  0.00348  0.00299  0.00245  0.00193  0.00145    0.001 0.000597 0.000218-0.000155-0.000536-0.000947  -0.0014  -0.0019 -0.00245 -0.00302 -0.00355 -0.00398 -0.00394  0.00396
        1| -0.00205  0.00207  0.00211  0.00192  0.00166  0.00138   0.0011 0.000829 0.000576 0.000343 0.000119-9.88e-05-0.000323-0.000558-0.000813 -0.00109 -0.00138 -0.00167 -0.00194 -0.00214 -0.00211   0.0021
        0| -0.00837        0        0        0        0        0        0        0        0        0        0        0        0        0        0        0        0        0        0        0        0  0.00851

rhs (22x12): 
         |        0        1        2        3        4        5        6        7        8        9       10       11       12       13       14       15       16       17       18       19       20       21
-------------------------------------------------------------------------------------------------------------------------------------------------------------------------------------------------------------------------
       11|        0        0        0        0        0        0        0        0        0        0        0        0        0        0        0        0        0        0        0        0        0        0
       10|        0     1.67  -0.0116   0.0558    0.034   0.0179   0.0109  0.00629  0.00503  0.00343  0.00393  0.00273  0.00349  0.00398  0.00678  0.00994   0.0182   0.0332   0.0637   0.0677    -2.38        0
        9|        0  -0.0619   0.0965   0.0602   0.0297   0.0167  0.00903  0.00649  0.00364  0.00355  0.00212  0.00377  0.00374  0.00579  0.00726   0.0132   0.0232   0.0503    0.113      0.2   0.0246        0
        8|        0  -0.0499  -0.0112 -0.00538  -0.0013 -0.00105 0.000358-0.000399 0.000617-0.000299 0.000653 -0.00023 0.000742-0.000203 0.000716-0.000332 0.000262 -0.00183 -0.00504  -0.0191  -0.0126        0
        7|        0  -0.0204 -0.00568 -0.00262 -0.00208 -0.00033-0.000848 0.000315-0.000516 0.000483-0.000438 0.000511-0.000458 0.000421 -0.00066-5.28e-06 -0.00156 -0.00193 -0.00556 -0.00824 6.79e-05        0
        6|        0  -0.0119 -0.00208  -0.0022 -0.00055 -0.00103 0.000188-0.000597 0.000433-0.000466 0.000497-0.000448 0.000472-0.000526 0.000308-0.000846-0.000295 -0.00194 -0.00211 -0.00423  0.00488        0
        5|        0 -0.00728 -0.00191-0.000578 -0.00114 8.55e-05-0.000671 0.000389-0.000488 0.000492-0.000436 0.000504-0.000461 0.000439-0.000589 0.000206-0.000989-0.000439 -0.00192 -0.00148  0.00418        0
        4|        0 -0.00605-0.000431 -0.00116 1.49e-05-0.000739 0.000341-0.000514 0.000485-0.000428 0.000529-0.000421 0.000506-0.000474 0.000404-0.000651  0.00012 -0.00107-0.000436 -0.00164  0.00439        0
        3|        0 -0.00427 -0.00111-2.14e-05-0.000803 0.000284-0.000552 0.000467 -0.00043 0.000542-0.000391 0.000548-0.000411 0.000502-0.000497 0.000359-0.000716 5.27e-05  -0.0011-0.000308  0.00325        0
        2|        0  -0.0158  -0.0119  -0.0118 -0.00936 -0.00865 -0.00601  -0.0053  -0.0028 -0.00231-7.18e-05 0.000143  0.00217  0.00222  0.00406   0.0039  0.00547  0.00498  0.00621  0.00543     0.01        0
        1|        0    0.146    0.147    0.139    0.126    0.112   0.0942   0.0764   0.0559   0.0366    0.015 -0.00503  -0.0273  -0.0481  -0.0709  -0.0917   -0.113   -0.132   -0.148   -0.159    -0.16        0
        0|        0        0        0        0        0        0        0        0        0        0        0        0        0        0        0        0        0        0        0        0        0        0

