t: 1.20255
nCells: 20x10, dx: 0.1, dy: 0.1

u (22x12): 
         |        0        1        2        3        4        5        6        7        8        9       10       11       12       13       14       15       16       17       18       19       20
-------------------------------------------------------------------------------------------------------------------------------------------------------------------------------------------------------------------------
       11|        0     1.92     1.88     1.86     1.85     1.84     1.83     1.83     1.83     1.82     1.82     1.82     1.82     1.82     1.83     1.83     1.83     1.84     1.86      1.9        0
       10|        0   0.0787    0.121    0.144    0.157    0.166    0.171    0.175    0.177    0.179     0.18     0.18     0.18    0.179    0.178    0.176    0.172    0.163    0.144   0.0985        0
        9|        0    -0.03  -0.0321  -0.0281  -0.0238  -0.0203  -0.0177  -0.0158  -0.0146  -0.0138  -0.0134  -0.0133  -0.0136  -0.0143  -0.0154  -0.0173  -0.0199  -0.0232   -0.026  -0.0235        0
        8|        0  -0.0152  -0.0238  -0.0267   -0.027  -0.0264  -0.0256  -0.0248  -0.0243  -0.0239  -0.0238   -0.024  -0.0244  -0.0252  -0.0264  -0.0282  -0.0306  -0.0332  -0.0343  -0.0274        0
        7|        0 -0.00921  -0.0164  -0.0204  -0.0223  -0.0231  -0.0233  -0.0232  -0.0232  -0.0231  -0.0232  -0.0233  -0.0236  -0.0241  -0.0248  -0.0255  -0.0262  -0.0262  -0.0238  -0.0161        0
        6|        0  -0.0063   -0.012   -0.016  -0.0185    -0.02  -0.0208  -0.0213  -0.0216  -0.0218  -0.0219  -0.0221  -0.0222  -0.0224  -0.0224  -0.0223  -0.0217    -0.02  -0.0164 -0.00953        0
        5|        0 -0.00473 -0.00935   -0.013  -0.0157  -0.0175  -0.0188  -0.0196  -0.0202  -0.0205  -0.0207  -0.0208  -0.0208  -0.0206  -0.0203  -0.0195  -0.0181  -0.0158   -0.012 -0.00639        0
        4|        0 -0.00382 -0.00772   -0.011  -0.0136  -0.0156  -0.0171  -0.0182  -0.0189  -0.0194  -0.0196  -0.0197  -0.0195  -0.0192  -0.0184  -0.0173  -0.0155   -0.013 -0.00939 -0.00479        0
        3|        0 -0.00327  -0.0067 -0.00972  -0.0123  -0.0143  -0.0159  -0.0171  -0.0179  -0.0185  -0.0187  -0.0188  -0.0185   -0.018  -0.0171  -0.0157  -0.0138  -0.0112 -0.00787 -0.00391        0
        2|        0 -0.00297 -0.00609 -0.00894  -0.0114  -0.0134  -0.0151  -0.0163  -0.0172  -0.0178  -0.0181  -0.0181  -0.0178  -0.0172  -0.0161  -0.0147  -0.0127  -0.0101   -0.007 -0.00344        0
        1|        0  -0.0029  -0.0061 -0.00898  -0.0115  -0.0135  -0.0151  -0.0163  -0.0171  -0.0176  -0.0177  -0.0176  -0.0171  -0.0163  -0.0152  -0.0136  -0.0116 -0.00915 -0.00625 -0.00301        0
        0|        0 -0.00235 -0.00491  -0.0073 -0.00942  -0.0112  -0.0127  -0.0139  -0.0147  -0.0153  -0.0155  -0.0155  -0.0151  -0.0144  -0.0134   -0.012  -0.0101 -0.00796 -0.00543 -0.00267        0

v (22x12): 
         |        0        1        2        3        4        5        6        7        8        9       10       11       12       13       14       15       16       17       18       19       20       21
-------------------------------------------------------------------------------------------------------------------------------------------------------------------------------------------------------------------------
       10|        0        0        0        0        0        0        0        0        0        0        0        0        0        0        0        0        0        0        0        0        0        0
        9|  -0.0779   0.0787    0.042    0.023   0.0135   0.0084  0.00541  0.00358  0.00238  0.00156 0.000963 0.000465-3.88e-05-0.000551 -0.00121 -0.00227 -0.00429 -0.00867  -0.0192  -0.0454  -0.0985   0.0967
        8|  -0.0482   0.0487   0.0399   0.0269   0.0178   0.0119  0.00802  0.00543  0.00365  0.00235  0.00136 0.000509  -0.0003 -0.00122  -0.0024 -0.00411  -0.0069   -0.012   -0.022  -0.0429  -0.0749    0.073
        7|  -0.0331   0.0335   0.0314    0.024   0.0175   0.0125  0.00884  0.00618   0.0042  0.00269  0.00145 0.000356 -0.00075 -0.00201 -0.00363 -0.00589 -0.00927  -0.0146  -0.0231   -0.036  -0.0476   0.0463
        6|   -0.024   0.0243   0.0243     0.02   0.0156   0.0117  0.00864   0.0062  0.00428  0.00273  0.00141 0.000184 -0.00107  -0.0025 -0.00428 -0.00666 -0.00994  -0.0145  -0.0208  -0.0282  -0.0315   0.0308
        5|  -0.0178    0.018   0.0186    0.016   0.0131   0.0102  0.00778  0.00571  0.00399  0.00254  0.00126 4.66e-05 -0.00121 -0.00263 -0.00435 -0.00652 -0.00932  -0.0129  -0.0171  -0.0214   -0.022   0.0215
        4|  -0.0131   0.0133   0.0139   0.0124   0.0104  0.00838  0.00652  0.00487  0.00344  0.00218  0.00105-5.48e-05 -0.00119 -0.00246 -0.00395 -0.00576 -0.00795  -0.0105  -0.0133  -0.0158  -0.0156   0.0153
        3| -0.00932  0.00945     0.01  0.00906  0.00776  0.00638  0.00504  0.00381   0.0027  0.00171 0.000786-0.000111 -0.00105 -0.00207 -0.00324 -0.00461  -0.0062 -0.00796 -0.00974  -0.0112  -0.0108   0.0106
        2| -0.00609  0.00618  0.00662  0.00603  0.00522  0.00434  0.00346  0.00263  0.00187  0.00116 0.000507 -0.00014-0.000803 -0.00153 -0.00233 -0.00325 -0.00428 -0.00537 -0.00642 -0.00724 -0.00688  0.00676
        1| -0.00316  0.00321   0.0035  0.00318  0.00276   0.0023  0.00182  0.00138 0.000963 0.000581 0.000215-0.000138-0.000505 -0.00089 -0.00132 -0.00178 -0.00229 -0.00281  -0.0033 -0.00367 -0.00346   0.0034
        0|   -0.014   0.0142   0.0155   0.0146   0.0133   0.0117   0.0099  0.00792  0.00584  0.00369  0.00151-0.000707 -0.00294  -0.0052 -0.00745 -0.00966  -0.0118  -0.0136  -0.0152  -0.0162  -0.0152   0.0149

p (22x12): 
         |        0        1        2        3        4        5        6        7        8        9       10       11       12       13       14       15       16       17       18       19       20       21
-------------------------------------------------------------------------------------------------------------------------------------------------------------------------------------------------------------------------
       11|    -1.45    -1.45    -1.44    -1.44    -1.44    -1.43    -1.43    -1.43    -1.43    -1.42    -1.42    -1.42    -1.42    -1.42    -1.41    -1.41    -1.41    -1.41     -1.4    -1.39    -1.38    -1.38
       10|    -1.45    -1.45    -1.44    -1.44    -1.44    -1.43    -1.43    -1.43    -1.43    -1.42    -1.42    -1.42    -1.42    -1.42    -1.41    -1.41    -1.41    -1.41     -1.4    -1.39    -1.38    -1.38
        9|    -1.44    -1.44    -1.44    -1.44    -1.44    -1.43    -1.43    -1.43    -1.43    -1.42    -1.42    -1.42    -1.42    -1.42    -1.41    -1.41    -1.41    -1.41     -1.4     -1.4    -1.39    -1.39
        8|    -1.44    -1.44    -1.44    -1.43    -1.43    -1.43    -1.43    -1.43    -1.43    -1.42    -1.42    -1.42    -1.42    -1.42    -1.41    -1.41    -1.41    -1.41    -1.41     -1.4     -1.4     -1.4
        7|    -1.43    -1.43    -1.43    -1.43    -1.43    -1.43    -1.43    -1.43    -1.43    -1.42    -1.42    -1.42    -1.42    -1.42    -1.41    -1.41    -1.41    -1.41    -1.41     -1.4     -1.4     -1.4
        6|    -1.43    -1.43    -1.43    -1.43    -1.43    -1.43    -1.43    -1.43    -1.43    -1.42    -1.42    -1.42    -1.42    -1.42    -1.42    -1.41    -1.41    -1.41    -1.41    -1.41    -1.41    -1.41
        5|    -1.43    -1.43    -1.43    -1.43    -1.43    -1.43    -1.43    -1.43    -1.42    -1.42    -1.42    -1.42    -1.42    -1.42    -1.42    -1.41    -1.41    -1.41    -1.41    -1.41    -1.41    -1.41
        4|    -1.43    -1.43    -1.43    -1.43    -1.43    -1.43    -1.43    -1.43    -1.42    -1.42    -1.42    -1.42    -1.42    -1.42    -1.42    -1.41    -1.41    -1.41    -1.41    -1.41    -1.41    -1.41
        3|    -1.43    -1.43    -1.43    -1.43    -1.43    -1.43    -1.43    -1.43    -1.42    -1.42    -1.42    -1.42    -1.42    -1.42    -1.42    -1.41    -1.41    -1.41    -1.41    -1.41    -1.41    -1.41
        2|    -1.43    -1.43    -1.43    -1.43    -1.43    -1.43    -1.43    -1.42    -1.42    -1.42    -1.42    -1.42    -1.42    -1.42    -1.42    -1.41    -1.41    -1.41    -1.41    -1.41    -1.41    -1.41
        1|    -1.43    -1.43    -1.43    -1.43    -1.43    -1.43    -1.43    -1.42    -1.42    -1.42    -1.42    -1.42    -1.42    -1.42    -1.42    -1.41    -1.41    -1.41    -1.41    -1.41    -1.41    -1.41
        0|    -1.43    -1.43    -1.43    -1.43    -1.43    -1.43    -1.43    -1.42    -1.42    -1.42    -1.42    -1.42    -1.42    -1.42    -1.42    -1.42    -1.41    -1.41    -1.41    -1.41    -1.41    -1.41

F (22x12): 
         |        0        1        2        3        4        5        6        7        8        9       10       11       12       13       14       15       16       17       18       19       20
-------------------------------------------------------------------------------------------------------------------------------------------------------------------------------------------------------------------------
       11|        0     1.92     1.88     1.86     1.85     1.84     1.83     1.83     1.83     1.82     1.82     1.82     1.82     1.82     1.83     1.83     1.83     1.84     1.86      1.9        0
       10|        0   0.0802    0.121    0.144    0.158    0.166    0.172    0.175    0.178    0.179     0.18    0.181     0.18     0.18    0.179    0.177    0.173    0.164    0.146    0.103        0
        9|        0  -0.0297  -0.0316  -0.0275  -0.0232  -0.0197  -0.0171  -0.0153  -0.0141  -0.0133  -0.0129  -0.0128  -0.0131  -0.0137  -0.0149  -0.0167  -0.0192  -0.0222  -0.0246  -0.0215        0
        8|        0  -0.0151  -0.0234  -0.0263  -0.0265  -0.0259  -0.0251  -0.0243  -0.0238  -0.0235  -0.0234  -0.0235  -0.0239  -0.0247  -0.0259  -0.0276  -0.0299  -0.0324  -0.0333  -0.0265        0
        7|        0 -0.00912  -0.0161  -0.0201  -0.0219  -0.0227  -0.0228  -0.0228  -0.0227  -0.0227  -0.0227  -0.0229  -0.0232  -0.0236  -0.0243   -0.025  -0.0256  -0.0255  -0.0232  -0.0156        0
        6|        0 -0.00623  -0.0118  -0.0157  -0.0182  -0.0196  -0.0205  -0.0209  -0.0212  -0.0214  -0.0215  -0.0217  -0.0218  -0.0219   -0.022  -0.0218  -0.0212  -0.0195  -0.0159  -0.0093        0
        5|        0 -0.00467 -0.00922  -0.0128  -0.0154  -0.0172  -0.0184  -0.0192  -0.0198  -0.0201  -0.0203  -0.0204  -0.0204  -0.0202  -0.0198  -0.0191  -0.0177  -0.0154  -0.0117 -0.00624        0
        4|        0 -0.00377  -0.0076  -0.0108  -0.0134  -0.0154  -0.0168  -0.0178  -0.0186   -0.019  -0.0193  -0.0193  -0.0191  -0.0188   -0.018  -0.0169  -0.0152  -0.0127 -0.00917 -0.00468        0
        3|        0 -0.00323  -0.0066 -0.00957  -0.0121  -0.0141  -0.0156  -0.0168  -0.0176  -0.0181  -0.0184  -0.0184  -0.0181  -0.0176  -0.0167  -0.0154  -0.0135  -0.0109  -0.0077 -0.00383        0
        2|        0 -0.00293 -0.00599 -0.00879  -0.0112  -0.0132  -0.0148   -0.016  -0.0169  -0.0175  -0.0177  -0.0177  -0.0174  -0.0168  -0.0158  -0.0143  -0.0124  -0.0099 -0.00685 -0.00336        0
        1|        0 -0.00286   -0.006 -0.00884  -0.0113  -0.0133  -0.0148   -0.016  -0.0168  -0.0172  -0.0174  -0.0172  -0.0168   -0.016  -0.0148  -0.0133  -0.0113 -0.00893  -0.0061 -0.00294        0
        0|        0        0        0        0        0        0        0        0        0        0        0        0        0        0        0        0        0        0        0        0        0

G (22x12): 
         |        0        1        2        3        4        5        6        7        8        9       10       11       12       13       14       15       16       17       18       19       20       21
-------------------------------------------------------------------------------------------------------------------------------------------------------------------------------------------------------------------------
       10|        0        0        0        0        0        0        0        0        0        0        0        0        0        0        0        0        0        0        0        0        0        0
        9|  -0.0779    0.077   0.0415   0.0227   0.0133  0.00821  0.00528  0.00348  0.00231  0.00151 0.000923 0.000436 -5.6e-05-0.000558 -0.00121 -0.00224  -0.0042 -0.00843  -0.0185  -0.0438  -0.0945   0.0967
        8|  -0.0482   0.0477   0.0391   0.0263   0.0173   0.0115  0.00777  0.00525  0.00352  0.00226  0.00129 0.000458-0.000339 -0.00125 -0.00242 -0.00412  -0.0069  -0.0119  -0.0218  -0.0422  -0.0731    0.073
        7|  -0.0331   0.0329   0.0308   0.0235   0.0171   0.0122   0.0086    0.006  0.00407  0.00259  0.00138 0.000306-0.000782 -0.00203 -0.00362 -0.00586  -0.0092  -0.0144  -0.0228  -0.0353  -0.0465   0.0463
        6|   -0.024   0.0238   0.0238   0.0196   0.0152   0.0115  0.00842  0.00603  0.00416  0.00264  0.00134 0.000141 -0.00109  -0.0025 -0.00425 -0.00659 -0.00982  -0.0143  -0.0204  -0.0276  -0.0307   0.0308
        5|  -0.0178   0.0176   0.0182   0.0157   0.0128     0.01  0.00759  0.00557  0.00388  0.00246   0.0012 1.24e-05 -0.00122 -0.00261  -0.0043 -0.00644 -0.00918  -0.0127  -0.0168  -0.0209  -0.0214   0.0215
        4|  -0.0131    0.013   0.0137   0.0121   0.0102   0.0082  0.00637  0.00475  0.00335  0.00212    0.001-7.95e-05 -0.00119 -0.00244  -0.0039 -0.00568 -0.00782  -0.0103  -0.0131  -0.0155  -0.0152   0.0153
        3| -0.00932  0.00926  0.00986  0.00889  0.00761  0.00625  0.00493  0.00372  0.00264  0.00166 0.000753-0.000127 -0.00104 -0.00205  -0.0032 -0.00454  -0.0061 -0.00781 -0.00955   -0.011  -0.0105   0.0106
        2| -0.00609  0.00605   0.0065  0.00591  0.00512  0.00425  0.00339  0.00257  0.00182  0.00113 0.000488-0.000147-0.000798 -0.00151  -0.0023  -0.0032  -0.0042 -0.00527 -0.00629 -0.00709 -0.00673  0.00676
        1| -0.00316  0.00321   0.0035  0.00318  0.00276   0.0023  0.00183  0.00138 0.000962 0.000579 0.000213 -0.00014-0.000506-0.000889 -0.00131 -0.00177 -0.00228 -0.00279 -0.00327 -0.00363 -0.00341   0.0034
        0|   -0.014        0        0        0        0        0        0        0        0        0        0        0        0        0        0        0        0        0        0        0        0   0.0149

rhs (22x12): 
         |        0        1        2        3        4        5        6        7        8        9       10       11       12       13       14       15       16       17       18       19       20       21
-------------------------------------------------------------------------------------------------------------------------------------------------------------------------------------------------------------------------
       11|        0        0        0        0        0        0        0        0        0        0        0        0        0        0        0        0        0        0        0        0        0        0
       10|        0     1.23   -0.111    0.111   0.0947   0.0605   0.0414   0.0256     0.02   0.0128   0.0129   0.0103    0.011  0.00862   0.0155   0.0226   0.0464   0.0906    0.173    0.108    -3.17        0
        9|        0    -0.12    0.192    0.152    0.089   0.0571   0.0335   0.0249   0.0143   0.0133  0.00755   0.0101  0.00952   0.0164   0.0192   0.0378   0.0713    0.166     0.37    0.578   0.0367        0
        8|        0  -0.0863  -0.0233  -0.0127 -0.00154 -0.00197  0.00241-0.000665  0.00275-0.000664  0.00267-0.000734  0.00309-0.000115  0.00352 0.000607   0.0049  0.00355  0.00777  -0.0283  -0.0475        0
        7|        0  -0.0344  -0.0143 -0.00653 -0.00619-0.000624 -0.00278  0.00126 -0.00177  0.00179 -0.00151   0.0019 -0.00153  0.00168 -0.00208 0.000432  -0.0049 -0.00616  -0.0202  -0.0332  -0.0318        0
        6|        0  -0.0212 -0.00484 -0.00644 -0.00124 -0.00334 0.000844 -0.00205  0.00161 -0.00163  0.00182 -0.00155  0.00176 -0.00178  0.00125 -0.00283-0.000859 -0.00696  -0.0083  -0.0163-0.000199        0
        5|        0  -0.0119 -0.00549 -0.00126 -0.00362 0.000551 -0.00228  0.00146  -0.0017   0.0018 -0.00153  0.00186 -0.00159  0.00166 -0.00199 0.000881  -0.0034 -0.00154 -0.00711 -0.00554  0.00375        0
        4|        0  -0.0111-0.000768 -0.00366 0.000359 -0.00248  0.00131 -0.00179  0.00177 -0.00151  0.00193 -0.00146  0.00187 -0.00163  0.00155 -0.00221 0.000551 -0.00376 -0.00159 -0.00587  0.00716        0
        3|        0 -0.00665 -0.00345 0.000273 -0.00266  0.00114 -0.00192   0.0017 -0.00153  0.00195 -0.00138    0.002 -0.00143  0.00186  -0.0017  0.00139 -0.00246 0.000272  -0.0039 -0.00105  0.00447        0
        2|        0  -0.0314  -0.0258  -0.0268    -0.02  -0.0196  -0.0123  -0.0119  -0.0051 -0.00544 0.000569-0.000616   0.0047  0.00301  0.00779  0.00544  0.00944  0.00623  0.00942   0.0058    0.016        0
        1|        0    0.133    0.137    0.135    0.123    0.115   0.0981   0.0855   0.0646    0.049   0.0256  0.00795   -0.018  -0.0388  -0.0676  -0.0907   -0.121   -0.143   -0.168    -0.18   -0.179        0
        0|        0        0        0        0        0        0        0        0        0        0        0        0        0        0        0        0        0        0        0        0        0        0

