t: 0.125308
nCells: 20x10, dx: 0.1, dy: 0.1

u (22x12): 
         |        0        1        2        3        4        5        6        7        8        9       10       11       12       13       14       15       16       17       18       19       20
-------------------------------------------------------------------------------------------------------------------------------------------------------------------------------------------------------------------------
       11|        0-0.000319-0.000626-0.000901 -0.00114 -0.00133 -0.00148 -0.00159 -0.00166  -0.0017 -0.00172  -0.0017 -0.00166 -0.00159 -0.00148 -0.00133 -0.00114-0.000902-0.000626-0.000319        0
       10|        0-0.000267-0.000524-0.000759-0.000964 -0.00114 -0.00127 -0.00138 -0.00145 -0.00149 -0.00151 -0.00149 -0.00145 -0.00138 -0.00127 -0.00114-0.000965 -0.00076-0.000525-0.000267        0
        9|        0-0.000226-0.000445-0.000647-0.000827 -0.00098  -0.0011  -0.0012 -0.00127 -0.00131 -0.00132 -0.00131 -0.00127  -0.0012 -0.00111 -0.00098-0.000827-0.000648-0.000445-0.000226        0
        8|        0-0.000194-0.000383-0.000558-0.000716-0.000852-0.000965 -0.00105 -0.00112 -0.00115 -0.00117 -0.00115 -0.00112 -0.00105-0.000965-0.000853-0.000716-0.000559-0.000383-0.000194        0
        7|        0-0.000168-0.000333-0.000487-0.000627-0.000748 -0.00085 -0.00093-0.000987 -0.00102 -0.00103 -0.00102-0.000987 -0.00093 -0.00085-0.000749-0.000627-0.000487-0.000333-0.000169        0
        6|        0-0.000149-0.000294-0.000431-0.000555-0.000665-0.000756-0.000829-0.000882-0.000913-0.000924-0.000913-0.000882-0.000829-0.000756-0.000665-0.000555-0.000431-0.000294-0.000149        0
        5|        0-0.000133-0.000263-0.000386-0.000499-0.000598-0.000682-0.000749-0.000797-0.000826-0.000836-0.000826-0.000797-0.000749-0.000682-0.000598-0.000499-0.000387-0.000263-0.000133        0
        4|        0-0.000121 -0.00024-0.000353-0.000456-0.000547-0.000625-0.000686-0.000731-0.000759-0.000768-0.000759-0.000731-0.000687-0.000625-0.000547-0.000456-0.000353 -0.00024-0.000121        0
        3|        0-0.000113-0.000224-0.000329-0.000425 -0.00051-0.000583-0.000641-0.000684-0.000709-0.000718-0.000709-0.000684-0.000641-0.000583-0.000511-0.000425-0.000329-0.000224-0.000113        0
        2|        0-0.000107-0.000213-0.000313-0.000405-0.000486-0.000556-0.000612-0.000652-0.000677-0.000685-0.000677-0.000652-0.000612-0.000556-0.000486-0.000405-0.000313-0.000213-0.000107        0
        1|        0-0.000104-0.000206-0.000302-0.000391-0.000471-0.000538-0.000592-0.000631-0.000655-0.000663-0.000655-0.000631-0.000592-0.000538-0.000471-0.000391-0.000302-0.000206-0.000104        0
        0|        0 7.98e-05 0.000158 0.000232 0.000301 0.000361 0.000413 0.000454 0.000484 0.000503 0.000509 0.000503 0.000485 0.000454 0.000413 0.000361 0.000301 0.000232 0.000158 7.98e-05        0

v (22x12): 
         |        0        1        2        3        4        5        6        7        8        9       10       11       12       13       14       15       16       17       18       19       20       21
-------------------------------------------------------------------------------------------------------------------------------------------------------------------------------------------------------------------------
       10| -0.00121  0.00158  0.00154  0.00144   0.0013  0.00113 0.000938 0.000736 0.000529 0.000318 0.000106-0.000106-0.000317-0.000528-0.000736-0.000938 -0.00113  -0.0013 -0.00144 -0.00154 -0.00158  0.00122
        9| -0.00101  0.00131  0.00129  0.00121  0.00109 0.000957 0.000801 0.000633 0.000456 0.000275 9.21e-05-9.17e-05-0.000275-0.000456-0.000632-0.000801-0.000957 -0.00109 -0.00121 -0.00129 -0.00132  0.00101
        8|-0.000836  0.00109  0.00107    0.001 0.000915 0.000804 0.000676 0.000537 0.000388 0.000235 7.87e-05-7.84e-05-0.000235-0.000388-0.000536-0.000676-0.000804-0.000915   -0.001 -0.00107 -0.00109 0.000836
        7|-0.000687 0.000895 0.000878 0.000828 0.000757 0.000668 0.000564 0.000449 0.000326 0.000197 6.62e-05 -6.6e-05-0.000197-0.000325-0.000449-0.000564-0.000668-0.000757-0.000828-0.000878-0.000895 0.000688
        6|-0.000558 0.000727 0.000713 0.000674 0.000618 0.000546 0.000462 0.000369 0.000268 0.000163 5.47e-05-5.45e-05-0.000163-0.000268-0.000369-0.000462-0.000546-0.000618-0.000674-0.000713-0.000727 0.000558
        5|-0.000444 0.000578 0.000568 0.000537 0.000493 0.000437 0.000371 0.000296 0.000216 0.000131  4.4e-05-4.39e-05-0.000131-0.000216-0.000296 -0.00037-0.000437-0.000493-0.000537-0.000568-0.000578 0.000444
        4|-0.000342 0.000445 0.000437 0.000414 0.000381 0.000338 0.000287  0.00023 0.000167 0.000102 3.42e-05-3.41e-05-0.000102-0.000167-0.000229-0.000287-0.000338-0.000381-0.000414-0.000437-0.000445 0.000342
        3|-0.000249 0.000324 0.000318 0.000302 0.000277 0.000246 0.000209 0.000168 0.000122 7.45e-05  2.5e-05-2.49e-05-7.44e-05-0.000122-0.000168-0.000209-0.000246-0.000277-0.000302-0.000318-0.000324 0.000249
        2|-0.000162 0.000211 0.000208 0.000197 0.000181 0.000161 0.000137  0.00011 8.01e-05 4.87e-05 1.64e-05-1.63e-05-4.87e-05   -8e-05 -0.00011-0.000137-0.000161-0.000181-0.000197-0.000208-0.000211 0.000162
        1|-7.98e-05 0.000104 0.000102 9.67e-05  8.9e-05 7.91e-05 6.73e-05  5.4e-05 3.94e-05  2.4e-05 8.06e-06-8.04e-06 -2.4e-05-3.94e-05 -5.4e-05-6.73e-05-7.91e-05 -8.9e-05-9.67e-05-0.000102-0.000104 7.98e-05
        0|        0        0        0        0        0        0        0        0        0        0        0        0        0        0        0        0        0        0        0        0        0        0

p (22x12): 
         |        0        1        2        3        4        5        6        7        8        9       10       11       12       13       14       15       16       17       18       19       20       21
-------------------------------------------------------------------------------------------------------------------------------------------------------------------------------------------------------------------------
       11|  -0.0108  -0.0108  -0.0105 -0.00989 -0.00906   -0.008 -0.00677 -0.00539 -0.00391 -0.00236-0.000768 0.000838  0.00243  0.00398  0.00546  0.00684  0.00808  0.00913  0.00997   0.0105   0.0108   0.0108
       10| -0.00927 -0.00927 -0.00903 -0.00854 -0.00784 -0.00694 -0.00588  -0.0047 -0.00341 -0.00206-0.000668 0.000739  0.00213  0.00348  0.00477  0.00596  0.00701  0.00791  0.00862   0.0091  0.00935  0.00935
        9| -0.00804 -0.00804 -0.00783 -0.00742 -0.00681 -0.00605 -0.00513  -0.0041 -0.00299  -0.0018-0.000581 0.000653  0.00187  0.00306  0.00418  0.00521  0.00612  0.00689  0.00749   0.0079  0.00811  0.00811
        8| -0.00701 -0.00701 -0.00683 -0.00648 -0.00596  -0.0053  -0.0045  -0.0036 -0.00262 -0.00158-0.000507  0.00058  0.00166   0.0027  0.00368  0.00458  0.00537  0.00604  0.00656  0.00691  0.00709  0.00709
        7| -0.00617 -0.00617 -0.00602 -0.00571 -0.00525 -0.00467 -0.00398 -0.00318 -0.00232  -0.0014-0.000445 0.000519  0.00147  0.00239  0.00326  0.00405  0.00475  0.00533  0.00578  0.00609  0.00625  0.00625
        6| -0.00549 -0.00549 -0.00535 -0.00508 -0.00468 -0.00416 -0.00354 -0.00284 -0.00207 -0.00125-0.000394 0.000468  0.00132  0.00214  0.00291  0.00362  0.00424  0.00476  0.00516  0.00543  0.00557  0.00557
        5| -0.00495 -0.00495 -0.00482 -0.00458 -0.00422 -0.00376  -0.0032 -0.00256 -0.00187 -0.00112-0.000352 0.000427   0.0012  0.00194  0.00264  0.00327  0.00383   0.0043  0.00466   0.0049  0.00502  0.00502
        4| -0.00453 -0.00453 -0.00442 -0.00419 -0.00386 -0.00344 -0.00293 -0.00235 -0.00171 -0.00103 -0.00032 0.000395   0.0011  0.00178  0.00242  0.00301  0.00352  0.00394  0.00427  0.00449   0.0046   0.0046
        3| -0.00422 -0.00422 -0.00412 -0.00391 -0.00361 -0.00321 -0.00274 -0.00219  -0.0016-0.000958-0.000297 0.000372  0.00103  0.00167  0.00227  0.00281  0.00329  0.00368  0.00399   0.0042   0.0043   0.0043
        2| -0.00403 -0.00403 -0.00393 -0.00373 -0.00344 -0.00306 -0.00261 -0.00209 -0.00152-0.000913-0.000282 0.000357 0.000988   0.0016  0.00217  0.00268  0.00314  0.00351  0.00381    0.004   0.0041   0.0041
        1| -0.00393 -0.00393 -0.00383 -0.00364 -0.00336 -0.00299 -0.00255 -0.00204 -0.00148 -0.00089-0.000274  0.00035 0.000966  0.00156  0.00212  0.00262  0.00306  0.00343  0.00372  0.00391  0.00401  0.00401
        0| -0.00393 -0.00393 -0.00383 -0.00364 -0.00336 -0.00299 -0.00255 -0.00204 -0.00148 -0.00089-0.000274  0.00035 0.000966  0.00156  0.00212  0.00262  0.00306  0.00343  0.00372  0.00391  0.00401  0.00401

F (22x12): 
         |        0        1        2        3        4        5        6        7        8        9       10       11       12       13       14       15       16       17       18       19       20
-------------------------------------------------------------------------------------------------------------------------------------------------------------------------------------------------------------------------
       11|        0        0        0        0        0        0        0        0        0        0        0        0        0        0        0        0        0        0        0        0        0
       10|        0-0.000205-0.000402-0.000582-0.000739-0.000871-0.000975 -0.00105 -0.00111 -0.00114 -0.00115 -0.00114 -0.00111 -0.00105-0.000976-0.000871 -0.00074-0.000583-0.000403-0.000205        0
        9|        0-0.000174-0.000341-0.000496-0.000634-0.000751-0.000846 -0.00092-0.000971   -0.001 -0.00101   -0.001-0.000972 -0.00092-0.000846-0.000751-0.000634-0.000497-0.000342-0.000174        0
        8|        0-0.000149-0.000293-0.000428-0.000549-0.000653-0.000739-0.000806-0.000854-0.000883-0.000892-0.000883-0.000854-0.000806-0.000739-0.000653-0.000549-0.000428-0.000294-0.000149        0
        7|        0-0.000129-0.000255-0.000373 -0.00048-0.000573-0.000651-0.000712-0.000756-0.000782-0.000791-0.000782-0.000756-0.000712-0.000651-0.000573 -0.00048-0.000374-0.000255-0.000129        0
        6|        0-0.000114-0.000225 -0.00033-0.000425-0.000509-0.000579-0.000635-0.000675-0.000699-0.000708-0.000699-0.000675-0.000635-0.000579-0.000509-0.000426 -0.00033-0.000225-0.000114        0
        5|        0-0.000102-0.000202-0.000296-0.000382-0.000458-0.000522-0.000573 -0.00061-0.000633 -0.00064-0.000633 -0.00061-0.000573-0.000522-0.000458-0.000382-0.000296-0.000202-0.000102        0
        4|        0-9.31e-05-0.000184 -0.00027-0.000349-0.000419-0.000479-0.000526 -0.00056-0.000581-0.000588-0.000581 -0.00056-0.000526-0.000479-0.000419-0.000349 -0.00027-0.000184-9.31e-05        0
        3|        0-8.66e-05-0.000171-0.000252-0.000326-0.000391-0.000447-0.000491-0.000523-0.000543 -0.00055-0.000543-0.000523-0.000491-0.000447-0.000391-0.000326-0.000252-0.000171-8.66e-05        0
        2|        0-8.24e-05-0.000163 -0.00024 -0.00031-0.000373-0.000426-0.000468-0.000499-0.000518-0.000525-0.000518-0.000499-0.000468-0.000426-0.000373 -0.00031 -0.00024-0.000163-8.24e-05        0
        1|        0-7.94e-05-0.000157-0.000231-0.000299-0.000359-0.000411-0.000452-0.000482  -0.0005-0.000507  -0.0005-0.000482-0.000452-0.000411-0.000359-0.000299-0.000231-0.000157-7.94e-05        0
        0|        0 7.98e-05 0.000158 0.000232 0.000301 0.000361 0.000413 0.000454 0.000484 0.000503 0.000509 0.000503 0.000485 0.000454 0.000413 0.000361 0.000301 0.000232 0.000158 7.98e-05        0

G (22x12): 
         |        0        1        2        3        4        5        6        7        8        9       10       11       12       13       14       15       16       17       18       19       20       21
-------------------------------------------------------------------------------------------------------------------------------------------------------------------------------------------------------------------------
       10| -0.00121  0.00121  0.00118   0.0011 0.000993 0.000862 0.000717 0.000562 0.000403 0.000242 8.09e-05-8.07e-05-0.000242-0.000403-0.000562-0.000716-0.000862-0.000993  -0.0011 -0.00118 -0.00121  0.00122
        9| -0.00101    0.001 0.000985 0.000924 0.000838 0.000733 0.000613 0.000484 0.000349  0.00021 7.03e-05-7.02e-05 -0.00021-0.000349-0.000484-0.000613-0.000733-0.000838-0.000924-0.000985   -0.001  0.00101
        8|-0.000836 0.000832 0.000817 0.000769 0.000701 0.000616 0.000518  0.00041 0.000297  0.00018 6.01e-05   -6e-05 -0.00018-0.000297 -0.00041-0.000518-0.000616-0.000701-0.000769-0.000817-0.000832 0.000836
        7|-0.000687 0.000684 0.000672 0.000634  0.00058 0.000511 0.000432 0.000343 0.000249 0.000151 5.06e-05-5.05e-05-0.000151-0.000249-0.000343-0.000432-0.000511 -0.00058-0.000634-0.000673-0.000684 0.000688
        6|-0.000558 0.000555 0.000546 0.000516 0.000473 0.000418 0.000354 0.000282 0.000205 0.000125 4.18e-05-4.17e-05-0.000125-0.000205-0.000282-0.000354-0.000418-0.000473-0.000516-0.000546-0.000555 0.000558
        5|-0.000444 0.000442 0.000435 0.000412 0.000378 0.000335 0.000284 0.000227 0.000165   0.0001 3.37e-05-3.36e-05  -0.0001-0.000165-0.000227-0.000284-0.000335-0.000378-0.000412-0.000435-0.000442 0.000444
        4|-0.000342  0.00034 0.000335 0.000317 0.000292 0.000259  0.00022 0.000176 0.000128 7.79e-05 2.61e-05-2.61e-05-7.79e-05-0.000128-0.000176 -0.00022-0.000259-0.000292-0.000317-0.000335 -0.00034 0.000342
        3|-0.000249 0.000248 0.000244 0.000231 0.000212 0.000189  0.00016 0.000128 9.37e-05  5.7e-05 1.91e-05-1.91e-05 -5.7e-05-9.37e-05-0.000128 -0.00016-0.000189-0.000213-0.000231-0.000244-0.000248 0.000249
        2|-0.000162 0.000161 0.000159 0.000151 0.000139 0.000123 0.000105  8.4e-05 6.13e-05 3.73e-05 1.25e-05-1.25e-05-3.73e-05-6.13e-05 -8.4e-05-0.000105-0.000123-0.000139-0.000151-0.000159-0.000161 0.000162
        1|-7.98e-05 7.94e-05 7.83e-05 7.42e-05 6.83e-05 6.07e-05 5.16e-05 4.14e-05 3.02e-05 1.84e-05 6.18e-06-6.17e-06-1.84e-05-3.02e-05-4.14e-05-5.17e-05-6.07e-05-6.83e-05-7.42e-05-7.83e-05-7.94e-05 7.98e-05
        0|        0        0        0        0        0        0        0        0        0        0        0        0        0        0        0        0        0        0        0        0        0        0

rhs (22x12): 
         |        0        1        2        3        4        5        6        7        8        9       10       11       12       13       14       15       16       17       18       19       20       21
-------------------------------------------------------------------------------------------------------------------------------------------------------------------------------------------------------------------------
       11|        0        0        0        0        0        0        0        0        0        0        0        0        0        0        0        0        0        0        0        0        0        0
       10|        0  -0.0012-0.000748 -0.00073-0.000638-0.000582 -0.00047-0.000389-0.000271-0.000174 -5.8e-05 5.21e-05 0.000167 0.000292 0.000405 0.000541 0.000644 0.000774 0.000847  0.00094  0.00135        0
        9|        0-0.000335-1.67e-05 1.15e-05-1.45e-05 9.36e-06-1.15e-05  6.1e-06 -8.2e-06 1.83e-06-4.93e-06-3.41e-06-2.28e-06-8.71e-06 3.56e-08-1.39e-05 1.62e-06-1.84e-05 2.55e-06-2.15e-05 0.000345        0
        8|        0-0.000306 1.39e-05-1.44e-05  1.2e-05-1.19e-05 9.04e-06-8.86e-06 5.08e-06 -5.6e-06  3.4e-07-2.68e-06-5.05e-06 4.86e-08-1.02e-05 2.19e-06-1.49e-05 3.68e-06-1.86e-05 4.63e-06 0.000278        0
        7|        0-0.000243-1.42e-05 1.41e-05-1.23e-05 1.16e-05-9.64e-06 8.02e-06 -6.5e-06 3.55e-06-3.29e-06-1.66e-06-4.49e-07-6.89e-06 2.09e-06-1.18e-05 4.04e-06 -1.6e-05 5.37e-06-1.88e-05 0.000259        0
        6|        0-0.000235 1.59e-05-1.28e-05 1.38e-05-1.05e-05 1.06e-05-7.56e-06  6.5e-06-4.35e-06 1.63e-06-1.31e-06-3.72e-06 1.54e-06-8.87e-06 3.86e-06-1.34e-05 5.58e-06 -1.7e-05 6.72e-06 0.000209        0
        5|        0-0.000187-1.32e-05 1.56e-05-1.14e-05 1.29e-05-8.71e-06 9.19e-06-5.59e-06 4.59e-06-2.34e-06-6.55e-07  6.4e-07-5.94e-06 3.29e-06-1.09e-05 5.38e-06 -1.5e-05 6.86e-06-1.78e-05 0.000206        0
        4|        0-0.000192 1.71e-05-1.22e-05 1.49e-05 -9.9e-06 1.16e-05-6.95e-06 7.35e-06-3.69e-06 2.36e-06-5.26e-07-3.04e-06  2.4e-06-8.27e-06 4.83e-06-1.29e-05 6.66e-06-1.64e-05 7.88e-06 0.000168        0
        3|        0-0.000155-1.29e-05 1.66e-05-1.11e-05 1.38e-05-8.37e-06 9.93e-06-5.19e-06 5.18e-06-1.87e-06-1.49e-07 1.25e-06-5.56e-06 3.99e-06-1.06e-05 6.17e-06-1.48e-05 7.73e-06-1.76e-05 0.000175        0
        2|        0 -0.00017  1.8e-05-1.21e-05 1.57e-05 -9.8e-06 1.23e-05-6.79e-06 7.88e-06-3.45e-06 2.72e-06-1.43e-07 -2.8e-06 2.88e-06-8.18e-06 5.41e-06-1.29e-05 7.33e-06-1.65e-05 8.61e-06 0.000146        0
        1|        0 1.92e-05 0.000152 0.000166 0.000132 0.000136   0.0001 9.33e-05 5.87e-05 4.23e-05 1.18e-05-1.23e-05-3.64e-05-6.61e-05-8.17e-05-0.000114 -0.00012-0.000152-0.000147-0.000175-4.96e-06        0
        0|        0        0        0        0        0        0        0        0        0        0        0        0        0        0        0        0        0        0        0        0        0        0

