t: 0.531124
nCells: 20x10, dx: 0.1, dy: 0.1

u (22x12): 
         |        0        1        2        3        4        5        6        7        8        9       10       11       12       13       14       15       16       17       18       19       20
-------------------------------------------------------------------------------------------------------------------------------------------------------------------------------------------------------------------------
       11|        0     1.96     1.94     1.93     1.92     1.92     1.92     1.92     1.92     1.92     1.92     1.92     1.92     1.92     1.92     1.92     1.92     1.93     1.93     1.95        0
       10|        0   0.0457   0.0657   0.0751   0.0802   0.0831   0.0849    0.086   0.0867   0.0871   0.0873   0.0872    0.087   0.0864   0.0855    0.084   0.0815    0.077   0.0681   0.0479        0
        9|        0   -0.018  -0.0187  -0.0162  -0.0139  -0.0121  -0.0109  -0.0101 -0.00956 -0.00926 -0.00915 -0.00921 -0.00947 -0.00994  -0.0107  -0.0119  -0.0135  -0.0158  -0.0181  -0.0173        0
        8|        0 -0.00925  -0.0131  -0.0139  -0.0135  -0.0128  -0.0123  -0.0118  -0.0115  -0.0113  -0.0112  -0.0113  -0.0115  -0.0118  -0.0123   -0.013  -0.0138  -0.0145  -0.0143  -0.0108        0
        7|        0 -0.00533 -0.00881  -0.0105  -0.0111  -0.0112  -0.0111   -0.011  -0.0108  -0.0108  -0.0107  -0.0108  -0.0109   -0.011  -0.0112  -0.0114  -0.0114   -0.011 -0.00953 -0.00601        0
        6|        0 -0.00351 -0.00632 -0.00812 -0.00915  -0.0097 -0.00996  -0.0101  -0.0101  -0.0101  -0.0102  -0.0102  -0.0102  -0.0102  -0.0101 -0.00991 -0.00945  -0.0085 -0.00673 -0.00382        0
        5|        0 -0.00256 -0.00483 -0.00654 -0.00771 -0.00848 -0.00897 -0.00927 -0.00945 -0.00955 -0.00959 -0.00957 -0.00951 -0.00936  -0.0091 -0.00866 -0.00794  -0.0068 -0.00508 -0.00272        0
        4|        0 -0.00202 -0.00392 -0.00548 -0.00668 -0.00755 -0.00816 -0.00858 -0.00885   -0.009 -0.00906 -0.00903 -0.00891 -0.00867 -0.00828  -0.0077 -0.00685 -0.00567 -0.00408 -0.00212        0
        3|        0  -0.0017 -0.00336 -0.00479 -0.00596 -0.00687 -0.00755 -0.00804 -0.00837 -0.00856 -0.00863 -0.00858 -0.00842 -0.00812 -0.00766   -0.007  -0.0061 -0.00493 -0.00347 -0.00177        0
        2|        0 -0.00152 -0.00303 -0.00437  -0.0055 -0.00642 -0.00713 -0.00766 -0.00802 -0.00823 -0.00831 -0.00825 -0.00807 -0.00773 -0.00723 -0.00653 -0.00562 -0.00448 -0.00311 -0.00157        0
        1|        0 -0.00143 -0.00289 -0.00419 -0.00531 -0.00623 -0.00694 -0.00747 -0.00784 -0.00805 -0.00812 -0.00805 -0.00784 -0.00748 -0.00695 -0.00624 -0.00533 -0.00421  -0.0029 -0.00144        0
        0|        0  -0.0012  -0.0024 -0.00351 -0.00448  -0.0053 -0.00596 -0.00647 -0.00682 -0.00703 -0.00711 -0.00705 -0.00685 -0.00651 -0.00602 -0.00537 -0.00455 -0.00357 -0.00245 -0.00122        0

v (22x12): 
         |        0        1        2        3        4        5        6        7        8        9       10       11       12       13       14       15       16       17       18       19       20       21
-------------------------------------------------------------------------------------------------------------------------------------------------------------------------------------------------------------------------
       10|        0        0        0        0        0        0        0        0        0        0        0        0        0        0        0        0        0        0        0        0        0        0
        9|  -0.0438   0.0457     0.02  0.00945  0.00502  0.00291  0.00179  0.00113 0.000704 0.000407 0.000172-4.38e-05-0.000266-0.000532-0.000904 -0.00148  -0.0025  -0.0045 -0.00896  -0.0202  -0.0479   0.0458
        8|  -0.0266   0.0277   0.0193   0.0119  0.00736  0.00467  0.00302  0.00196  0.00124 0.000708 0.000282-0.000107-0.000516 -0.00101 -0.00167 -0.00264 -0.00418 -0.00676  -0.0113  -0.0193  -0.0306   0.0291
        7|  -0.0177   0.0184   0.0154   0.0111  0.00774   0.0053  0.00361  0.00242  0.00156 0.000896 0.000342-0.000173-0.000715 -0.00135 -0.00218 -0.00333 -0.00499 -0.00745   -0.011  -0.0159  -0.0198   0.0189
        6|  -0.0126   0.0131    0.012  0.00948  0.00713   0.0052   0.0037  0.00256  0.00168 0.000973 0.000363-0.000214-0.000817 -0.00151 -0.00238 -0.00351 -0.00502 -0.00702 -0.00955  -0.0123  -0.0138   0.0132
        5| -0.00921  0.00961  0.00915  0.00768  0.00609  0.00465  0.00344  0.00244  0.00163 0.000952 0.000349-0.000226-0.000826  -0.0015 -0.00231 -0.00332 -0.00456 -0.00607 -0.00778 -0.00942    -0.01  0.00955
        4| -0.00676  0.00705  0.00688  0.00597  0.00492  0.00388  0.00295  0.00214  0.00145 0.000853  0.00031-0.000215-0.000758 -0.00136 -0.00205 -0.00288 -0.00384 -0.00493 -0.00606 -0.00706 -0.00729  0.00696
        3| -0.00482  0.00503  0.00497  0.00442  0.00373  0.00301  0.00233  0.00172  0.00118 0.000699 0.000251-0.000184-0.000633 -0.00112 -0.00167 -0.00229   -0.003 -0.00375 -0.00448 -0.00509 -0.00517  0.00495
        2| -0.00319  0.00332  0.00332  0.00298  0.00256   0.0021  0.00165  0.00124 0.000856 0.000507  0.00018 -0.00014-0.000468 -0.00082 -0.00121 -0.00163  -0.0021 -0.00258 -0.00303 -0.00338  -0.0034  0.00326
        1| -0.00174   0.0018  0.00181  0.00164  0.00142  0.00118 0.000943 0.000712 0.000496 0.000294 0.000102 -8.7e-05 -0.00028-0.000483-0.000703-0.000938 -0.00119 -0.00143 -0.00166 -0.00184 -0.00184  0.00177
        0|  -0.0068  0.00712  0.00724  0.00679  0.00614  0.00535  0.00446  0.00352  0.00254  0.00154  0.00054-0.000469 -0.00148 -0.00248 -0.00348 -0.00444 -0.00535 -0.00616 -0.00683 -0.00731  -0.0072  0.00687

p (22x12): 
         |        0        1        2        3        4        5        6        7        8        9       10       11       12       13       14       15       16       17       18       19       20       21
-------------------------------------------------------------------------------------------------------------------------------------------------------------------------------------------------------------------------
       11|    -0.14    -0.14   -0.132   -0.126   -0.122   -0.119   -0.116   -0.114   -0.111   -0.109   -0.107   -0.105   -0.102     -0.1  -0.0979  -0.0954  -0.0925  -0.0891  -0.0846  -0.0779  -0.0663  -0.0663
       10|    -0.14    -0.14   -0.132   -0.126   -0.122   -0.119   -0.116   -0.114   -0.111   -0.109   -0.107   -0.105   -0.102     -0.1  -0.0979  -0.0954  -0.0925  -0.0891  -0.0846  -0.0779  -0.0663  -0.0663
        9|   -0.131   -0.131   -0.128   -0.125   -0.121   -0.119   -0.116   -0.113   -0.111   -0.109   -0.107   -0.105   -0.102     -0.1   -0.098  -0.0956  -0.0929  -0.0899  -0.0864  -0.0821  -0.0773  -0.0773
        8|   -0.126   -0.126   -0.125   -0.122    -0.12   -0.118   -0.115   -0.113   -0.111   -0.109   -0.107   -0.105   -0.103     -0.1  -0.0983   -0.096  -0.0936   -0.091  -0.0882  -0.0855  -0.0833  -0.0833
        7|   -0.123   -0.123   -0.122    -0.12   -0.119   -0.117   -0.115   -0.113   -0.111   -0.109   -0.107   -0.105   -0.103   -0.101  -0.0986  -0.0965  -0.0944  -0.0923  -0.0902  -0.0883  -0.0872  -0.0872
        6|    -0.12    -0.12    -0.12   -0.119   -0.117   -0.116   -0.114   -0.112    -0.11   -0.108   -0.106   -0.105   -0.103   -0.101   -0.099  -0.0971  -0.0953  -0.0935  -0.0919  -0.0906  -0.0899  -0.0899
        5|   -0.118   -0.118   -0.118   -0.117   -0.116   -0.115   -0.113   -0.112    -0.11   -0.108   -0.106   -0.105   -0.103   -0.101  -0.0994  -0.0977   -0.096  -0.0945  -0.0933  -0.0923  -0.0918  -0.0918
        4|   -0.117   -0.117   -0.117   -0.116   -0.115   -0.114   -0.113   -0.111    -0.11   -0.108   -0.106   -0.105   -0.103   -0.101  -0.0997  -0.0981  -0.0967  -0.0954  -0.0943  -0.0936  -0.0932  -0.0932
        3|   -0.116   -0.116   -0.116   -0.115   -0.115   -0.113   -0.112   -0.111   -0.109   -0.108   -0.106   -0.105   -0.103   -0.101     -0.1  -0.0985  -0.0972   -0.096  -0.0951  -0.0945  -0.0941  -0.0941
        2|   -0.116   -0.116   -0.115   -0.115   -0.114   -0.113   -0.112   -0.111   -0.109   -0.108   -0.106   -0.105   -0.103   -0.102     -0.1  -0.0988  -0.0975  -0.0965  -0.0956   -0.095  -0.0947  -0.0947
        1|   -0.116   -0.116   -0.115   -0.115   -0.114   -0.113   -0.112   -0.111   -0.109   -0.108   -0.106   -0.105   -0.103   -0.102     -0.1  -0.0989  -0.0977  -0.0966  -0.0958  -0.0953   -0.095   -0.095
        0|   -0.114   -0.114   -0.114   -0.113   -0.113   -0.112   -0.111    -0.11   -0.109   -0.107   -0.106   -0.105   -0.103   -0.102   -0.101  -0.0998  -0.0987  -0.0979  -0.0972  -0.0967  -0.0965  -0.0965

F (22x12): 
         |        0        1        2        3        4        5        6        7        8        9       10       11       12       13       14       15       16       17       18       19       20
-------------------------------------------------------------------------------------------------------------------------------------------------------------------------------------------------------------------------
       11|        0     1.96     1.94     1.93     1.92     1.92     1.92     1.92     1.92     1.92     1.92     1.92     1.92     1.92     1.92     1.92     1.92     1.93     1.93     1.95        0
       10|        0   0.0479    0.067   0.0762    0.081   0.0838   0.0855   0.0866   0.0873   0.0877   0.0878   0.0878   0.0875    0.087   0.0862   0.0848   0.0824   0.0782   0.0698   0.0508        0
        9|        0  -0.0172  -0.0178  -0.0154  -0.0132  -0.0115  -0.0103 -0.00951   -0.009 -0.00871 -0.00861 -0.00867 -0.00891 -0.00936  -0.0101  -0.0112  -0.0128  -0.0149   -0.017  -0.0161        0
        8|        0 -0.00887  -0.0125  -0.0132  -0.0129  -0.0123  -0.0117  -0.0112  -0.0109  -0.0107  -0.0107  -0.0108  -0.0109  -0.0113  -0.0118  -0.0124  -0.0132  -0.0138  -0.0136  -0.0102        0
        7|        0 -0.00511 -0.00843    -0.01  -0.0106  -0.0107  -0.0106  -0.0104  -0.0103  -0.0103  -0.0102  -0.0103  -0.0104  -0.0105  -0.0107  -0.0109  -0.0109  -0.0105 -0.00906 -0.00571        0
        6|        0 -0.00336 -0.00604 -0.00776 -0.00874 -0.00925  -0.0095 -0.00961 -0.00966 -0.00967 -0.00968  -0.0097  -0.0097 -0.00969 -0.00963 -0.00944   -0.009 -0.00809 -0.00641 -0.00363        0
        5|        0 -0.00245 -0.00462 -0.00624 -0.00736 -0.00809 -0.00855 -0.00884 -0.00901  -0.0091 -0.00914 -0.00912 -0.00906 -0.00892 -0.00867 -0.00825 -0.00756 -0.00647 -0.00484 -0.00259        0
        4|        0 -0.00194 -0.00375 -0.00524 -0.00637  -0.0072 -0.00778 -0.00818 -0.00843 -0.00858 -0.00863  -0.0086 -0.00848 -0.00825 -0.00788 -0.00733 -0.00652 -0.00539 -0.00389 -0.00202        0
        3|        0 -0.00163 -0.00321 -0.00458 -0.00569 -0.00655  -0.0072 -0.00766 -0.00797 -0.00815 -0.00822 -0.00817 -0.00802 -0.00773 -0.00729 -0.00666  -0.0058 -0.00469 -0.00331 -0.00168        0
        2|        0 -0.00145 -0.00289 -0.00417 -0.00525 -0.00612  -0.0068  -0.0073 -0.00764 -0.00784 -0.00791 -0.00786 -0.00768 -0.00736 -0.00688 -0.00621 -0.00535 -0.00426 -0.00296 -0.00149        0
        1|        0 -0.00137 -0.00276   -0.004 -0.00506 -0.00593 -0.00662 -0.00712 -0.00746 -0.00766 -0.00773 -0.00766 -0.00746 -0.00711 -0.00661 -0.00593 -0.00506   -0.004 -0.00276 -0.00137        0
        0|        0        0        0        0        0        0        0        0        0        0        0        0        0        0        0        0        0        0        0        0        0

G (22x12): 
         |        0        1        2        3        4        5        6        7        8        9       10       11       12       13       14       15       16       17       18       19       20       21
-------------------------------------------------------------------------------------------------------------------------------------------------------------------------------------------------------------------------
       10|        0        0        0        0        0        0        0        0        0        0        0        0        0        0        0        0        0        0        0        0        0        0
        9|  -0.0438   0.0434   0.0192  0.00903  0.00479  0.00277   0.0017  0.00107 0.000667 0.000384  0.00016-4.55e-05-0.000257-0.000513-0.000868 -0.00142 -0.00239 -0.00428  -0.0085  -0.0191  -0.0451   0.0458
        8|  -0.0266   0.0263   0.0184   0.0113  0.00699  0.00442  0.00286  0.00185  0.00117 0.000666  0.00026-0.000111-0.000502-0.000974 -0.00161 -0.00254 -0.00401 -0.00649  -0.0108  -0.0185  -0.0291   0.0291
        7|  -0.0177   0.0176   0.0147   0.0106  0.00736  0.00504  0.00343   0.0023  0.00148 0.000846 0.000317-0.000174-0.000692  -0.0013  -0.0021  -0.0032 -0.00478 -0.00713  -0.0105  -0.0151  -0.0188   0.0189
        6|  -0.0126   0.0125   0.0114  0.00904  0.00679  0.00495  0.00352  0.00244   0.0016  0.00092 0.000338-0.000212-0.000789 -0.00146 -0.00228 -0.00337 -0.00481 -0.00671 -0.00911  -0.0118  -0.0131   0.0132
        5| -0.00921  0.00916  0.00874  0.00733  0.00581  0.00443  0.00327  0.00233  0.00155 0.000903 0.000327-0.000223-0.000796 -0.00144 -0.00222 -0.00317 -0.00436  -0.0058 -0.00742 -0.00898 -0.00951  0.00955
        4| -0.00676  0.00672  0.00657   0.0057   0.0047   0.0037  0.00281  0.00204  0.00138  0.00081 0.000291-0.000211 -0.00073  -0.0013 -0.00197 -0.00275 -0.00367 -0.00471 -0.00579 -0.00673 -0.00693  0.00696
        3| -0.00482   0.0048  0.00476  0.00422  0.00356  0.00288  0.00223  0.00165  0.00113 0.000665 0.000236 -0.00018-0.000609 -0.00108  -0.0016  -0.0022 -0.00287 -0.00358 -0.00428 -0.00486 -0.00492  0.00495
        2| -0.00319  0.00317  0.00318  0.00286  0.00245  0.00201  0.00158  0.00118 0.000818 0.000484  0.00017-0.000137-0.000451-0.000788 -0.00116 -0.00157 -0.00201 -0.00247  -0.0029 -0.00324 -0.00325  0.00326
        1| -0.00174  0.00175  0.00176   0.0016  0.00139  0.00116  0.00092 0.000695 0.000484 0.000287 9.84e-05-8.58e-05-0.000275-0.000472-0.000686-0.000914 -0.00115 -0.00139 -0.00161 -0.00178 -0.00177  0.00177
        0|  -0.0068        0        0        0        0        0        0        0        0        0        0        0        0        0        0        0        0        0        0        0        0  0.00687

rhs (22x12): 
         |        0        1        2        3        4        5        6        7        8        9       10       11       12       13       14       15       16       17       18       19       20       21
-------------------------------------------------------------------------------------------------------------------------------------------------------------------------------------------------------------------------
       11|        0        0        0        0        0        0        0        0        0        0        0        0        0        0        0        0        0        0        0        0        0        0
       10|        0     1.77 -0.00668   0.0366   0.0211   0.0107  0.00638  0.00366  0.00298  0.00211  0.00252  0.00172  0.00243  0.00292  0.00489  0.00724    0.013   0.0234   0.0447   0.0534    -2.25        0
        9|        0  -0.0482   0.0682   0.0403   0.0192   0.0106  0.00567  0.00404  0.00229  0.00223  0.00137  0.00256   0.0025  0.00384  0.00489  0.00872   0.0152   0.0325   0.0732    0.133   0.0226        0
        8|        0  -0.0381 -0.00787  -0.0037-0.000997-0.000743 0.000154-0.000278 0.000348-0.000198 0.000379-0.000151 0.000423-0.000157 0.000375-0.000303-5.18e-05 -0.00158 -0.00415  -0.0134 -0.00582        0
        7|        0   -0.016 -0.00382 -0.00178 -0.00135-0.000246-0.000536 0.000176-0.000319 0.000285-0.000269 0.000302-0.000284 0.000241-0.000418-3.74e-05   -0.001 -0.00127 -0.00349 -0.00516  0.00253        0
        6|        0  -0.0093 -0.00144 -0.00143-0.000391-0.000655 9.42e-05-0.000371 0.000253-0.000286 0.000294-0.000275 0.000278-0.000327 0.000171-0.000533-0.000214 -0.00122 -0.00134 -0.00266  0.00458        0
        5|        0 -0.00585 -0.00124-0.000411-0.000726 2.73e-05-0.000419 0.000224-0.000301 0.000291-0.000268 0.000298-0.000284 0.000256-0.000367 0.000106-0.000622-0.000299  -0.0012 -0.00096  0.00372        0
        4|        0 -0.00476-0.000317-0.000741-1.84e-05-0.000463 0.000194-0.000317 0.000287-0.000262 0.000315-0.000258   0.0003-0.000293 0.000234-0.000406 5.35e-05 -0.00067-0.000294 -0.00103   0.0036        0
        3|        0 -0.00349-0.000706-4.17e-05-0.000503 0.000158-0.000341 0.000276-0.000263 0.000323-0.000238 0.000327-0.000252 0.000297-0.000307 0.000205-0.000446 1.28e-05-0.000684-0.000216  0.00277        0
        2|        0  -0.0122 -0.00893 -0.00871 -0.00708 -0.00644 -0.00463 -0.00397 -0.00223 -0.00172-0.000146 0.000198  0.00163  0.00187  0.00317  0.00326  0.00438  0.00424  0.00511  0.00473  0.00825        0
        1|        0    0.148    0.148     0.14    0.126    0.111   0.0932   0.0747   0.0543   0.0345   0.0133 -0.00704  -0.0287  -0.0495  -0.0713  -0.0916   -0.112    -0.13   -0.145   -0.155   -0.157        0
        0|        0        0        0        0        0        0        0        0        0        0        0        0        0        0        0        0        0        0        0        0        0        0

