t: 1.02071
nCells: 20x10, dx: 0.1, dy: 0.1

u (22x12): 
         |        0        1        2        3        4        5        6        7        8        9       10       11       12       13       14       15       16       17       18       19       20
-------------------------------------------------------------------------------------------------------------------------------------------------------------------------------------------------------------------------
       11|        0     1.93     1.89     1.87     1.86     1.86     1.85     1.85     1.85     1.85     1.85     1.85     1.85     1.85     1.85     1.85     1.85     1.86     1.88     1.92        0
       10|        0   0.0724    0.109    0.128    0.139    0.146     0.15    0.153    0.155    0.156    0.156    0.157    0.156    0.156    0.155    0.152    0.148    0.141    0.124   0.0855        0
        9|        0  -0.0278  -0.0295  -0.0258  -0.0219  -0.0188  -0.0165  -0.0149  -0.0139  -0.0132  -0.0129  -0.0129  -0.0132  -0.0139  -0.0151  -0.0168  -0.0194  -0.0227  -0.0257  -0.0236        0
        8|        0  -0.0143  -0.0217  -0.0239  -0.0239  -0.0231  -0.0223  -0.0216   -0.021  -0.0207  -0.0206  -0.0208  -0.0211  -0.0218  -0.0228  -0.0243  -0.0262  -0.0281  -0.0286  -0.0226        0
        7|        0 -0.00849  -0.0148  -0.0182  -0.0197  -0.0202  -0.0202  -0.0201    -0.02  -0.0199    -0.02  -0.0201  -0.0203  -0.0207  -0.0212  -0.0217  -0.0221  -0.0218  -0.0195  -0.0129        0
        6|        0 -0.00574  -0.0108  -0.0142  -0.0163  -0.0175  -0.0181  -0.0185  -0.0187  -0.0188  -0.0189   -0.019  -0.0191  -0.0191  -0.0191  -0.0189  -0.0183  -0.0167  -0.0135 -0.00778        0
        5|        0 -0.00427 -0.00834  -0.0115  -0.0138  -0.0153  -0.0163   -0.017  -0.0174  -0.0177  -0.0179  -0.0179  -0.0178  -0.0177  -0.0173  -0.0165  -0.0153  -0.0132 -0.00999 -0.00532        0
        4|        0 -0.00343 -0.00685 -0.00972   -0.012  -0.0137  -0.0149  -0.0158  -0.0164  -0.0167  -0.0169  -0.0169  -0.0168  -0.0164  -0.0157  -0.0147  -0.0132  -0.0109  -0.0079 -0.00404        0
        3|        0 -0.00292 -0.00592 -0.00855  -0.0107  -0.0125  -0.0138  -0.0148  -0.0155  -0.0159  -0.0161  -0.0161  -0.0159  -0.0154  -0.0146  -0.0134  -0.0117 -0.00947 -0.00666 -0.00333        0
        2|        0 -0.00264 -0.00537 -0.00784 -0.00997  -0.0117  -0.0131  -0.0141  -0.0149  -0.0154  -0.0156  -0.0155  -0.0152  -0.0147  -0.0138  -0.0125  -0.0108 -0.00859 -0.00594 -0.00294        0
        1|        0 -0.00255 -0.00529 -0.00776 -0.00989  -0.0116   -0.013   -0.014  -0.0147  -0.0151  -0.0153  -0.0151  -0.0147   -0.014  -0.0131  -0.0117 -0.00999 -0.00787 -0.00539 -0.00262        0
        0|        0 -0.00209 -0.00431 -0.00638  -0.0082 -0.00976   -0.011   -0.012  -0.0127  -0.0132  -0.0133  -0.0133  -0.0129  -0.0123  -0.0114  -0.0102 -0.00866 -0.00679 -0.00463 -0.00228        0

v (22x12): 
         |        0        1        2        3        4        5        6        7        8        9       10       11       12       13       14       15       16       17       18       19       20       21
-------------------------------------------------------------------------------------------------------------------------------------------------------------------------------------------------------------------------
       10|        0        0        0        0        0        0        0        0        0        0        0        0        0        0        0        0        0        0        0        0        0        0
        9|  -0.0713   0.0724   0.0367   0.0192   0.0109  0.00663   0.0042  0.00273  0.00178  0.00114  0.00065 0.000232-0.000191-0.000639 -0.00124  -0.0022 -0.00398 -0.00774  -0.0165  -0.0386  -0.0855   0.0837
        8|   -0.044   0.0446    0.035   0.0229   0.0148  0.00972  0.00646  0.00431  0.00284  0.00177 0.000944 0.000223-0.000489 -0.00132  -0.0024 -0.00398 -0.00654   -0.011  -0.0196  -0.0364  -0.0619   0.0602
        7|  -0.0299   0.0304   0.0276   0.0207   0.0149   0.0105   0.0073  0.00503  0.00336  0.00209  0.00104 9.45e-05-0.000872 -0.00199 -0.00343 -0.00544 -0.00842   -0.013  -0.0201  -0.0304  -0.0393   0.0382
        6|  -0.0215   0.0219   0.0213   0.0173   0.0133  0.00995  0.00724  0.00513  0.00349  0.00216  0.00103-2.83e-05 -0.00112 -0.00237 -0.00392 -0.00599 -0.00881  -0.0127  -0.0178  -0.0238  -0.0264   0.0257
        5|  -0.0158   0.0161   0.0163   0.0139   0.0112  0.00874  0.00657  0.00478  0.00329  0.00204 0.000934-0.000114  -0.0012 -0.00243 -0.00392 -0.00578 -0.00816  -0.0111  -0.0146   -0.018  -0.0187   0.0182
        4|  -0.0116   0.0119   0.0122   0.0108  0.00898  0.00719  0.00555   0.0041  0.00286  0.00177 0.000788-0.000163 -0.00115 -0.00224 -0.00352 -0.00507 -0.00692 -0.00906  -0.0114  -0.0134  -0.0133    0.013
        3| -0.00828  0.00844  0.00879  0.00789  0.00673   0.0055  0.00431  0.00323  0.00227  0.00141 0.000603-0.000175-0.000983 -0.00186 -0.00287 -0.00404 -0.00538 -0.00685 -0.00832 -0.00952 -0.00931  0.00909
        2| -0.00541  0.00551   0.0058  0.00526  0.00454  0.00375  0.00298  0.00225  0.00158 0.000971   0.0004-0.000163-0.000739 -0.00137 -0.00206 -0.00285 -0.00372 -0.00463 -0.00551  -0.0062 -0.00598  0.00584
        1| -0.00283  0.00288  0.00306  0.00278  0.00241    0.002  0.00159   0.0012 0.000839 0.000504 0.000183-0.000128-0.000449-0.000788 -0.00116 -0.00157 -0.00201 -0.00245 -0.00287 -0.00318 -0.00304  0.00298
        0|  -0.0123   0.0125   0.0134   0.0126   0.0115   0.0101  0.00848  0.00675  0.00494  0.00308   0.0012-0.000701 -0.00262 -0.00454 -0.00645 -0.00832  -0.0101  -0.0117   -0.013  -0.0139  -0.0131   0.0128

p (22x12): 
         |        0        1        2        3        4        5        6        7        8        9       10       11       12       13       14       15       16       17       18       19       20       21
-------------------------------------------------------------------------------------------------------------------------------------------------------------------------------------------------------------------------
       11|   -0.892   -0.892   -0.885   -0.882   -0.879   -0.876   -0.873   -0.871   -0.869   -0.867   -0.865   -0.863   -0.861   -0.859   -0.856   -0.854   -0.852   -0.848   -0.843   -0.835    -0.82    -0.82
       10|   -0.892   -0.892   -0.885   -0.882   -0.879   -0.876   -0.873   -0.871   -0.869   -0.867   -0.865   -0.863   -0.861   -0.859   -0.856   -0.854   -0.852   -0.848   -0.843   -0.835    -0.82    -0.82
        9|   -0.884   -0.884   -0.883    -0.88   -0.878   -0.875   -0.873   -0.871   -0.868   -0.866   -0.864   -0.863   -0.861   -0.859   -0.857   -0.854   -0.852   -0.849   -0.846    -0.84   -0.834   -0.834
        8|    -0.88    -0.88   -0.879   -0.878   -0.876   -0.874   -0.872    -0.87   -0.868   -0.866   -0.864   -0.862    -0.86   -0.859   -0.857   -0.854   -0.852    -0.85   -0.847   -0.843    -0.84    -0.84
        7|   -0.877   -0.877   -0.877   -0.876   -0.874   -0.873   -0.871   -0.869   -0.868   -0.866   -0.864   -0.862    -0.86   -0.859   -0.857   -0.855   -0.853    -0.85   -0.848   -0.846   -0.845   -0.845
        6|   -0.875   -0.875   -0.875   -0.874   -0.873   -0.872    -0.87   -0.869   -0.867   -0.866   -0.864   -0.862    -0.86   -0.859   -0.857   -0.855   -0.853   -0.851    -0.85   -0.848   -0.847   -0.847
        5|   -0.874   -0.874   -0.873   -0.873   -0.872   -0.871    -0.87   -0.868   -0.867   -0.865   -0.864   -0.862    -0.86   -0.859   -0.857   -0.855   -0.854   -0.852   -0.851    -0.85   -0.849   -0.849
        4|   -0.873   -0.873   -0.872   -0.872   -0.871    -0.87   -0.869   -0.868   -0.866   -0.865   -0.864   -0.862    -0.86   -0.859   -0.857   -0.856   -0.854   -0.853   -0.852   -0.851   -0.851   -0.851
        3|   -0.872   -0.872   -0.872   -0.871   -0.871    -0.87   -0.869   -0.867   -0.866   -0.865   -0.863   -0.862    -0.86   -0.859   -0.858   -0.856   -0.855   -0.854   -0.853   -0.852   -0.852   -0.852
        2|   -0.871   -0.871   -0.871   -0.871    -0.87   -0.869   -0.868   -0.867   -0.866   -0.865   -0.863   -0.862    -0.86   -0.859   -0.858   -0.856   -0.855   -0.854   -0.853   -0.853   -0.852   -0.852
        1|   -0.871   -0.871   -0.871   -0.871    -0.87   -0.869   -0.868   -0.867   -0.866   -0.865   -0.863   -0.862   -0.861   -0.859   -0.858   -0.856   -0.855   -0.854   -0.853   -0.853   -0.853   -0.853
        0|    -0.87    -0.87    -0.87    -0.87   -0.869   -0.868   -0.868   -0.867   -0.865   -0.864   -0.863   -0.862   -0.861   -0.859   -0.858   -0.857   -0.856   -0.855   -0.855   -0.854   -0.854   -0.854

F (22x12): 
         |        0        1        2        3        4        5        6        7        8        9       10       11       12       13       14       15       16       17       18       19       20
-------------------------------------------------------------------------------------------------------------------------------------------------------------------------------------------------------------------------
       11|        0     1.93     1.89     1.87     1.86     1.86     1.85     1.85     1.85     1.85     1.85     1.85     1.85     1.85     1.85     1.85     1.85     1.86     1.88     1.92        0
       10|        0   0.0741     0.11    0.129     0.14    0.147    0.151    0.153    0.155    0.156    0.157    0.157    0.157    0.156    0.155    0.153    0.149    0.142    0.126   0.0894        0
        9|        0  -0.0273  -0.0289  -0.0251  -0.0212  -0.0182  -0.0159  -0.0144  -0.0133  -0.0127  -0.0124  -0.0124  -0.0127  -0.0134  -0.0145  -0.0162  -0.0187  -0.0218  -0.0244  -0.0218        0
        8|        0  -0.0141  -0.0213  -0.0234  -0.0234  -0.0226  -0.0218  -0.0211  -0.0205  -0.0202  -0.0201  -0.0203  -0.0206  -0.0213  -0.0223  -0.0237  -0.0255  -0.0274  -0.0278  -0.0219        0
        7|        0 -0.00837  -0.0145  -0.0178  -0.0193  -0.0197  -0.0198  -0.0197  -0.0196  -0.0195  -0.0195  -0.0196  -0.0198  -0.0202  -0.0207  -0.0212  -0.0216  -0.0212   -0.019  -0.0125        0
        6|        0 -0.00565  -0.0106  -0.0139  -0.0159  -0.0171  -0.0177  -0.0181  -0.0183  -0.0184  -0.0185  -0.0185  -0.0186  -0.0187  -0.0187  -0.0184  -0.0178  -0.0163  -0.0131 -0.00756        0
        5|        0  -0.0042 -0.00818  -0.0113  -0.0135   -0.015   -0.016  -0.0166   -0.017  -0.0173  -0.0174  -0.0175  -0.0174  -0.0172  -0.0168  -0.0161  -0.0149  -0.0129 -0.00972 -0.00518        0
        4|        0 -0.00337 -0.00672 -0.00952  -0.0117  -0.0134  -0.0146  -0.0154   -0.016  -0.0163  -0.0165  -0.0165  -0.0163   -0.016  -0.0153  -0.0143  -0.0128  -0.0107  -0.0077 -0.00394        0
        3|        0 -0.00287  -0.0058 -0.00838  -0.0105  -0.0122  -0.0135  -0.0145  -0.0151  -0.0156  -0.0157  -0.0157  -0.0155   -0.015  -0.0142   -0.013  -0.0114 -0.00923 -0.00649 -0.00325        0
        2|        0 -0.00259 -0.00526 -0.00768 -0.00976  -0.0115  -0.0128  -0.0138  -0.0145   -0.015  -0.0152  -0.0152  -0.0149  -0.0143  -0.0134  -0.0122  -0.0105 -0.00837 -0.00579 -0.00286        0
        1|        0  -0.0025 -0.00519 -0.00761 -0.00968  -0.0114  -0.0127  -0.0137  -0.0144  -0.0148  -0.0149  -0.0148  -0.0144  -0.0137  -0.0127  -0.0114 -0.00972 -0.00766 -0.00524 -0.00255        0
        0|        0        0        0        0        0        0        0        0        0        0        0        0        0        0        0        0        0        0        0        0        0

G (22x12): 
         |        0        1        2        3        4        5        6        7        8        9       10       11       12       13       14       15       16       17       18       19       20       21
-------------------------------------------------------------------------------------------------------------------------------------------------------------------------------------------------------------------------
       10|        0        0        0        0        0        0        0        0        0        0        0        0        0        0        0        0        0        0        0        0        0        0
        9|  -0.0713   0.0705   0.0361   0.0188   0.0107  0.00645  0.00408  0.00264  0.00172  0.00109  0.00062 0.000212-0.000198-0.000637 -0.00123 -0.00216 -0.00389 -0.00751   -0.016  -0.0372   -0.082   0.0837
        8|   -0.044   0.0435   0.0341   0.0223   0.0144  0.00941  0.00624  0.00416  0.00273   0.0017 0.000891 0.000187-0.000512 -0.00133 -0.00239 -0.00396 -0.00648  -0.0109  -0.0193  -0.0357  -0.0602   0.0602
        7|  -0.0299   0.0296   0.0269   0.0202   0.0144   0.0102  0.00708  0.00487  0.00325    0.002 0.000982 6.04e-05-0.000886 -0.00198  -0.0034 -0.00537  -0.0083  -0.0128  -0.0197  -0.0297  -0.0383   0.0382
        6|  -0.0215   0.0214   0.0208   0.0169    0.013  0.00968  0.00703  0.00498  0.00337  0.00208 0.000975-5.68e-05 -0.00112 -0.00235 -0.00387 -0.00589 -0.00865  -0.0124  -0.0174  -0.0232  -0.0257   0.0257
        5|  -0.0158   0.0158   0.0159   0.0136    0.011  0.00851   0.0064  0.00464  0.00319  0.00197 0.000888-0.000136  -0.0012  -0.0024 -0.00386 -0.00568   -0.008  -0.0109  -0.0143  -0.0176  -0.0182   0.0182
        4|  -0.0116   0.0116   0.0119   0.0105  0.00877  0.00701   0.0054  0.00399  0.00277  0.00171 0.000751-0.000179 -0.00114 -0.00221 -0.00346 -0.00497 -0.00677 -0.00886  -0.0111  -0.0131   -0.013    0.013
        3| -0.00828  0.00824   0.0086  0.00771  0.00657  0.00536   0.0042  0.00315   0.0022  0.00136 0.000576-0.000184-0.000974 -0.00184 -0.00282 -0.00396 -0.00527  -0.0067 -0.00813  -0.0093 -0.00906  0.00909
        2| -0.00541  0.00538  0.00567  0.00514  0.00443  0.00366  0.00291  0.00219  0.00154 0.000942 0.000383-0.000167 -0.00073 -0.00134 -0.00202 -0.00279 -0.00364 -0.00453 -0.00538 -0.00605 -0.00582  0.00584
        1| -0.00283  0.00286  0.00305  0.00277   0.0024    0.002  0.00159   0.0012 0.000835   0.0005  0.00018-0.000129-0.000448-0.000784 -0.00115 -0.00155 -0.00199 -0.00242 -0.00283 -0.00314 -0.00299  0.00298
        0|  -0.0123        0        0        0        0        0        0        0        0        0        0        0        0        0        0        0        0        0        0        0        0   0.0128

rhs (22x12): 
         |        0        1        2        3        4        5        6        7        8        9       10       11       12       13       14       15       16       17       18       19       20       21
-------------------------------------------------------------------------------------------------------------------------------------------------------------------------------------------------------------------------
       11|        0        0        0        0        0        0        0        0        0        0        0        0        0        0        0        0        0        0        0        0        0        0
       10|        0     1.37  -0.0634    0.102   0.0759   0.0451   0.0294   0.0177   0.0138  0.00891   0.0094  0.00779  0.00713  0.00708   0.0126   0.0184   0.0361   0.0687    0.132   0.0994    -2.86        0
        9|        0   -0.101    0.168    0.123   0.0677   0.0413   0.0234   0.0172  0.00973  0.00922  0.00529   0.0072   0.0083   0.0125   0.0151   0.0289    0.053     0.12    0.269    0.436    0.031        0
        8|        0  -0.0774  -0.0199  -0.0104  -0.0017 -0.00178  0.00149-0.000654  0.00185-0.000576  0.00184-0.000527  0.00215-0.000201  0.00235 8.73e-05  0.00267 0.000148-0.000982  -0.0304  -0.0358        0
        7|        0  -0.0309  -0.0115 -0.00528  -0.0047-0.000553 -0.00204 0.000884 -0.00128  0.00128 -0.00109  0.00135 -0.00112  0.00117 -0.00155  0.00022 -0.00365 -0.00452  -0.0142  -0.0223  -0.0165        0
        6|        0  -0.0185   -0.004 -0.00491 -0.00103 -0.00246 0.000581 -0.00148  0.00115 -0.00117   0.0013 -0.00112  0.00125  -0.0013 0.000874 -0.00206-0.000622  -0.0049 -0.00559  -0.0111    0.003        0
        5|        0  -0.0107 -0.00421 -0.00106 -0.00269 0.000356 -0.00165  0.00104 -0.00123  0.00129  -0.0011  0.00133 -0.00115  0.00118 -0.00145 0.000615 -0.00245 -0.00105 -0.00495 -0.00378  0.00439        0
        4|        0  -0.0095-0.000704 -0.00272 0.000204 -0.00181  0.00093 -0.00129  0.00127 -0.00108  0.00138 -0.00106  0.00133 -0.00118  0.00109  -0.0016 0.000389 -0.00268 -0.00108 -0.00414  0.00636        0
        3|        0 -0.00604 -0.00258 0.000131 -0.00195 0.000799 -0.00138  0.00122  -0.0011   0.0014-0.000994  0.00143 -0.00103  0.00133 -0.00123 0.000981 -0.00178 0.000201 -0.00277-0.000716  0.00421        0
        2|        0  -0.0263   -0.021  -0.0215  -0.0163  -0.0157  -0.0101 -0.00953 -0.00433 -0.00428 0.000312-0.000268  0.00382  0.00287  0.00656  0.00511  0.00822  0.00613  0.00861  0.00614   0.0143        0
        1|        0    0.138    0.141    0.137    0.125    0.114   0.0969   0.0823   0.0614   0.0443   0.0215  0.00287  -0.0217  -0.0426  -0.0691  -0.0914   -0.118   -0.139   -0.161   -0.172   -0.172        0
        0|        0        0        0        0        0        0        0        0        0        0        0        0        0        0        0        0        0        0        0        0        0        0

