t: 0.226097
nCells: 20x10, dx: 0.1, dy: 0.1

u (22x12): 
         |        0        1        2        3        4        5        6        7        8        9       10       11       12       13       14       15       16       17       18       19       20
-------------------------------------------------------------------------------------------------------------------------------------------------------------------------------------------------------------------------
       11|        0-0.000611 -0.00121 -0.00174  -0.0022 -0.00258 -0.00287 -0.00308 -0.00323 -0.00332 -0.00335 -0.00332 -0.00323 -0.00308 -0.00287 -0.00258  -0.0022 -0.00175 -0.00121-0.000612        0
       10|        0-0.000512 -0.00101 -0.00147 -0.00187 -0.00221 -0.00247 -0.00268 -0.00282  -0.0029 -0.00293 -0.00291 -0.00282 -0.00268 -0.00248 -0.00221 -0.00187 -0.00147 -0.00102-0.000514        0
        9|        0-0.000434 -0.00086 -0.00125  -0.0016  -0.0019 -0.00215 -0.00233 -0.00247 -0.00255 -0.00257 -0.00255 -0.00247 -0.00234 -0.00215 -0.00191 -0.00161 -0.00126-0.000862-0.000435        0
        8|        0-0.000373 -0.00074 -0.00108 -0.00139 -0.00165 -0.00187 -0.00205 -0.00217 -0.00224 -0.00227 -0.00224 -0.00217 -0.00205 -0.00188 -0.00166 -0.00139 -0.00108-0.000741-0.000374        0
        7|        0-0.000324-0.000644-0.000944 -0.00122 -0.00145 -0.00165 -0.00181 -0.00192 -0.00199 -0.00201 -0.00199 -0.00192 -0.00181 -0.00165 -0.00145 -0.00122-0.000945-0.000645-0.000325        0
        6|        0-0.000286-0.000569-0.000835 -0.00108 -0.00129 -0.00147 -0.00161 -0.00171 -0.00178  -0.0018 -0.00178 -0.00171 -0.00161 -0.00147 -0.00129 -0.00108-0.000836-0.000569-0.000286        0
        5|        0-0.000256 -0.00051-0.000749-0.000968 -0.00116 -0.00132 -0.00145 -0.00155 -0.00161 -0.00163 -0.00161 -0.00155 -0.00146 -0.00133 -0.00116-0.000969 -0.00075 -0.00051-0.000256        0
        4|        0-0.000234-0.000465-0.000684-0.000885 -0.00106 -0.00121 -0.00133 -0.00142 -0.00148 -0.00149 -0.00148 -0.00142 -0.00133 -0.00121 -0.00106-0.000886-0.000685-0.000466-0.000234        0
        3|        0-0.000217-0.000433-0.000637-0.000825-0.000991 -0.00113 -0.00125 -0.00133 -0.00138  -0.0014 -0.00138 -0.00133 -0.00125 -0.00113-0.000992-0.000826-0.000638-0.000433-0.000218        0
        2|        0-0.000207-0.000412-0.000607-0.000786-0.000945 -0.00108 -0.00119 -0.00127 -0.00132 -0.00133 -0.00132 -0.00127 -0.00119 -0.00108-0.000945-0.000786-0.000607-0.000412-0.000207        0
        1|        0-0.000198-0.000395-0.000581-0.000753-0.000905 -0.00104 -0.00114 -0.00122 -0.00126 -0.00128 -0.00126 -0.00122 -0.00114 -0.00104-0.000906-0.000753-0.000582-0.000395-0.000198        0
        0|        0 0.000175 0.000348 0.000512 0.000663 0.000798 0.000912    0.001  0.00107  0.00111  0.00113  0.00111  0.00107    0.001 0.000913 0.000798 0.000664 0.000513 0.000348 0.000175        0

v (22x12): 
         |        0        1        2        3        4        5        6        7        8        9       10       11       12       13       14       15       16       17       18       19       20       21
-------------------------------------------------------------------------------------------------------------------------------------------------------------------------------------------------------------------------
       10| -0.00268  0.00304    0.003   0.0028  0.00253   0.0022  0.00183  0.00144  0.00103 0.000622 0.000209-0.000205-0.000618 -0.00103 -0.00144 -0.00183  -0.0022 -0.00253 -0.00281   -0.003 -0.00305  0.00268
        9| -0.00223  0.00253   0.0025  0.00235  0.00213  0.00186  0.00156  0.00123 0.000891 0.000538 0.000181-0.000178-0.000535-0.000888 -0.00123 -0.00156 -0.00186 -0.00213 -0.00235  -0.0025 -0.00253  0.00223
        8| -0.00185   0.0021  0.00207  0.00195  0.00178  0.00157  0.00132  0.00105 0.000758 0.000459 0.000155-0.000152-0.000456-0.000756 -0.00104 -0.00132 -0.00157 -0.00178 -0.00195 -0.00207  -0.0021  0.00185
        7| -0.00152  0.00172  0.00171  0.00161  0.00147   0.0013   0.0011 0.000874 0.000635 0.000385  0.00013-0.000128-0.000384-0.000633-0.000873  -0.0011  -0.0013 -0.00147 -0.00161 -0.00171 -0.00172  0.00152
        6| -0.00123   0.0014  0.00139  0.00131   0.0012  0.00106   0.0009 0.000718 0.000523 0.000318 0.000107-0.000106-0.000316-0.000522-0.000717-0.000899 -0.00106  -0.0012 -0.00131 -0.00139  -0.0014  0.00123
        5| -0.00098  0.00111   0.0011  0.00104 0.000959  0.00085 0.000721 0.000577  0.00042 0.000256 8.61e-05-8.49e-05-0.000255-0.000419-0.000576 -0.00072-0.000849-0.000959 -0.00104  -0.0011 -0.00111  0.00098
        4|-0.000754 0.000856 0.000849 0.000805  0.00074 0.000656 0.000558 0.000446 0.000326 0.000198 6.68e-05 -6.6e-05-0.000197-0.000325-0.000446-0.000557-0.000656 -0.00074-0.000805 -0.00085-0.000856 0.000755
        3|-0.000549 0.000622 0.000618 0.000586 0.000539 0.000478 0.000407 0.000326 0.000238 0.000145 4.88e-05-4.82e-05-0.000144-0.000238-0.000326-0.000407-0.000478-0.000539-0.000586-0.000618-0.000623 0.000549
        2|-0.000357 0.000405 0.000402 0.000381 0.000351 0.000312 0.000265 0.000213 0.000155 9.47e-05 3.19e-05-3.15e-05-9.43e-05-0.000155-0.000212-0.000265-0.000312-0.000351-0.000381-0.000402-0.000405 0.000357
        1|-0.000175 0.000198 0.000197 0.000187 0.000172 0.000153  0.00013 0.000104 7.61e-05 4.64e-05 1.56e-05-1.54e-05-4.62e-05 -7.6e-05-0.000104 -0.00013-0.000153-0.000172-0.000187-0.000197-0.000198 0.000175
        0|        0        0        0        0        0        0        0        0        0        0        0        0        0        0        0        0        0        0        0        0        0        0

p (22x12): 
         |        0        1        2        3        4        5        6        7        8        9       10       11       12       13       14       15       16       17       18       19       20       21
-------------------------------------------------------------------------------------------------------------------------------------------------------------------------------------------------------------------------
       11|  -0.0145  -0.0145  -0.0142  -0.0137  -0.0128  -0.0118  -0.0106 -0.00917 -0.00769 -0.00614 -0.00454 -0.00293 -0.00132 0.000234  0.00172  0.00311  0.00435  0.00541  0.00625  0.00683  0.00712  0.00712
       10|   -0.013   -0.013  -0.0128  -0.0123  -0.0116  -0.0107 -0.00965 -0.00847 -0.00718 -0.00583 -0.00443 -0.00302 -0.00163-0.000268  0.00102  0.00221  0.00327  0.00417  0.00487  0.00536   0.0056   0.0056
        9|  -0.0118  -0.0118  -0.0116  -0.0112  -0.0106 -0.00981  -0.0089 -0.00787 -0.00675 -0.00557 -0.00434 -0.00311 -0.00188-0.000695 0.000428  0.00146  0.00237  0.00315  0.00375  0.00416  0.00436  0.00436
        8|  -0.0108  -0.0108  -0.0106  -0.0102 -0.00972 -0.00906 -0.00826 -0.00737 -0.00638 -0.00534 -0.00427 -0.00318  -0.0021 -0.00106-7.35e-05 0.000828  0.00162  0.00229  0.00281  0.00316  0.00334  0.00334
        7| -0.00992 -0.00992 -0.00977 -0.00946 -0.00901 -0.00843 -0.00774 -0.00694 -0.00608 -0.00516  -0.0042 -0.00324 -0.00228 -0.00136-0.000493   0.0003 0.000998  0.00158  0.00203  0.00234   0.0025   0.0025
        6| -0.00924 -0.00924  -0.0091 -0.00883 -0.00844 -0.00792  -0.0073  -0.0066 -0.00583   -0.005 -0.00415 -0.00329 -0.00243 -0.00161-0.000837-0.000131 0.000488  0.00101  0.00141  0.00168  0.00181  0.00181
        5|  -0.0087  -0.0087 -0.00858 -0.00833 -0.00798 -0.00751 -0.00696 -0.00632 -0.00562 -0.00488 -0.00411 -0.00333 -0.00256 -0.00181 -0.00111-0.000477 8.06e-05 0.000545 0.000904  0.00115  0.00127  0.00127
        4| -0.00828 -0.00828 -0.00817 -0.00795 -0.00762  -0.0072 -0.00669 -0.00611 -0.00547 -0.00478 -0.00408 -0.00336 -0.00265 -0.00197 -0.00133-0.000744-0.000234 0.000191 0.000518  0.00074 0.000851 0.000851
        3| -0.00798 -0.00798 -0.00787 -0.00767 -0.00736 -0.00697 -0.00649 -0.00595 -0.00535 -0.00471 -0.00405 -0.00338 -0.00272 -0.00208 -0.00148-0.000939-0.000463-6.72e-05 0.000238 0.000445 0.000547 0.000547
        2| -0.00778 -0.00778 -0.00768 -0.00748 -0.00719 -0.00682 -0.00637 -0.00585 -0.00528 -0.00467 -0.00404  -0.0034 -0.00276 -0.00216 -0.00158 -0.00107-0.000612-0.000235  5.6e-05 0.000253 0.000351 0.000351
        1| -0.00768 -0.00768 -0.00759  -0.0074 -0.00711 -0.00675  -0.0063  -0.0058 -0.00524 -0.00465 -0.00403  -0.0034 -0.00279 -0.00219 -0.00163 -0.00113-0.000684-0.000316-3.22e-05  0.00016 0.000255 0.000255
        0| -0.00768 -0.00768 -0.00759  -0.0074 -0.00711 -0.00675  -0.0063  -0.0058 -0.00524 -0.00465 -0.00403  -0.0034 -0.00279 -0.00219 -0.00163 -0.00113-0.000684-0.000316-3.22e-05  0.00016 0.000255 0.000255

F (22x12): 
         |        0        1        2        3        4        5        6        7        8        9       10       11       12       13       14       15       16       17       18       19       20
-------------------------------------------------------------------------------------------------------------------------------------------------------------------------------------------------------------------------
       11|        0        0        0        0        0        0        0        0        0        0        0        0        0        0        0        0        0        0        0        0        0
       10|        0-0.000451-0.000891 -0.00129 -0.00164 -0.00194 -0.00217 -0.00235 -0.00248 -0.00255 -0.00258 -0.00255 -0.00248 -0.00236 -0.00218 -0.00194 -0.00165  -0.0013-0.000893-0.000452        0
        9|        0-0.000383-0.000757  -0.0011 -0.00141 -0.00167 -0.00189 -0.00205 -0.00217 -0.00224 -0.00226 -0.00224 -0.00217 -0.00205 -0.00189 -0.00167 -0.00141  -0.0011-0.000758-0.000383        0
        8|        0-0.000329-0.000651-0.000951 -0.00122 -0.00145 -0.00165  -0.0018 -0.00191 -0.00197 -0.00199 -0.00197 -0.00191  -0.0018 -0.00165 -0.00146 -0.00122-0.000953-0.000652-0.000329        0
        7|        0-0.000286-0.000567 -0.00083 -0.00107 -0.00128 -0.00145 -0.00159 -0.00169 -0.00175 -0.00177 -0.00175 -0.00169 -0.00159 -0.00145 -0.00128 -0.00107-0.000831-0.000568-0.000286        0
        6|        0-0.000252  -0.0005-0.000734-0.000947 -0.00113 -0.00129 -0.00142 -0.00151 -0.00156 -0.00158 -0.00156 -0.00151 -0.00142 -0.00129 -0.00114-0.000948-0.000735-0.000501-0.000252        0
        5|        0-0.000226-0.000449-0.000659-0.000852 -0.00102 -0.00116 -0.00128 -0.00136 -0.00141 -0.00143 -0.00141 -0.00136 -0.00128 -0.00117 -0.00102-0.000852-0.000659-0.000449-0.000226        0
        4|        0-0.000206-0.000409-0.000602-0.000778-0.000935 -0.00107 -0.00117 -0.00125  -0.0013 -0.00131  -0.0013 -0.00125 -0.00117 -0.00107-0.000935-0.000779-0.000602-0.000409-0.000206        0
        3|        0-0.000191-0.000381 -0.00056-0.000725-0.000872-0.000996  -0.0011 -0.00117 -0.00121 -0.00123 -0.00121 -0.00117  -0.0011-0.000996-0.000872-0.000726-0.000561-0.000381-0.000192        0
        2|        0-0.000182-0.000363-0.000534-0.000691-0.000831 -0.00095 -0.00104 -0.00111 -0.00116 -0.00117 -0.00116 -0.00111 -0.00105 -0.00095-0.000831-0.000691-0.000534-0.000363-0.000182        0
        1|        0-0.000174-0.000346 -0.00051 -0.00066-0.000794-0.000908-0.000999 -0.00107 -0.00111 -0.00112 -0.00111 -0.00107-0.000999-0.000908-0.000794 -0.00066 -0.00051-0.000346-0.000174        0
        0|        0 0.000175 0.000348 0.000512 0.000663 0.000798 0.000912    0.001  0.00107  0.00111  0.00113  0.00111  0.00107    0.001 0.000913 0.000798 0.000664 0.000513 0.000348 0.000175        0

G (22x12): 
         |        0        1        2        3        4        5        6        7        8        9       10       11       12       13       14       15       16       17       18       19       20       21
-------------------------------------------------------------------------------------------------------------------------------------------------------------------------------------------------------------------------
       10| -0.00268  0.00266  0.00263  0.00246  0.00222  0.00193   0.0016  0.00126 0.000905 0.000545 0.000183 -0.00018-0.000542-0.000902 -0.00126  -0.0016 -0.00193 -0.00222 -0.00246 -0.00263 -0.00266  0.00268
        9| -0.00223  0.00222   0.0022  0.00206  0.00187  0.00164  0.00137  0.00108 0.000782 0.000472 0.000158-0.000157 -0.00047 -0.00078 -0.00108 -0.00137 -0.00164 -0.00187 -0.00206  -0.0022 -0.00222  0.00223
        8| -0.00185  0.00184  0.00182  0.00172  0.00156  0.00138  0.00116 0.000919 0.000665 0.000403 0.000135-0.000134-0.000401-0.000664-0.000918 -0.00116 -0.00138 -0.00156 -0.00172 -0.00182 -0.00184  0.00185
        7| -0.00152  0.00151   0.0015  0.00142  0.00129  0.00114 0.000964 0.000768 0.000558 0.000338 0.000114-0.000113-0.000337-0.000557-0.000767-0.000964 -0.00114 -0.00129 -0.00142  -0.0015 -0.00151  0.00152
        6| -0.00123  0.00123  0.00122  0.00115  0.00106 0.000934 0.000791 0.000631 0.000459 0.000279 9.38e-05-9.29e-05-0.000278-0.000458-0.000631 -0.00079-0.000934 -0.00106 -0.00115 -0.00122 -0.00123  0.00123
        5| -0.00098 0.000975 0.000969 0.000918 0.000842 0.000747 0.000633 0.000506 0.000369 0.000224 7.55e-05-7.48e-05-0.000224-0.000369-0.000506-0.000633-0.000747-0.000843-0.000918 -0.00097-0.000976  0.00098
        4|-0.000754 0.000751 0.000747 0.000707  0.00065 0.000577  0.00049 0.000392 0.000286 0.000174 5.86e-05-5.81e-05-0.000174-0.000286-0.000392 -0.00049-0.000577 -0.00065-0.000707-0.000747-0.000751 0.000755
        3|-0.000549 0.000546 0.000543 0.000515 0.000473 0.000421 0.000358 0.000287 0.000209 0.000127 4.28e-05-4.25e-05-0.000127-0.000209-0.000286-0.000357 -0.00042-0.000473-0.000515-0.000543-0.000546 0.000549
        2|-0.000357 0.000355 0.000354 0.000335 0.000309 0.000274 0.000233 0.000187 0.000137 8.32e-05  2.8e-05-2.78e-05 -8.3e-05-0.000136-0.000187-0.000233-0.000274-0.000309-0.000335-0.000354-0.000355 0.000357
        1|-0.000175 0.000174 0.000173 0.000164 0.000151 0.000134 0.000114 9.18e-05  6.7e-05 4.09e-05 1.37e-05-1.36e-05-4.07e-05-6.69e-05-9.17e-05-0.000114-0.000134-0.000151-0.000164-0.000173-0.000174 0.000175
        0|        0        0        0        0        0        0        0        0        0        0        0        0        0        0        0        0        0        0        0        0        0        0

rhs (22x12): 
         |        0        1        2        3        4        5        6        7        8        9       10       11       12       13       14       15       16       17       18       19       20       21
-------------------------------------------------------------------------------------------------------------------------------------------------------------------------------------------------------------------------
       11|        0        0        0        0        0        0        0        0        0        0        0        0        0        0        0        0        0        0        0        0        0        0
       10|        0 -0.00283 -0.00186 -0.00181 -0.00162 -0.00149 -0.00123 -0.00104-0.000725-0.000492-0.000147 0.000116 0.000498 0.000806  0.00123  0.00156  0.00199  0.00231  0.00267  0.00285  0.00386        0
        9|        0-0.000767-4.62e-05 2.61e-06 -4.3e-05 6.67e-06-3.88e-05 1.05e-05-3.57e-05 1.28e-05-3.43e-05 1.18e-05-3.63e-05 1.01e-05 -3.9e-05 6.47e-06-4.33e-05 1.92e-06-4.77e-05-1.21e-06 0.000733        0
        8|        0-0.000686 8.85e-06-3.77e-05 1.12e-05-3.47e-05 1.44e-05-3.18e-05 1.68e-05   -3e-05 1.79e-05-3.07e-05 1.63e-05-3.21e-05 1.42e-05-3.48e-05  1.1e-05-3.82e-05 7.87e-06-4.05e-05 0.000668        0
        7|        0-0.000559-3.36e-05 1.48e-05-3.16e-05 1.72e-05 -2.9e-05 1.97e-05-2.69e-05 2.13e-05 -2.6e-05 2.07e-05-2.72e-05 1.96e-05 -2.9e-05 1.73e-05-3.16e-05 1.46e-05-3.41e-05 1.28e-05 0.000551        0
        6|        0-0.000524 1.75e-05-2.93e-05 1.93e-05-2.71e-05 2.16e-05-2.49e-05 2.35e-05-2.35e-05 2.43e-05-2.39e-05 2.33e-05-2.49e-05 2.17e-05-2.69e-05 1.94e-05-2.93e-05 1.72e-05-3.09e-05 0.000523        0
        5|        0-0.000433-2.76e-05 2.07e-05-2.59e-05 2.27e-05-2.38e-05 2.47e-05 -2.2e-05 2.61e-05-2.12e-05 2.59e-05 -2.2e-05 2.49e-05-2.35e-05  2.3e-05-2.56e-05 2.08e-05-2.76e-05 1.94e-05 0.000437        0
        4|        0-0.000427 2.17e-05-2.52e-05 2.32e-05-2.33e-05 2.53e-05-2.13e-05  2.7e-05   -2e-05 2.78e-05   -2e-05 2.72e-05 -2.1e-05 2.57e-05-2.28e-05 2.36e-05-2.49e-05 2.18e-05-2.63e-05 0.000434        0
        3|        0-0.000361-2.48e-05 2.34e-05-2.33e-05 2.53e-05-2.12e-05 2.73e-05-1.95e-05 2.86e-05-1.87e-05 2.86e-05-1.93e-05 2.77e-05-2.07e-05 2.58e-05-2.27e-05 2.38e-05-2.46e-05 2.25e-05 0.000371        0
        2|        0-0.000378 2.35e-05-2.35e-05  2.5e-05-2.16e-05 2.69e-05-1.97e-05 2.86e-05-1.84e-05 2.94e-05-1.83e-05  2.9e-05-1.92e-05 2.75e-05 -2.1e-05 2.56e-05 -2.3e-05 2.38e-05-2.43e-05 0.000389        0
        1|        0 2.39e-05 0.000335 0.000354 0.000293 0.000296 0.000221 0.000212 0.000127 0.000111 2.16e-05 2.42e-06-8.78e-05-0.000105-0.000191-0.000202-0.000279-0.000278-0.000341-0.000323-5.23e-08        0
        0|        0        0        0        0        0        0        0        0        0        0        0        0        0        0        0        0        0        0        0        0        0        0

