t: 0.684967
nCells: 20x10, dx: 0.1, dy: 0.1

u (22x12): 
         |        0        1        2        3        4        5        6        7        8        9       10       11       12       13       14       15       16       17       18       19       20
-------------------------------------------------------------------------------------------------------------------------------------------------------------------------------------------------------------------------
       11|        0     1.95     1.92     1.91      1.9      1.9      1.9      1.9     1.89     1.89     1.89     1.89     1.89     1.89      1.9      1.9      1.9     1.91     1.92     1.94        0
       10|        0   0.0557   0.0813   0.0937      0.1    0.104    0.107    0.108    0.109     0.11     0.11     0.11     0.11    0.109    0.108    0.106    0.103   0.0977   0.0862   0.0603        0
        9|        0  -0.0217  -0.0227  -0.0198  -0.0169  -0.0147  -0.0131   -0.012  -0.0113  -0.0109  -0.0108  -0.0108  -0.0111  -0.0117  -0.0126   -0.014  -0.0161  -0.0188  -0.0216  -0.0203        0
        8|        0  -0.0112  -0.0162  -0.0174   -0.017  -0.0163  -0.0156   -0.015  -0.0146  -0.0144  -0.0143  -0.0144  -0.0146  -0.0151  -0.0157  -0.0167  -0.0178  -0.0188  -0.0186  -0.0143        0
        7|        0 -0.00652   -0.011  -0.0131   -0.014  -0.0142  -0.0141   -0.014  -0.0138  -0.0137  -0.0137  -0.0138  -0.0139  -0.0141  -0.0144  -0.0147  -0.0148  -0.0143  -0.0125 -0.00795        0
        6|        0 -0.00432 -0.00788  -0.0102  -0.0116  -0.0123  -0.0127  -0.0128  -0.0129   -0.013   -0.013   -0.013   -0.013   -0.013   -0.013  -0.0127  -0.0122   -0.011 -0.00876 -0.00498        0
        5|        0 -0.00317 -0.00605 -0.00823 -0.00975  -0.0108  -0.0114  -0.0118  -0.0121  -0.0122  -0.0123  -0.0123  -0.0122   -0.012  -0.0117  -0.0111  -0.0102 -0.00878 -0.00658 -0.00351        0
        4|        0 -0.00252 -0.00493 -0.00692 -0.00846 -0.00959  -0.0104  -0.0109  -0.0113  -0.0115  -0.0116  -0.0116  -0.0114  -0.0111  -0.0106 -0.00991 -0.00883 -0.00731 -0.00527 -0.00272        0
        3|        0 -0.00213 -0.00424 -0.00606 -0.00756 -0.00874 -0.00962  -0.0103  -0.0107   -0.011  -0.0111   -0.011  -0.0108  -0.0104 -0.00985 -0.00901 -0.00786 -0.00635 -0.00447 -0.00226        0
        2|        0 -0.00191 -0.00382 -0.00554   -0.007 -0.00818  -0.0091 -0.00979  -0.0103  -0.0105  -0.0107  -0.0106  -0.0104 -0.00995 -0.00931 -0.00842 -0.00725 -0.00577 -0.00401   -0.002        0
        1|        0 -0.00181 -0.00368 -0.00536  -0.0068 -0.00799 -0.00891  -0.0096  -0.0101  -0.0103  -0.0104  -0.0103  -0.0101 -0.00961 -0.00893 -0.00801 -0.00683  -0.0054 -0.00371 -0.00183        0
        0|        0  -0.0015 -0.00305 -0.00447 -0.00572 -0.00678 -0.00763 -0.00828 -0.00875 -0.00903 -0.00913 -0.00906 -0.00882 -0.00838 -0.00775 -0.00691 -0.00586  -0.0046 -0.00315 -0.00156        0

v (22x12): 
         |        0        1        2        3        4        5        6        7        8        9       10       11       12       13       14       15       16       17       18       19       20       21
-------------------------------------------------------------------------------------------------------------------------------------------------------------------------------------------------------------------------
       10|        0        0        0        0        0        0        0        0        0        0        0        0        0        0        0        0        0        0        0        0        0        0
        9|  -0.0541   0.0557   0.0256   0.0124   0.0067  0.00393  0.00243  0.00154 0.000976 0.000582 0.000275-3.33e-06-0.000285-0.000614 -0.00107 -0.00179 -0.00307 -0.00562  -0.0114   -0.026  -0.0603   0.0582
        8|   -0.033    0.034   0.0245   0.0154  0.00962  0.00614  0.00399  0.00261  0.00167 0.000979 0.000431-6.27e-05-0.000574 -0.00119   -0.002  -0.0032 -0.00511 -0.00835  -0.0142  -0.0247  -0.0399   0.0384
        7|  -0.0221   0.0227   0.0195   0.0142  0.00996  0.00687  0.00471  0.00318  0.00207  0.00121 0.000504-0.000148-0.000831 -0.00163 -0.00267 -0.00411 -0.00622 -0.00936   -0.014  -0.0204  -0.0257   0.0247
        6|  -0.0157   0.0162   0.0151    0.012  0.00911  0.00668  0.00478  0.00333   0.0022   0.0013 0.000523-0.000208-0.000969 -0.00185 -0.00294 -0.00438 -0.00631 -0.00889  -0.0122  -0.0159  -0.0177   0.0171
        5|  -0.0115   0.0119   0.0115  0.00973  0.00775  0.00594  0.00441  0.00315  0.00212  0.00126 0.000494-0.000234-0.000993 -0.00185 -0.00288 -0.00416 -0.00576 -0.00771 -0.00994  -0.0121  -0.0127   0.0123
        4| -0.00845  0.00872  0.00866  0.00754  0.00623  0.00494  0.00376  0.00274  0.00187  0.00112 0.000431-0.000231-0.000917 -0.00168 -0.00256 -0.00361 -0.00485 -0.00626 -0.00773 -0.00903 -0.00921  0.00889
        3| -0.00602  0.00621  0.00624  0.00556   0.0047  0.00381  0.00296  0.00219  0.00151 0.000905 0.000342-0.000203-0.000768 -0.00138 -0.00208 -0.00287 -0.00377 -0.00474 -0.00569 -0.00648  -0.0065  0.00628
        2| -0.00395  0.00407  0.00413  0.00373   0.0032  0.00263  0.00207  0.00155  0.00108 0.000645 0.000239-0.000159-0.000567 -0.00101 -0.00149 -0.00203 -0.00262 -0.00323 -0.00381 -0.00427 -0.00424   0.0041
        1| -0.00211  0.00217  0.00222  0.00201  0.00174  0.00145  0.00115 0.000869 0.000605  0.00036 0.000126-0.000102-0.000337-0.000583-0.000852 -0.00114 -0.00145 -0.00176 -0.00205 -0.00227 -0.00223  0.00217
        0| -0.00867  0.00897  0.00927   0.0087  0.00788  0.00688  0.00575  0.00455  0.00329  0.00202 0.000726-0.000572 -0.00187 -0.00317 -0.00445  -0.0057 -0.00688 -0.00794 -0.00881 -0.00941 -0.00915  0.00883

p (22x12): 
         |        0        1        2        3        4        5        6        7        8        9       10       11       12       13       14       15       16       17       18       19       20       21
-------------------------------------------------------------------------------------------------------------------------------------------------------------------------------------------------------------------------
       11|   -0.278   -0.278    -0.27   -0.266   -0.262   -0.259   -0.256   -0.253   -0.251   -0.249   -0.247   -0.244   -0.242    -0.24   -0.238   -0.235   -0.233   -0.229   -0.225   -0.218   -0.205   -0.205
       10|   -0.278   -0.278    -0.27   -0.266   -0.262   -0.259   -0.256   -0.253   -0.251   -0.249   -0.247   -0.244   -0.242    -0.24   -0.238   -0.235   -0.233   -0.229   -0.225   -0.218   -0.205   -0.205
        9|    -0.27    -0.27   -0.267   -0.264   -0.261   -0.258   -0.255   -0.253   -0.251   -0.249   -0.247   -0.244   -0.242    -0.24   -0.238   -0.236   -0.233    -0.23   -0.227   -0.222   -0.217   -0.217
        8|   -0.265   -0.265   -0.264   -0.262   -0.259   -0.257   -0.255   -0.253    -0.25   -0.248   -0.246   -0.244   -0.242    -0.24   -0.238   -0.236   -0.234   -0.231   -0.228   -0.225   -0.223   -0.223
        7|   -0.262   -0.262   -0.261   -0.259   -0.258   -0.256   -0.254   -0.252    -0.25   -0.248   -0.246   -0.244   -0.242    -0.24   -0.238   -0.236   -0.234   -0.232    -0.23   -0.228   -0.227   -0.227
        6|   -0.259   -0.259   -0.259   -0.258   -0.256   -0.255   -0.253   -0.252    -0.25   -0.248   -0.246   -0.244   -0.243   -0.241   -0.239   -0.237   -0.235   -0.233   -0.232    -0.23    -0.23    -0.23
        5|   -0.258   -0.258   -0.257   -0.256   -0.255   -0.254   -0.253   -0.251   -0.249   -0.248   -0.246   -0.244   -0.243   -0.241   -0.239   -0.237   -0.236   -0.234   -0.233   -0.232   -0.232   -0.232
        4|   -0.256   -0.256   -0.256   -0.255   -0.254   -0.253   -0.252   -0.251   -0.249   -0.248   -0.246   -0.244   -0.243   -0.241   -0.239   -0.238   -0.237   -0.235   -0.234   -0.233   -0.233   -0.233
        3|   -0.255   -0.255   -0.255   -0.255   -0.254   -0.253   -0.252    -0.25   -0.249   -0.247   -0.246   -0.244   -0.243   -0.241    -0.24   -0.238   -0.237   -0.236   -0.235   -0.234   -0.234   -0.234
        2|   -0.255   -0.255   -0.255   -0.254   -0.253   -0.252   -0.251    -0.25   -0.249   -0.247   -0.246   -0.244   -0.243   -0.241    -0.24   -0.239   -0.237   -0.236   -0.235   -0.235   -0.235   -0.235
        1|   -0.255   -0.255   -0.255   -0.254   -0.253   -0.252   -0.251    -0.25   -0.249   -0.247   -0.246   -0.244   -0.243   -0.241    -0.24   -0.239   -0.237   -0.236   -0.236   -0.235   -0.235   -0.235
        0|   -0.253   -0.253   -0.253   -0.253   -0.252   -0.251    -0.25   -0.249   -0.248   -0.247   -0.246   -0.244   -0.243   -0.242   -0.241    -0.24   -0.239   -0.238   -0.237   -0.237   -0.236   -0.236

F (22x12): 
         |        0        1        2        3        4        5        6        7        8        9       10       11       12       13       14       15       16       17       18       19       20
-------------------------------------------------------------------------------------------------------------------------------------------------------------------------------------------------------------------------
       11|        0     1.95     1.92     1.91      1.9      1.9      1.9      1.9     1.89     1.89     1.89     1.89     1.89     1.89      1.9      1.9      1.9     1.91     1.92     1.94        0
       10|        0   0.0578   0.0825   0.0946    0.101    0.105    0.107    0.109     0.11     0.11    0.111    0.111     0.11     0.11    0.109    0.107    0.104   0.0988   0.0881   0.0634        0
        9|        0   -0.021  -0.0219   -0.019  -0.0161   -0.014  -0.0125  -0.0114  -0.0108  -0.0104  -0.0103  -0.0103  -0.0106  -0.0111   -0.012  -0.0134  -0.0153  -0.0179  -0.0204   -0.019        0
        8|        0  -0.0109  -0.0157  -0.0168  -0.0164  -0.0157   -0.015  -0.0145  -0.0141  -0.0138  -0.0138  -0.0139  -0.0141  -0.0145  -0.0152  -0.0161  -0.0171  -0.0181  -0.0179  -0.0137        0
        7|        0 -0.00633  -0.0106  -0.0127  -0.0135  -0.0137  -0.0136  -0.0135  -0.0133  -0.0132  -0.0132  -0.0133  -0.0134  -0.0136  -0.0139  -0.0141  -0.0142  -0.0138   -0.012 -0.00763        0
        6|        0  -0.0042 -0.00763 -0.00987  -0.0112  -0.0119  -0.0122  -0.0124  -0.0125  -0.0125  -0.0125  -0.0125  -0.0126  -0.0126  -0.0125  -0.0123  -0.0117  -0.0106 -0.00842 -0.00479        0
        5|        0 -0.00308 -0.00586 -0.00796 -0.00942  -0.0104   -0.011  -0.0114  -0.0116  -0.0118  -0.0118  -0.0118  -0.0117  -0.0116  -0.0113  -0.0107 -0.00985 -0.00845 -0.00633 -0.00338        0
        4|        0 -0.00244 -0.00477 -0.00669 -0.00817 -0.00925    -0.01  -0.0106  -0.0109  -0.0111  -0.0112  -0.0112   -0.011  -0.0107  -0.0103 -0.00954  -0.0085 -0.00703 -0.00507 -0.00262        0
        3|        0 -0.00206  -0.0041 -0.00586  -0.0073 -0.00843 -0.00928  -0.0099  -0.0103  -0.0106  -0.0107  -0.0106  -0.0104    -0.01 -0.00948 -0.00867 -0.00756 -0.00611  -0.0043 -0.00218        0
        2|        0 -0.00185  -0.0037 -0.00535 -0.00676  -0.0079 -0.00878 -0.00944 -0.00989  -0.0102  -0.0103  -0.0102 -0.00999 -0.00958 -0.00896  -0.0081 -0.00697 -0.00556 -0.00386 -0.00193        0
        1|        0 -0.00175 -0.00356 -0.00518 -0.00657  -0.0077 -0.00859 -0.00925  -0.0097 -0.00996    -0.01 -0.00996 -0.00969 -0.00924 -0.00859  -0.0077 -0.00657 -0.00519 -0.00357 -0.00176        0
        0|        0        0        0        0        0        0        0        0        0        0        0        0        0        0        0        0        0        0        0        0        0

G (22x12): 
         |        0        1        2        3        4        5        6        7        8        9       10       11       12       13       14       15       16       17       18       19       20       21
-------------------------------------------------------------------------------------------------------------------------------------------------------------------------------------------------------------------------
       10|        0        0        0        0        0        0        0        0        0        0        0        0        0        0        0        0        0        0        0        0        0        0
        9|  -0.0541   0.0535   0.0248    0.012  0.00646  0.00378  0.00233  0.00148 0.000933 0.000554 0.000258-9.38e-06-0.000281-0.000599 -0.00104 -0.00173 -0.00296 -0.00541  -0.0109  -0.0248  -0.0573   0.0582
        8|   -0.033   0.0327   0.0236   0.0148  0.00922  0.00588  0.00382  0.00249  0.00159 0.000928 0.000401-7.51e-05 -0.00057 -0.00116 -0.00195 -0.00312 -0.00498 -0.00812  -0.0137  -0.0239  -0.0384   0.0384
        7|  -0.0221   0.0219   0.0188   0.0137  0.00957   0.0066  0.00451  0.00304  0.00197  0.00115 0.000472-0.000158-0.000818 -0.00159  -0.0026   -0.004 -0.00603 -0.00906  -0.0135  -0.0197  -0.0246   0.0247
        6|  -0.0157   0.0156   0.0146   0.0116  0.00877  0.00642  0.00459  0.00319  0.00211  0.00124 0.000491-0.000214 -0.00095  -0.0018 -0.00286 -0.00425 -0.00611  -0.0086  -0.0118  -0.0153   -0.017   0.0171
        5|  -0.0115   0.0115   0.0111  0.00938  0.00747  0.00572  0.00424  0.00303  0.00204   0.0012 0.000465-0.000237 -0.00097  -0.0018 -0.00279 -0.00402 -0.00557 -0.00745 -0.00959  -0.0117  -0.0122   0.0123
        4| -0.00845  0.00841  0.00836  0.00728  0.00601  0.00476  0.00362  0.00264   0.0018  0.00107 0.000407-0.000232-0.000894 -0.00163 -0.00248 -0.00349 -0.00469 -0.00604 -0.00746 -0.00871 -0.00886  0.00889
        3| -0.00602  0.00598  0.00603  0.00536  0.00453  0.00367  0.00285  0.00211  0.00145 0.000868 0.000324-0.000203-0.000748 -0.00134 -0.00201 -0.00278 -0.00365 -0.00458  -0.0055 -0.00625 -0.00625  0.00628
        2| -0.00395  0.00393    0.004   0.0036  0.00309  0.00254    0.002   0.0015  0.00104  0.00062 0.000228-0.000158-0.000552-0.000978 -0.00145 -0.00197 -0.00254 -0.00313 -0.00368 -0.00413 -0.00408   0.0041
        1| -0.00211  0.00213  0.00218  0.00198  0.00171  0.00143  0.00113 0.000855 0.000595 0.000354 0.000123-0.000101-0.000332-0.000575-0.000838 -0.00112 -0.00142 -0.00172   -0.002 -0.00221 -0.00218  0.00217
        0| -0.00867        0        0        0        0        0        0        0        0        0        0        0        0        0        0        0        0        0        0        0        0  0.00883

rhs (22x12): 
         |        0        1        2        3        4        5        6        7        8        9       10       11       12       13       14       15       16       17       18       19       20       21
-------------------------------------------------------------------------------------------------------------------------------------------------------------------------------------------------------------------------
       11|        0        0        0        0        0        0        0        0        0        0        0        0        0        0        0        0        0        0        0        0        0        0
       10|        0     1.65  -0.0133   0.0597   0.0368   0.0196   0.0119  0.00691   0.0055  0.00373  0.00425  0.00297  0.00371  0.00419  0.00717   0.0105   0.0194   0.0354   0.0679   0.0705    -2.41        0
        9|        0  -0.0647    0.102   0.0645    0.032   0.0181  0.00981  0.00705  0.00396  0.00386   0.0023  0.00402  0.00401  0.00621  0.00777   0.0142    0.025   0.0544    0.122    0.214    0.025        0
        8|        0  -0.0522  -0.0118 -0.00573 -0.00135 -0.00111  0.00041-0.000423 0.000681 -0.00032 0.000717-0.000247 0.000817 -0.00021 0.000799-0.000328 0.000354 -0.00184 -0.00513  -0.0202  -0.0141        0
        7|        0  -0.0213 -0.00608  -0.0028 -0.00225-0.000347-0.000918 0.000347 -0.00056 0.000529-0.000476 0.000559-0.000498 0.000462-0.000714 3.74e-06 -0.00169 -0.00209 -0.00603 -0.00896-0.000613        0
        6|        0  -0.0124 -0.00222 -0.00237-0.000583 -0.00112  0.00021-0.000648 0.000474-0.000506 0.000543-0.000487 0.000517-0.000571  0.00034-0.000916-0.000314  -0.0021 -0.00229  -0.0046  0.00489        0
        5|        0 -0.00756 -0.00205-0.000613 -0.00123 9.96e-05-0.000728 0.000426 -0.00053 0.000538-0.000475 0.000551-0.000501 0.000481-0.000639 0.000229 -0.00107-0.000471 -0.00209 -0.00161  0.00425        0
        4|        0  -0.0063-0.000454 -0.00126 2.36e-05-0.000802 0.000375-0.000558 0.000531-0.000466 0.000578-0.000458 0.000554-0.000515 0.000443-0.000706 0.000136 -0.00116-0.000469 -0.00178  0.00454        0
        3|        0 -0.00442  -0.0012-1.55e-05 -0.00087 0.000313  -0.0006  0.00051-0.000468 0.000591-0.000426 0.000598-0.000448 0.000549 -0.00054 0.000394-0.000778 6.19e-05 -0.00119-0.000329  0.00334        0
        2|        0  -0.0166  -0.0125  -0.0124 -0.00983 -0.00911 -0.00629 -0.00558 -0.00291 -0.00244-5.24e-05 0.000127  0.00228  0.00228  0.00424  0.00401  0.00568  0.00511  0.00642  0.00555   0.0104        0
        1|        0    0.146    0.146    0.139    0.126    0.112   0.0944   0.0768   0.0562    0.037   0.0154 -0.00457   -0.027  -0.0478  -0.0709  -0.0917   -0.114   -0.132   -0.149    -0.16    -0.16        0
        0|        0        0        0        0        0        0        0        0        0        0        0        0        0        0        0        0        0        0        0        0        0        0

