t: 0.865386
nCells: 20x10, dx: 0.1, dy: 0.1

u (22x12): 
         |        0        1        2        3        4        5        6        7        8        9       10       11       12       13       14       15       16       17       18       19       20
-------------------------------------------------------------------------------------------------------------------------------------------------------------------------------------------------------------------------
       11|        0 -0.00222 -0.00457 -0.00668 -0.00849 -0.00998  -0.0111   -0.012  -0.0126  -0.0129  -0.0131  -0.0129  -0.0126   -0.012  -0.0112    -0.01 -0.00855 -0.00674 -0.00463 -0.00226        0
       10|        0 -0.00183 -0.00375 -0.00553 -0.00709 -0.00842  -0.0095  -0.0103  -0.0109  -0.0113  -0.0114  -0.0114  -0.0111  -0.0105 -0.00974  -0.0087 -0.00737 -0.00578 -0.00395 -0.00195        0
        9|        0 -0.00156  -0.0032 -0.00472 -0.00609 -0.00727 -0.00824   -0.009 -0.00955 -0.00989    -0.01 -0.00995 -0.00966 -0.00916 -0.00844 -0.00748  -0.0063 -0.00491 -0.00334 -0.00164        0
        8|        0 -0.00135 -0.00276 -0.00409 -0.00529 -0.00633  -0.0072  -0.0079 -0.00839 -0.00871 -0.00882 -0.00875 -0.00848 -0.00801 -0.00735 -0.00649 -0.00544 -0.00422 -0.00286  -0.0014        0
        7|        0 -0.00117 -0.00241 -0.00357 -0.00464 -0.00557 -0.00635 -0.00697 -0.00743 -0.00771 -0.00782 -0.00774 -0.00749 -0.00706 -0.00646 -0.00568 -0.00475 -0.00367 -0.00248 -0.00121        0
        6|        0 -0.00104 -0.00213 -0.00317 -0.00411 -0.00495 -0.00566 -0.00622 -0.00664 -0.00689 -0.00699 -0.00692 -0.00668 -0.00629 -0.00574 -0.00504  -0.0042 -0.00324 -0.00218 -0.00107        0
        5|        0-0.000931 -0.00192 -0.00285  -0.0037 -0.00446 -0.00511 -0.00562   -0.006 -0.00623 -0.00632 -0.00625 -0.00604 -0.00567 -0.00517 -0.00453 -0.00377  -0.0029 -0.00195-0.000951        0
        4|        0-0.000852 -0.00175  -0.0026 -0.00339 -0.00409 -0.00468 -0.00516 -0.00551 -0.00573  -0.0058 -0.00574 -0.00554  -0.0052 -0.00473 -0.00414 -0.00344 -0.00264 -0.00178-0.000867        0
        3|        0-0.000793 -0.00163 -0.00243 -0.00316 -0.00382 -0.00438 -0.00482 -0.00515 -0.00536 -0.00543 -0.00537 -0.00518 -0.00485 -0.00441 -0.00386  -0.0032 -0.00246 -0.00166-0.000805        0
        2|        0-0.000755 -0.00155 -0.00231 -0.00301 -0.00364 -0.00417  -0.0046 -0.00491 -0.00511 -0.00517 -0.00512 -0.00493 -0.00462  -0.0042 -0.00367 -0.00304 -0.00234 -0.00157-0.000766        0
        1|        0-0.000679  -0.0014 -0.00209 -0.00272 -0.00328 -0.00377 -0.00415 -0.00444 -0.00461 -0.00468 -0.00462 -0.00446 -0.00418 -0.00379 -0.00331 -0.00275 -0.00211 -0.00142-0.000689        0
        0|        0 0.000663  0.00137  0.00203  0.00265   0.0032  0.00367  0.00405  0.00432  0.00449  0.00456   0.0045  0.00434  0.00407   0.0037  0.00323  0.00268  0.00206  0.00138 0.000672        0

v (22x12): 
         |        0        1        2        3        4        5        6        7        8        9       10       11       12       13       14       15       16       17       18       19       20       21
-------------------------------------------------------------------------------------------------------------------------------------------------------------------------------------------------------------------------
       10|  -0.0107    0.011   0.0115   0.0109  0.00986  0.00862  0.00723  0.00573  0.00418  0.00258 0.000969-0.000659 -0.00229 -0.00393 -0.00555 -0.00713 -0.00863 -0.00997  -0.0111  -0.0118  -0.0113    0.011
        9| -0.00891  0.00914  0.00962  0.00909  0.00829   0.0073  0.00615   0.0049  0.00358  0.00222 0.000821-0.000585   -0.002  -0.0034 -0.00477 -0.00608  -0.0073 -0.00838 -0.00925 -0.00984 -0.00939  0.00913
        8| -0.00739  0.00758  0.00799  0.00756  0.00692  0.00612  0.00518  0.00414  0.00303  0.00188  0.00069-0.000512 -0.00171  -0.0029 -0.00404 -0.00513 -0.00612 -0.00699 -0.00768 -0.00814 -0.00774  0.00754
        7| -0.00607  0.00623  0.00657  0.00624  0.00572  0.00507  0.00431  0.00345  0.00253  0.00157  0.00057-0.000437 -0.00144 -0.00243 -0.00338 -0.00427 -0.00508 -0.00577 -0.00632 -0.00668 -0.00635  0.00618
        6| -0.00493  0.00506  0.00534  0.00507  0.00466  0.00414  0.00352  0.00283  0.00208  0.00128 0.000465-0.000366 -0.00119   -0.002 -0.00277  -0.0035 -0.00414 -0.00469 -0.00513 -0.00541 -0.00514    0.005
        5| -0.00392  0.00402  0.00424  0.00403  0.00371   0.0033  0.00281  0.00226  0.00166  0.00103 0.000369-0.000296-0.000961 -0.00161 -0.00222 -0.00279  -0.0033 -0.00374 -0.00407 -0.00429 -0.00407  0.00397
        4| -0.00301  0.00308  0.00326   0.0031  0.00286  0.00254  0.00217  0.00175  0.00128 0.000792 0.000285-0.000232-0.000744 -0.00124 -0.00172 -0.00216 -0.00254 -0.00287 -0.00313 -0.00329 -0.00312  0.00304
        3| -0.00218  0.00223  0.00236  0.00225  0.00207  0.00185  0.00157  0.00127 0.000931 0.000576 0.000205-0.000169-0.000543-0.000904 -0.00125 -0.00156 -0.00184 -0.00208 -0.00226 -0.00238 -0.00226   0.0022
        2|  -0.0014  0.00144  0.00152  0.00145  0.00134  0.00119  0.00102 0.000818 0.000603 0.000371 0.000133 -0.00011 -0.00035-0.000585-0.000805 -0.00101 -0.00119 -0.00134 -0.00146 -0.00153 -0.00145  0.00141
        1|-0.000666 0.000682 0.000721 0.000688 0.000634 0.000566 0.000483  0.00039 0.000286 0.000178 6.29e-05-5.12e-05-0.000167-0.000277-0.000383-0.000479-0.000565-0.000635-0.000692-0.000727-0.000688 0.000672
        0|        0        0        0        0        0        0        0        0        0        0        0        0        0        0        0        0        0        0        0        0        0        0

p (22x12): 
         |        0        1        2        3        4        5        6        7        8        9       10       11       12       13       14       15       16       17       18       19       20       21
-------------------------------------------------------------------------------------------------------------------------------------------------------------------------------------------------------------------------
       11|   -0.526   -0.526   -0.526   -0.525   -0.525   -0.524   -0.523   -0.521    -0.52   -0.519   -0.517   -0.516   -0.515   -0.513   -0.512    -0.51   -0.509   -0.508   -0.507   -0.507   -0.506   -0.506
       10|   -0.525   -0.525   -0.524   -0.524   -0.523   -0.523   -0.522   -0.521    -0.52   -0.518   -0.517   -0.516   -0.515   -0.514   -0.512   -0.511    -0.51   -0.509   -0.509   -0.508   -0.508   -0.508
        9|   -0.523   -0.523   -0.523   -0.523   -0.522   -0.522   -0.521    -0.52   -0.519   -0.518   -0.517   -0.516   -0.515   -0.514   -0.513   -0.512   -0.511    -0.51    -0.51   -0.509   -0.509   -0.509
        8|   -0.523   -0.523   -0.522   -0.522   -0.522   -0.521    -0.52    -0.52   -0.519   -0.518   -0.517   -0.516   -0.515   -0.514   -0.513   -0.512   -0.512   -0.511   -0.511    -0.51    -0.51    -0.51
        7|   -0.522   -0.522   -0.522   -0.521   -0.521   -0.521    -0.52   -0.519   -0.519   -0.518   -0.517   -0.516   -0.515   -0.514   -0.514   -0.513   -0.512   -0.512   -0.511   -0.511   -0.511   -0.511
        6|   -0.521   -0.521   -0.521   -0.521   -0.521    -0.52    -0.52   -0.519   -0.518   -0.518   -0.517   -0.516   -0.515   -0.515   -0.514   -0.513   -0.513   -0.512   -0.512   -0.512   -0.512   -0.512
        5|   -0.521   -0.521   -0.521    -0.52    -0.52    -0.52   -0.519   -0.519   -0.518   -0.517   -0.517   -0.516   -0.515   -0.515   -0.514   -0.514   -0.513   -0.513   -0.512   -0.512   -0.512   -0.512
        4|    -0.52    -0.52    -0.52    -0.52    -0.52   -0.519   -0.519   -0.519   -0.518   -0.517   -0.517   -0.516   -0.516   -0.515   -0.514   -0.514   -0.513   -0.513   -0.513   -0.512   -0.512   -0.512
        3|    -0.52    -0.52    -0.52    -0.52    -0.52   -0.519   -0.519   -0.518   -0.518   -0.517   -0.517   -0.516   -0.516   -0.515   -0.514   -0.514   -0.514   -0.513   -0.513   -0.513   -0.513   -0.513
        2|    -0.52    -0.52    -0.52    -0.52   -0.519   -0.519   -0.519   -0.518   -0.518   -0.517   -0.517   -0.516   -0.516   -0.515   -0.515   -0.514   -0.514   -0.513   -0.513   -0.513   -0.513   -0.513
        1|    -0.52    -0.52    -0.52    -0.52   -0.519   -0.519   -0.519   -0.518   -0.518   -0.517   -0.517   -0.516   -0.516   -0.515   -0.515   -0.514   -0.514   -0.513   -0.513   -0.513   -0.513   -0.513
        0|    -0.52    -0.52    -0.52    -0.52   -0.519   -0.519   -0.519   -0.518   -0.518   -0.517   -0.517   -0.516   -0.516   -0.515   -0.515   -0.514   -0.514   -0.513   -0.513   -0.513   -0.513   -0.513

F (22x12): 
         |        0        1        2        3        4        5        6        7        8        9       10       11       12       13       14       15       16       17       18       19       20
-------------------------------------------------------------------------------------------------------------------------------------------------------------------------------------------------------------------------
       11|        0        0        0        0        0        0        0        0        0        0        0        0        0        0        0        0        0        0        0        0        0
       10|        0 -0.00179 -0.00366 -0.00538  -0.0069 -0.00819 -0.00923    -0.01  -0.0106   -0.011  -0.0111   -0.011  -0.0107  -0.0102 -0.00946 -0.00844 -0.00716 -0.00561 -0.00384  -0.0019        0
        9|        0 -0.00152 -0.00312  -0.0046 -0.00593 -0.00707 -0.00802 -0.00875 -0.00929 -0.00961 -0.00974 -0.00966 -0.00939  -0.0089 -0.00819 -0.00726 -0.00612 -0.00477 -0.00325 -0.00159        0
        8|        0 -0.00131 -0.00269 -0.00398 -0.00514 -0.00616 -0.00701 -0.00768 -0.00816 -0.00846 -0.00857  -0.0085 -0.00824 -0.00778 -0.00714  -0.0063 -0.00528  -0.0041 -0.00278 -0.00136        0
        7|        0 -0.00114 -0.00235 -0.00348 -0.00451 -0.00541 -0.00618 -0.00678 -0.00722 -0.00749 -0.00759 -0.00752 -0.00728 -0.00686 -0.00627 -0.00552 -0.00461 -0.00357 -0.00241 -0.00118        0
        6|        0 -0.00101 -0.00207 -0.00308   -0.004 -0.00481  -0.0055 -0.00605 -0.00645  -0.0067 -0.00679 -0.00672 -0.00649 -0.00611 -0.00557 -0.00489 -0.00408 -0.00315 -0.00212 -0.00104        0
        5|        0-0.000908 -0.00186 -0.00277  -0.0036 -0.00434 -0.00496 -0.00546 -0.00583 -0.00606 -0.00614 -0.00608 -0.00587 -0.00551 -0.00502  -0.0044 -0.00366 -0.00282  -0.0019-0.000926        0
        4|        0 -0.00083  -0.0017 -0.00253  -0.0033 -0.00398 -0.00455 -0.00502 -0.00535 -0.00557 -0.00564 -0.00558 -0.00538 -0.00505 -0.00459 -0.00402 -0.00334 -0.00257 -0.00173-0.000844        0
        3|        0-0.000773 -0.00159 -0.00236 -0.00308 -0.00371 -0.00425 -0.00469 -0.00501  -0.0052 -0.00527 -0.00521 -0.00503 -0.00472 -0.00429 -0.00375 -0.00311 -0.00239 -0.00161-0.000784        0
        2|        0-0.000736 -0.00151 -0.00225 -0.00293 -0.00354 -0.00405 -0.00447 -0.00477 -0.00496 -0.00503 -0.00497 -0.00479 -0.00449 -0.00408 -0.00357 -0.00296 -0.00227 -0.00153-0.000746        0
        1|        0 -0.00066 -0.00136 -0.00202 -0.00264 -0.00318 -0.00365 -0.00403  -0.0043 -0.00447 -0.00453 -0.00448 -0.00432 -0.00405 -0.00368 -0.00321 -0.00266 -0.00205 -0.00138-0.000669        0
        0|        0 0.000663  0.00137  0.00203  0.00265   0.0032  0.00367  0.00405  0.00432  0.00449  0.00456   0.0045  0.00434  0.00407   0.0037  0.00323  0.00268  0.00206  0.00138 0.000672        0

G (22x12): 
         |        0        1        2        3        4        5        6        7        8        9       10       11       12       13       14       15       16       17       18       19       20       21
-------------------------------------------------------------------------------------------------------------------------------------------------------------------------------------------------------------------------
       10|  -0.0107   0.0106   0.0112   0.0105  0.00957  0.00836  0.00701  0.00555  0.00404  0.00249 0.000925-0.000652 -0.00223 -0.00382 -0.00538 -0.00691 -0.00835 -0.00964  -0.0107  -0.0114  -0.0109    0.011
        9| -0.00891  0.00886  0.00935  0.00883  0.00805  0.00708  0.00597  0.00476  0.00347  0.00214 0.000787-0.000579 -0.00195 -0.00331 -0.00464 -0.00591  -0.0071 -0.00814 -0.00899 -0.00956 -0.00909  0.00913
        8| -0.00739  0.00735  0.00776  0.00735  0.00673  0.00594  0.00503  0.00402  0.00294  0.00181 0.000662-0.000505 -0.00167 -0.00282 -0.00393 -0.00499 -0.00595 -0.00679 -0.00746 -0.00791  -0.0075  0.00754
        7| -0.00607  0.00604  0.00639  0.00606  0.00556  0.00493  0.00418  0.00335  0.00245  0.00152 0.000548 -0.00043 -0.00141 -0.00236 -0.00329 -0.00415 -0.00493 -0.00561 -0.00614 -0.00649 -0.00615  0.00618
        6| -0.00493   0.0049  0.00519  0.00492  0.00453  0.00402  0.00342  0.00274  0.00201  0.00124 0.000447 -0.00036 -0.00116 -0.00195  -0.0027  -0.0034 -0.00403 -0.00456 -0.00498 -0.00526 -0.00498    0.005
        5| -0.00392   0.0039  0.00412  0.00392  0.00361  0.00321  0.00273   0.0022  0.00161 0.000995 0.000355-0.000291-0.000937 -0.00156 -0.00216 -0.00272 -0.00321 -0.00363 -0.00396 -0.00417 -0.00395  0.00397
        4| -0.00301  0.00299  0.00317  0.00301  0.00278  0.00247  0.00211  0.00169  0.00125 0.000767 0.000274-0.000228-0.000725 -0.00121 -0.00167  -0.0021 -0.00247 -0.00279 -0.00304  -0.0032 -0.00303  0.00304
        3| -0.00218  0.00217  0.00229  0.00218  0.00201  0.00179  0.00153  0.00123 0.000904 0.000558 0.000198-0.000166-0.000529 -0.00088 -0.00121 -0.00152 -0.00179 -0.00202  -0.0022 -0.00231 -0.00219   0.0022
        2|  -0.0014  0.00139  0.00148  0.00141   0.0013  0.00116 0.000988 0.000795 0.000585  0.00036 0.000129-0.000108-0.000341 -0.00057-0.000784-0.000983 -0.00116  -0.0013 -0.00142 -0.00149 -0.00141  0.00141
        1|-0.000666 0.000663 0.000702  0.00067 0.000617 0.000551  0.00047 0.000379 0.000278 0.000173 6.08e-05-5.03e-05-0.000163 -0.00027-0.000373-0.000466 -0.00055-0.000619-0.000674-0.000708-0.000669 0.000672
        0|        0        0        0        0        0        0        0        0        0        0        0        0        0        0        0        0        0        0        0        0        0        0

rhs (22x12): 
         |        0        1        2        3        4        5        6        7        8        9       10       11       12       13       14       15       16       17       18       19       20       21
-------------------------------------------------------------------------------------------------------------------------------------------------------------------------------------------------------------------------
       11|        0        0        0        0        0        0        0        0        0        0        0        0        0        0        0        0        0        0        0        0        0        0
       10|        0  -0.0073  -0.0022 -0.00425 -0.00285 -0.00478 -0.00307 -0.00452 -0.00224 -0.00309-0.000179-0.000407  0.00327  0.00399   0.0086   0.0102   0.0154   0.0173   0.0222   0.0229    0.027        0
        9|        0 -0.00247 -0.00114 0.000588  -0.0011 0.000655 -0.00103 0.000722-0.000975 0.000762-0.000952 0.000744-0.000993 0.000705 -0.00105 0.000632 -0.00113  0.00054 -0.00122 0.000511  0.00251        0
        8|        0 -0.00321 0.000711 -0.00101  0.00074-0.000953 0.000795-0.000902 0.000839-0.000869 0.000858-0.000884 0.000826-0.000913 0.000783-0.000968  0.00072 -0.00103 0.000658 -0.00106  0.00347        0
        7|        0 -0.00149-0.000924 0.000806-0.000896 0.000849 -0.00085 0.000893-0.000812 0.000922-0.000795 0.000912 -0.00082 0.000887-0.000855 0.000842-0.000907 0.000789-0.000956  0.00077  0.00189        0
        6|        0 -0.00246 0.000862-0.000854 0.000887-0.000815 0.000928-0.000775 0.000963-0.000749 0.000979-0.000755  0.00096-0.000776 0.000928-0.000816 0.000883-0.000862 0.000841-0.000883  0.00296        0
        5|        0-0.000915 -0.00082 0.000913-0.000794 0.000949-0.000754 0.000987-0.000721  0.00101-0.000705  0.00101-0.000721  0.00099 -0.00075 0.000953-0.000792 0.000911 -0.00083 0.000892  0.00149        0
        4|        0 -0.00202 0.000935-0.000781 0.000959-0.000746 0.000997-0.000708  0.00103-0.000683  0.00105-0.000684  0.00103-0.000703    0.001-0.000738 0.000965-0.000778 0.000929  -0.0008  0.00264        0
        3|        0-0.000596-0.000771 0.000963-0.000745 0.000997-0.000708  0.00103-0.000675  0.00106 -0.00066  0.00106 -0.00067  0.00104-0.000698  0.00101-0.000737 0.000968-0.000772 0.000948  0.00125        0
        2|        0  -0.0018 0.000971-0.000748 0.000993-0.000716  0.00103-0.000682  0.00106-0.000658  0.00107-0.000654  0.00106-0.000672  0.00104-0.000705    0.001-0.000742 0.000969-0.000763  0.00248        0
        1|        0 0.000998  0.00111  0.00235 0.000959  0.00213 0.000691  0.00182 0.000332  0.00142-9.12e-05 0.000975-0.000548  0.00052-0.000994 9.49e-05 -0.00138-0.000246 -0.00166-0.000444 0.000129        0
        0|        0        0        0        0        0        0        0        0        0        0        0        0        0        0        0        0        0        0        0        0        0        0

