t: 0.352726
nCells: 20x10, dx: 0.1, dy: 0.1

u (22x12): 
         |        0        1        2        3        4        5        6        7        8        9       10       11       12       13       14       15       16       17       18       19       20
-------------------------------------------------------------------------------------------------------------------------------------------------------------------------------------------------------------------------
       11|        0-0.000965 -0.00192 -0.00278 -0.00352 -0.00412 -0.00459 -0.00494 -0.00517 -0.00531 -0.00536 -0.00531 -0.00518 -0.00494 -0.00459 -0.00412 -0.00352 -0.00279 -0.00193-0.000968        0
       10|        0-0.000807 -0.00161 -0.00234 -0.00298 -0.00352 -0.00395 -0.00428 -0.00451 -0.00465 -0.00469 -0.00465 -0.00452 -0.00429 -0.00397 -0.00354   -0.003 -0.00236 -0.00162-0.000814        0
        9|        0-0.000685 -0.00137   -0.002 -0.00256 -0.00304 -0.00343 -0.00373 -0.00395 -0.00408 -0.00412 -0.00408 -0.00395 -0.00374 -0.00344 -0.00305 -0.00257 -0.00201 -0.00137 -0.00069        0
        8|        0-0.000589 -0.00118 -0.00172 -0.00222 -0.00264 -0.00299 -0.00327 -0.00347 -0.00359 -0.00363 -0.00359 -0.00347 -0.00328   -0.003 -0.00265 -0.00222 -0.00173 -0.00118-0.000592        0
        7|        0-0.000512 -0.00102  -0.0015 -0.00194 -0.00232 -0.00264 -0.00289 -0.00307 -0.00318 -0.00322 -0.00318 -0.00307 -0.00289 -0.00264 -0.00233 -0.00195 -0.00151 -0.00103-0.000514        0
        6|        0-0.000452-0.000904 -0.00133 -0.00172 -0.00206 -0.00235 -0.00258 -0.00274 -0.00284 -0.00287 -0.00284 -0.00274 -0.00258 -0.00235 -0.00207 -0.00172 -0.00133-0.000907-0.000454        0
        5|        0-0.000405-0.000811 -0.00119 -0.00155 -0.00186 -0.00212 -0.00233 -0.00248 -0.00257  -0.0026 -0.00257 -0.00248 -0.00233 -0.00212 -0.00186 -0.00155  -0.0012-0.000813-0.000406        0
        4|        0-0.000369 -0.00074 -0.00109 -0.00141  -0.0017 -0.00194 -0.00213 -0.00227 -0.00236 -0.00239 -0.00236 -0.00228 -0.00214 -0.00194  -0.0017 -0.00142 -0.00109-0.000742 -0.00037        0
        3|        0-0.000343-0.000689 -0.00102 -0.00132 -0.00158 -0.00181 -0.00199 -0.00213 -0.00221 -0.00223 -0.00221 -0.00213 -0.00199 -0.00181 -0.00159 -0.00132 -0.00102 -0.00069-0.000344        0
        2|        0-0.000327-0.000656-0.000968 -0.00125 -0.00151 -0.00173  -0.0019 -0.00203 -0.00211 -0.00213 -0.00211 -0.00203  -0.0019 -0.00173 -0.00151 -0.00126-0.000969-0.000657-0.000328        0
        1|        0-0.000309 -0.00062-0.000916 -0.00119 -0.00143 -0.00164  -0.0018 -0.00192 -0.00199 -0.00202   -0.002 -0.00192  -0.0018 -0.00164 -0.00143 -0.00119-0.000917-0.000622 -0.00031        0
        0|        0 0.000288 0.000576  0.00085   0.0011  0.00133  0.00152  0.00167  0.00178  0.00185  0.00187  0.00185  0.00178  0.00167  0.00152  0.00133   0.0011 0.000851 0.000577 0.000288        0

v (22x12): 
         |        0        1        2        3        4        5        6        7        8        9       10       11       12       13       14       15       16       17       18       19       20       21
-------------------------------------------------------------------------------------------------------------------------------------------------------------------------------------------------------------------------
       10| -0.00445   0.0048  0.00479  0.00449  0.00405  0.00353  0.00294  0.00231  0.00166    0.001 0.000342-0.000322-0.000986 -0.00165  -0.0023 -0.00293 -0.00353 -0.00406  -0.0045 -0.00481 -0.00482  0.00447
        9| -0.00371  0.00399  0.00399  0.00375  0.00341  0.00299   0.0025  0.00198  0.00143 0.000868 0.000295 -0.00028-0.000854 -0.00142 -0.00197  -0.0025 -0.00299 -0.00341 -0.00376 -0.00401 -0.00401  0.00372
        8| -0.00307  0.00331  0.00331  0.00312  0.00285  0.00251  0.00211  0.00168  0.00122 0.000739 0.000251 -0.00024-0.000728 -0.00121 -0.00167 -0.00211 -0.00251 -0.00285 -0.00313 -0.00332 -0.00332  0.00308
        7| -0.00252  0.00272  0.00273  0.00258  0.00236  0.00208  0.00176   0.0014  0.00102  0.00062 0.000211-0.000202-0.000612 -0.00101  -0.0014 -0.00176 -0.00208 -0.00236 -0.00258 -0.00273 -0.00273  0.00253
        6| -0.00205  0.00221  0.00221   0.0021  0.00192   0.0017  0.00144  0.00115 0.000839 0.000511 0.000174-0.000167-0.000505-0.000834 -0.00115 -0.00144  -0.0017 -0.00192  -0.0021 -0.00222 -0.00221  0.00205
        5| -0.00163  0.00175  0.00176  0.00167  0.00153  0.00136  0.00115 0.000924 0.000674 0.000411 0.000139-0.000134-0.000406 -0.00067-0.000921 -0.00115 -0.00136 -0.00153 -0.00167 -0.00176 -0.00176  0.00163
        4| -0.00125  0.00135  0.00136  0.00129  0.00118  0.00105 0.000892 0.000715 0.000522 0.000318 0.000108-0.000105-0.000315-0.000519-0.000713-0.000891 -0.00105 -0.00118 -0.00129 -0.00136 -0.00135  0.00125
        3| -0.00091  0.00098 0.000985 0.000935  0.00086 0.000764  0.00065 0.000521 0.000381 0.000232 7.88e-05-7.63e-05 -0.00023-0.000379 -0.00052-0.000649-0.000764 -0.00086-0.000935-0.000986-0.000982 0.000911
        2|-0.000591 0.000637  0.00064 0.000607 0.000559 0.000497 0.000423 0.000339 0.000248 0.000151 5.15e-05-4.98e-05 -0.00015-0.000247-0.000338-0.000423-0.000497-0.000559-0.000608-0.000641-0.000637 0.000592
        1|-0.000288  0.00031 0.000311 0.000295 0.000272 0.000242 0.000206 0.000165 0.000121 7.39e-05  2.5e-05-2.41e-05-7.31e-05 -0.00012-0.000165-0.000206-0.000242-0.000272-0.000296-0.000311 -0.00031 0.000288
        0|        0        0        0        0        0        0        0        0        0        0        0        0        0        0        0        0        0        0        0        0        0        0

p (22x12): 
         |        0        1        2        3        4        5        6        7        8        9       10       11       12       13       14       15       16       17       18       19       20       21
-------------------------------------------------------------------------------------------------------------------------------------------------------------------------------------------------------------------------
       11|   -0.035   -0.035  -0.0348  -0.0342  -0.0334  -0.0324  -0.0312  -0.0299  -0.0284  -0.0269  -0.0253  -0.0237  -0.0222  -0.0206  -0.0192  -0.0178  -0.0166  -0.0155  -0.0147  -0.0141  -0.0139  -0.0139
       10|  -0.0336  -0.0336  -0.0333  -0.0329  -0.0322  -0.0313  -0.0303  -0.0292  -0.0279  -0.0266  -0.0252  -0.0238  -0.0225  -0.0211  -0.0199  -0.0187  -0.0177  -0.0168  -0.0161  -0.0156  -0.0154  -0.0154
        9|  -0.0324  -0.0324  -0.0322  -0.0318  -0.0312  -0.0305  -0.0296  -0.0286  -0.0275  -0.0263  -0.0251  -0.0239  -0.0227  -0.0216  -0.0205  -0.0194  -0.0185  -0.0178  -0.0172  -0.0168  -0.0166  -0.0166
        8|  -0.0314  -0.0314  -0.0312  -0.0309  -0.0304  -0.0297  -0.0289  -0.0281  -0.0271  -0.0261   -0.025   -0.024  -0.0229  -0.0219  -0.0209  -0.0201  -0.0193  -0.0186  -0.0181  -0.0178  -0.0176  -0.0176
        7|  -0.0305  -0.0305  -0.0304  -0.0301  -0.0297  -0.0291  -0.0284  -0.0277  -0.0268  -0.0259   -0.025   -0.024  -0.0231  -0.0222  -0.0213  -0.0206  -0.0199  -0.0193  -0.0189  -0.0186  -0.0184  -0.0184
        6|  -0.0299  -0.0299  -0.0297  -0.0295  -0.0291  -0.0286   -0.028  -0.0273  -0.0266  -0.0258  -0.0249  -0.0241  -0.0232  -0.0224  -0.0217   -0.021  -0.0204  -0.0199  -0.0195  -0.0192  -0.0191  -0.0191
        5|  -0.0293  -0.0293  -0.0292   -0.029  -0.0287  -0.0282  -0.0277   -0.027  -0.0264  -0.0256  -0.0249  -0.0241  -0.0234  -0.0226   -0.022  -0.0213  -0.0208  -0.0203    -0.02  -0.0197  -0.0196  -0.0196
        4|  -0.0289  -0.0289  -0.0288  -0.0286  -0.0283  -0.0279  -0.0274  -0.0268  -0.0262  -0.0255  -0.0248  -0.0241  -0.0235  -0.0228  -0.0222  -0.0216  -0.0211  -0.0207  -0.0204  -0.0201    -0.02    -0.02
        3|  -0.0286  -0.0286  -0.0285  -0.0283  -0.0281  -0.0277  -0.0272  -0.0267  -0.0261  -0.0255  -0.0248  -0.0242  -0.0235  -0.0229  -0.0223  -0.0218  -0.0213  -0.0209  -0.0206  -0.0204  -0.0203  -0.0203
        2|  -0.0285  -0.0285  -0.0284  -0.0282  -0.0279  -0.0275  -0.0271  -0.0266   -0.026  -0.0254  -0.0248  -0.0242  -0.0236   -0.023  -0.0224  -0.0219  -0.0215  -0.0211  -0.0208  -0.0206  -0.0205  -0.0205
        1|  -0.0284  -0.0284  -0.0283  -0.0281  -0.0278  -0.0275   -0.027  -0.0265   -0.026  -0.0254  -0.0248  -0.0242  -0.0236   -0.023  -0.0225   -0.022  -0.0215  -0.0212  -0.0209  -0.0207  -0.0206  -0.0206
        0|  -0.0284  -0.0284  -0.0283  -0.0281  -0.0278  -0.0275   -0.027  -0.0265   -0.026  -0.0254  -0.0248  -0.0242  -0.0236   -0.023  -0.0225   -0.022  -0.0215  -0.0212  -0.0209  -0.0207  -0.0206  -0.0206

F (22x12): 
         |        0        1        2        3        4        5        6        7        8        9       10       11       12       13       14       15       16       17       18       19       20
-------------------------------------------------------------------------------------------------------------------------------------------------------------------------------------------------------------------------
       11|        0        0        0        0        0        0        0        0        0        0        0        0        0        0        0        0        0        0        0        0        0
       10|        0 -0.00075 -0.00149 -0.00217 -0.00276 -0.00326 -0.00366 -0.00396 -0.00418  -0.0043 -0.00434 -0.00431 -0.00418 -0.00397 -0.00367 -0.00327 -0.00277 -0.00218  -0.0015-0.000755        0
        9|        0-0.000636 -0.00127 -0.00185 -0.00237 -0.00281 -0.00317 -0.00345 -0.00365 -0.00377 -0.00381 -0.00377 -0.00366 -0.00346 -0.00318 -0.00282 -0.00238 -0.00186 -0.00127 -0.00064        0
        8|        0-0.000546 -0.00109  -0.0016 -0.00205 -0.00245 -0.00277 -0.00303 -0.00321 -0.00332 -0.00336 -0.00332 -0.00321 -0.00303 -0.00278 -0.00245 -0.00206  -0.0016 -0.00109-0.000549        0
        7|        0-0.000475-0.000949 -0.00139  -0.0018 -0.00215 -0.00244 -0.00267 -0.00284 -0.00294 -0.00298 -0.00294 -0.00284 -0.00268 -0.00245 -0.00215  -0.0018  -0.0014-0.000952-0.000477        0
        6|        0-0.000419-0.000838 -0.00123 -0.00159 -0.00191 -0.00217 -0.00238 -0.00254 -0.00263 -0.00266 -0.00263 -0.00254 -0.00239 -0.00218 -0.00191  -0.0016 -0.00124 -0.00084-0.000421        0
        5|        0-0.000376-0.000751 -0.00111 -0.00143 -0.00172 -0.00196 -0.00215 -0.00229 -0.00238 -0.00241 -0.00238  -0.0023 -0.00216 -0.00196 -0.00172 -0.00143 -0.00111-0.000753-0.000377        0
        4|        0-0.000343-0.000686 -0.00101 -0.00131 -0.00157  -0.0018 -0.00197  -0.0021 -0.00218 -0.00221 -0.00218 -0.00211 -0.00198  -0.0018 -0.00157 -0.00131 -0.00101-0.000687-0.000343        0
        3|        0-0.000319-0.000638-0.000941 -0.00122 -0.00147 -0.00168 -0.00184 -0.00197 -0.00204 -0.00207 -0.00204 -0.00197 -0.00185 -0.00168 -0.00147 -0.00122-0.000942-0.000639-0.000319        0
        2|        0-0.000303-0.000608-0.000896 -0.00116  -0.0014  -0.0016 -0.00176 -0.00188 -0.00195 -0.00197 -0.00195 -0.00188 -0.00176  -0.0016  -0.0014 -0.00116-0.000897-0.000608-0.000304        0
        1|        0-0.000286-0.000573-0.000846  -0.0011 -0.00132 -0.00151 -0.00166 -0.00177 -0.00184 -0.00186 -0.00184 -0.00177 -0.00166 -0.00151 -0.00132  -0.0011-0.000847-0.000574-0.000287        0
        0|        0 0.000288 0.000576  0.00085   0.0011  0.00133  0.00152  0.00167  0.00178  0.00185  0.00187  0.00185  0.00178  0.00167  0.00152  0.00133   0.0011 0.000851 0.000577 0.000288        0

G (22x12): 
         |        0        1        2        3        4        5        6        7        8        9       10       11       12       13       14       15       16       17       18       19       20       21
-------------------------------------------------------------------------------------------------------------------------------------------------------------------------------------------------------------------------
       10| -0.00445  0.00442  0.00443  0.00414  0.00374  0.00326  0.00271  0.00213  0.00153 0.000925 0.000313  -0.0003-0.000912 -0.00152 -0.00212  -0.0027 -0.00325 -0.00374 -0.00415 -0.00444 -0.00443  0.00447
        9| -0.00371  0.00369   0.0037  0.00347  0.00316  0.00276  0.00232  0.00183  0.00132 0.000801 0.000271-0.000261-0.000791 -0.00132 -0.00183 -0.00231 -0.00276 -0.00316 -0.00348 -0.00371  -0.0037  0.00372
        8| -0.00307  0.00305  0.00307  0.00289  0.00264  0.00232  0.00195  0.00155  0.00113 0.000683 0.000231-0.000223-0.000675 -0.00112 -0.00155 -0.00195 -0.00232 -0.00264  -0.0029 -0.00307 -0.00306  0.00308
        7| -0.00252  0.00251  0.00252  0.00238  0.00218  0.00193  0.00163   0.0013 0.000943 0.000573 0.000194-0.000188-0.000567-0.000938 -0.00129 -0.00163 -0.00193 -0.00218 -0.00239 -0.00253 -0.00252  0.00253
        6| -0.00205  0.00204  0.00205  0.00194  0.00178  0.00157  0.00133  0.00107 0.000776 0.000472  0.00016-0.000155-0.000468-0.000772 -0.00106 -0.00133 -0.00157 -0.00178 -0.00194 -0.00205 -0.00204  0.00205
        5| -0.00163  0.00162  0.00163  0.00155  0.00142  0.00126  0.00107 0.000854 0.000623 0.000379 0.000128-0.000125-0.000376 -0.00062-0.000852 -0.00107 -0.00126 -0.00142 -0.00155 -0.00163 -0.00162  0.00163
        4| -0.00125  0.00125  0.00126  0.00119  0.00109 0.000971 0.000826 0.000661 0.000483 0.000294 9.97e-05-9.71e-05-0.000292-0.000481 -0.00066-0.000825-0.000971 -0.00109 -0.00119 -0.00126 -0.00125  0.00125
        3| -0.00091 0.000906 0.000912 0.000865 0.000796 0.000707 0.000602 0.000483 0.000352 0.000215 7.27e-05-7.09e-05-0.000213-0.000351-0.000481-0.000601-0.000707-0.000796-0.000866-0.000913-0.000907 0.000911
        2|-0.000591 0.000588 0.000593 0.000562 0.000518  0.00046 0.000392 0.000314  0.00023  0.00014 4.75e-05-4.63e-05-0.000139-0.000229-0.000314-0.000391 -0.00046-0.000518-0.000563-0.000593-0.000589 0.000592
        1|-0.000288 0.000286 0.000289 0.000274 0.000252 0.000224 0.000191 0.000153 0.000112 6.84e-05 2.31e-05-2.25e-05-6.78e-05-0.000111-0.000153-0.000191-0.000224-0.000252-0.000274-0.000289-0.000287 0.000288
        0|        0        0        0        0        0        0        0        0        0        0        0        0        0        0        0        0        0        0        0        0        0        0

rhs (22x12): 
         |        0        1        2        3        4        5        6        7        8        9       10       11       12       13       14       15       16       17       18       19       20       21
-------------------------------------------------------------------------------------------------------------------------------------------------------------------------------------------------------------------------
       11|        0        0        0        0        0        0        0        0        0        0        0        0        0        0        0        0        0        0        0        0        0        0
       10|        0 -0.00448 -0.00282 -0.00291 -0.00254 -0.00249 -0.00199 -0.00182 -0.00121-0.000935-0.000222 0.000143 0.000968  0.00147  0.00241  0.00301  0.00402   0.0046  0.00548   0.0058  0.00754        0
        9|        0 -0.00124-0.000153 4.61e-05-0.000145 5.74e-05-0.000133 6.82e-05-0.000124 7.47e-05 -0.00012 7.19e-05-0.000126 6.69e-05-0.000134 5.66e-05-0.000146 4.36e-05-0.000159 3.57e-05  0.00118        0
        8|        0 -0.00118 6.41e-05 -0.00013 7.04e-05-0.000121 7.93e-05-0.000113 8.62e-05-0.000108 8.94e-05 -0.00011 8.48e-05-0.000114 7.87e-05-0.000122 6.96e-05-0.000132 6.06e-05-0.000137  0.00117        0
        7|        0-0.000876-0.000118 8.05e-05-0.000113 8.75e-05-0.000105 9.44e-05-9.93e-05 9.89e-05-9.67e-05 9.73e-05  -0.0001  9.4e-05-0.000105 8.75e-05-0.000113 7.98e-05 -0.00012 7.52e-05 0.000888        0
        6|        0-0.000901 8.86e-05-0.000106 9.32e-05-9.99e-05 9.98e-05-9.37e-05 0.000105-8.96e-05 0.000108-9.06e-05 0.000105-9.36e-05   0.0001-9.94e-05 9.36e-05-0.000106 8.74e-05 -0.00011 0.000932        0
        5|        0-0.000659-0.000101 9.72e-05-9.66e-05 0.000103-9.05e-05 0.000109-8.53e-05 0.000113 -8.3e-05 0.000112-8.54e-05 0.000109-8.96e-05 0.000104-9.58e-05 9.76e-05-0.000101 9.38e-05 0.000703        0
        4|        0-0.000735   0.0001-9.46e-05 0.000104-8.91e-05  0.00011-8.34e-05 0.000115-7.96e-05 0.000118-7.98e-05 0.000116-8.25e-05 0.000112-8.78e-05 0.000106-9.37e-05   0.0001-9.76e-05 0.000789        0
        3|        0-0.000537-9.32e-05 0.000105 -8.9e-05  0.00011-8.32e-05 0.000116-7.83e-05  0.00012 -7.6e-05  0.00012-7.76e-05 0.000117-8.17e-05 0.000112-8.75e-05 0.000106-9.27e-05 0.000103 0.000597        0
        2|        0-0.000651 0.000106-8.95e-05  0.00011-8.44e-05 0.000115 -7.9e-05  0.00012-7.53e-05 0.000122-7.49e-05 0.000121-7.75e-05 0.000117-8.26e-05 0.000111-8.82e-05 0.000106-9.19e-05 0.000715        0
        1|        0 0.000107 0.000539 0.000659  0.00047 0.000564 0.000352 0.000426 0.000198 0.000259  2.2e-05 7.78e-05-0.000161-0.000103-0.000336-0.000267-0.000484-0.000396-0.000589-0.000473 8.52e-06        0
        0|        0        0        0        0        0        0        0        0        0        0        0        0        0        0        0        0        0        0        0        0        0        0

