t: 1.15053
nCells: 20x10, dx: 0.1, dy: 0.1

u (22x12): 
         |        0        1        2        3        4        5        6        7        8        9       10       11       12       13       14       15       16       17       18       19       20
-------------------------------------------------------------------------------------------------------------------------------------------------------------------------------------------------------------------------
       11|        0  -0.0028 -0.00587 -0.00864   -0.011   -0.013  -0.0145  -0.0157  -0.0164  -0.0169   -0.017  -0.0169  -0.0165  -0.0157  -0.0146  -0.0131  -0.0112 -0.00879 -0.00601  -0.0029        0
       10|        0 -0.00228 -0.00475 -0.00704 -0.00908  -0.0108  -0.0122  -0.0134  -0.0142  -0.0147  -0.0149  -0.0149  -0.0145  -0.0138  -0.0128  -0.0115 -0.00972 -0.00762  -0.0052 -0.00256        0
        9|        0 -0.00195 -0.00406 -0.00603 -0.00782 -0.00936  -0.0106  -0.0117  -0.0124  -0.0129  -0.0131   -0.013  -0.0127   -0.012  -0.0111 -0.00984  -0.0083 -0.00646 -0.00439 -0.00213        0
        8|        0 -0.00169 -0.00351 -0.00523 -0.00679 -0.00816 -0.00931  -0.0102  -0.0109  -0.0113  -0.0115  -0.0114  -0.0111  -0.0105 -0.00964 -0.00852 -0.00714 -0.00554 -0.00374 -0.00181        0
        7|        0 -0.00147 -0.00307 -0.00458 -0.00597 -0.00718 -0.00821 -0.00904 -0.00965    -0.01  -0.0102  -0.0101 -0.00979 -0.00924 -0.00846 -0.00745 -0.00622 -0.00481 -0.00324 -0.00156        0
        6|        0 -0.00131 -0.00272 -0.00407  -0.0053 -0.00639 -0.00732 -0.00807 -0.00862 -0.00897  -0.0091 -0.00902 -0.00873 -0.00822 -0.00751 -0.00659 -0.00549 -0.00423 -0.00284 -0.00137        0
        5|        0 -0.00117 -0.00245 -0.00366 -0.00478 -0.00577 -0.00661 -0.00729  -0.0078 -0.00811 -0.00823 -0.00816 -0.00788 -0.00741 -0.00675 -0.00592 -0.00492 -0.00378 -0.00254 -0.00122        0
        4|        0 -0.00108 -0.00224 -0.00335 -0.00438 -0.00529 -0.00607  -0.0067 -0.00716 -0.00745 -0.00756 -0.00749 -0.00723 -0.00679 -0.00618  -0.0054 -0.00448 -0.00345 -0.00231 -0.00111        0
        3|        0   -0.001 -0.00209 -0.00313 -0.00409 -0.00494 -0.00568 -0.00626  -0.0067 -0.00697 -0.00707   -0.007 -0.00675 -0.00634 -0.00576 -0.00503 -0.00418  -0.0032 -0.00215 -0.00103        0
        2|        0-0.000955 -0.00199 -0.00298 -0.00389 -0.00471  -0.0054 -0.00597 -0.00638 -0.00664 -0.00674 -0.00667 -0.00643 -0.00603 -0.00548 -0.00478 -0.00396 -0.00304 -0.00203-0.000978        0
        1|        0-0.000834 -0.00175 -0.00262 -0.00342 -0.00414 -0.00476 -0.00525 -0.00562 -0.00585 -0.00594 -0.00587 -0.00566 -0.00531 -0.00482 -0.00421 -0.00349 -0.00267 -0.00179-0.000856        0
        0|        0 0.000822  0.00172  0.00257  0.00336  0.00407  0.00467  0.00516  0.00552  0.00574  0.00583  0.00576  0.00556  0.00521  0.00473  0.00413  0.00343  0.00262  0.00176 0.000842        0

v (22x12): 
         |        0        1        2        3        4        5        6        7        8        9       10       11       12       13       14       15       16       17       18       19       20       21
-------------------------------------------------------------------------------------------------------------------------------------------------------------------------------------------------------------------------
       10|  -0.0135   0.0138   0.0149   0.0141   0.0128   0.0113   0.0095  0.00758  0.00558  0.00352  0.00142 -0.00071 -0.00286 -0.00502 -0.00717 -0.00928  -0.0113  -0.0131  -0.0146  -0.0156  -0.0146   0.0143
        9|  -0.0113   0.0115   0.0124   0.0118   0.0108  0.00953  0.00807  0.00647  0.00477    0.003  0.00119-0.000649  -0.0025 -0.00435 -0.00617 -0.00792 -0.00955   -0.011  -0.0122  -0.0129   -0.012   0.0118
        8| -0.00936  0.00953   0.0103  0.00981  0.00901  0.00798  0.00679  0.00546  0.00403  0.00253 0.000988-0.000583 -0.00216 -0.00372 -0.00524 -0.00668   -0.008 -0.00916  -0.0101  -0.0107 -0.00991  0.00972
        7|  -0.0077  0.00784  0.00849  0.00809  0.00744  0.00661  0.00564  0.00454  0.00335   0.0021 0.000808-0.000506 -0.00183 -0.00312 -0.00438 -0.00556 -0.00663 -0.00755 -0.00829 -0.00875 -0.00811  0.00795
        6| -0.00625  0.00636   0.0069  0.00657  0.00606  0.00539  0.00461  0.00371  0.00275  0.00172 0.000654-0.000431 -0.00151 -0.00258  -0.0036 -0.00455 -0.00541 -0.00614 -0.00671 -0.00708 -0.00655  0.00642
        5| -0.00497  0.00506  0.00548  0.00523  0.00482   0.0043  0.00367  0.00297  0.00219  0.00137 0.000515-0.000352 -0.00122 -0.00207 -0.00288 -0.00363 -0.00431 -0.00488 -0.00533 -0.00561 -0.00518  0.00509
        4| -0.00381  0.00388  0.00421  0.00401  0.00371  0.00331  0.00283  0.00228  0.00169  0.00105 0.000395-0.000278-0.000946  -0.0016 -0.00222  -0.0028 -0.00331 -0.00375 -0.00408  -0.0043 -0.00396  0.00389
        3| -0.00275   0.0028  0.00304   0.0029  0.00268  0.00239  0.00205  0.00166  0.00122 0.000764 0.000283-0.000202 -0.00069 -0.00116 -0.00161 -0.00203  -0.0024  -0.0027 -0.00295  -0.0031 -0.00286  0.00281
        2| -0.00176  0.00179  0.00195  0.00186  0.00172  0.00154  0.00132  0.00106 0.000788 0.000489 0.000183-0.000132-0.000442-0.000749 -0.00104  -0.0013 -0.00154 -0.00174 -0.00189 -0.00199 -0.00183   0.0018
        1|-0.000827  0.00084 0.000913 0.000874 0.000806 0.000722 0.000617 0.000501 0.000369 0.000232 8.53e-05-5.96e-05-0.000208-0.000349-0.000486-0.000609-0.000721-0.000811-0.000885-0.000927-0.000855 0.000841
        0|        0        0        0        0        0        0        0        0        0        0        0        0        0        0        0        0        0        0        0        0        0        0

p (22x12): 
         |        0        1        2        3        4        5        6        7        8        9       10       11       12       13       14       15       16       17       18       19       20       21
-------------------------------------------------------------------------------------------------------------------------------------------------------------------------------------------------------------------------
       11|    -1.25    -1.25    -1.25    -1.25    -1.25    -1.25    -1.25    -1.25    -1.25    -1.24    -1.24    -1.24    -1.24    -1.24    -1.24    -1.24    -1.24    -1.23    -1.23    -1.23    -1.23    -1.23
       10|    -1.25    -1.25    -1.25    -1.25    -1.25    -1.25    -1.25    -1.25    -1.25    -1.24    -1.24    -1.24    -1.24    -1.24    -1.24    -1.24    -1.24    -1.24    -1.24    -1.23    -1.23    -1.23
        9|    -1.25    -1.25    -1.25    -1.25    -1.25    -1.25    -1.25    -1.25    -1.25    -1.24    -1.24    -1.24    -1.24    -1.24    -1.24    -1.24    -1.24    -1.24    -1.24    -1.24    -1.24    -1.24
        8|    -1.25    -1.25    -1.25    -1.25    -1.25    -1.25    -1.25    -1.25    -1.24    -1.24    -1.24    -1.24    -1.24    -1.24    -1.24    -1.24    -1.24    -1.24    -1.24    -1.24    -1.24    -1.24
        7|    -1.25    -1.25    -1.25    -1.25    -1.25    -1.25    -1.25    -1.25    -1.24    -1.24    -1.24    -1.24    -1.24    -1.24    -1.24    -1.24    -1.24    -1.24    -1.24    -1.24    -1.24    -1.24
        6|    -1.25    -1.25    -1.25    -1.25    -1.25    -1.25    -1.25    -1.24    -1.24    -1.24    -1.24    -1.24    -1.24    -1.24    -1.24    -1.24    -1.24    -1.24    -1.24    -1.24    -1.24    -1.24
        5|    -1.25    -1.25    -1.25    -1.25    -1.25    -1.25    -1.25    -1.24    -1.24    -1.24    -1.24    -1.24    -1.24    -1.24    -1.24    -1.24    -1.24    -1.24    -1.24    -1.24    -1.24    -1.24
        4|    -1.25    -1.25    -1.25    -1.25    -1.25    -1.25    -1.24    -1.24    -1.24    -1.24    -1.24    -1.24    -1.24    -1.24    -1.24    -1.24    -1.24    -1.24    -1.24    -1.24    -1.24    -1.24
        3|    -1.25    -1.25    -1.25    -1.25    -1.25    -1.25    -1.24    -1.24    -1.24    -1.24    -1.24    -1.24    -1.24    -1.24    -1.24    -1.24    -1.24    -1.24    -1.24    -1.24    -1.24    -1.24
        2|    -1.25    -1.25    -1.25    -1.25    -1.25    -1.25    -1.24    -1.24    -1.24    -1.24    -1.24    -1.24    -1.24    -1.24    -1.24    -1.24    -1.24    -1.24    -1.24    -1.24    -1.24    -1.24
        1|    -1.25    -1.25    -1.25    -1.25    -1.25    -1.25    -1.24    -1.24    -1.24    -1.24    -1.24    -1.24    -1.24    -1.24    -1.24    -1.24    -1.24    -1.24    -1.24    -1.24    -1.24    -1.24
        0|    -1.25    -1.25    -1.25    -1.25    -1.25    -1.25    -1.24    -1.24    -1.24    -1.24    -1.24    -1.24    -1.24    -1.24    -1.24    -1.24    -1.24    -1.24    -1.24    -1.24    -1.24    -1.24

F (22x12): 
         |        0        1        2        3        4        5        6        7        8        9       10       11       12       13       14       15       16       17       18       19       20
-------------------------------------------------------------------------------------------------------------------------------------------------------------------------------------------------------------------------
       11|        0        0        0        0        0        0        0        0        0        0        0        0        0        0        0        0        0        0        0        0        0
       10|        0 -0.00224 -0.00466 -0.00692 -0.00891  -0.0106   -0.012  -0.0131  -0.0139  -0.0144  -0.0146  -0.0145  -0.0142  -0.0135  -0.0125  -0.0112 -0.00951 -0.00746 -0.00509  -0.0025        0
        9|        0 -0.00192 -0.00399 -0.00592 -0.00767 -0.00917  -0.0104  -0.0114  -0.0121  -0.0126  -0.0128  -0.0127  -0.0124  -0.0118  -0.0108 -0.00963 -0.00812 -0.00632 -0.00429 -0.00209        0
        8|        0 -0.00166 -0.00345 -0.00513 -0.00666   -0.008 -0.00912    -0.01  -0.0107  -0.0111  -0.0113  -0.0112  -0.0109  -0.0103 -0.00943 -0.00834 -0.00699 -0.00542 -0.00366 -0.00177        0
        7|        0 -0.00145 -0.00302  -0.0045 -0.00585 -0.00704 -0.00805 -0.00886 -0.00945 -0.00982 -0.00998 -0.00989 -0.00959 -0.00905 -0.00828 -0.00729 -0.00609  -0.0047 -0.00317 -0.00153        0
        6|        0 -0.00129 -0.00267 -0.00399  -0.0052 -0.00627 -0.00718 -0.00791 -0.00844 -0.00878 -0.00891 -0.00884 -0.00855 -0.00805 -0.00735 -0.00645 -0.00537 -0.00414 -0.00278 -0.00134        0
        5|        0 -0.00115  -0.0024 -0.00359 -0.00468 -0.00565 -0.00648 -0.00715 -0.00764 -0.00794 -0.00806 -0.00799 -0.00772 -0.00725 -0.00661 -0.00579 -0.00482  -0.0037 -0.00249  -0.0012        0
        4|        0 -0.00106  -0.0022 -0.00329 -0.00429 -0.00519 -0.00595 -0.00656 -0.00702  -0.0073  -0.0074 -0.00733 -0.00708 -0.00665 -0.00605 -0.00529 -0.00439 -0.00337 -0.00226 -0.00109        0
        3|        0-0.000985 -0.00205 -0.00307 -0.00401 -0.00485 -0.00556 -0.00614 -0.00657 -0.00683 -0.00693 -0.00685 -0.00661  -0.0062 -0.00564 -0.00493 -0.00409 -0.00314  -0.0021 -0.00101        0
        2|        0-0.000938 -0.00195 -0.00292 -0.00381 -0.00461 -0.00529 -0.00585 -0.00625 -0.00651  -0.0066 -0.00653 -0.00629  -0.0059 -0.00536 -0.00468 -0.00388 -0.00298 -0.00199 -0.00096        0
        1|        0-0.000818 -0.00171 -0.00256 -0.00335 -0.00405 -0.00465 -0.00513 -0.00549 -0.00571  -0.0058 -0.00573 -0.00553 -0.00518 -0.00471 -0.00411 -0.00341 -0.00261 -0.00175-0.000838        0
        0|        0 0.000822  0.00172  0.00257  0.00336  0.00407  0.00467  0.00516  0.00552  0.00574  0.00583  0.00576  0.00556  0.00521  0.00473  0.00413  0.00343  0.00262  0.00176 0.000842        0

G (22x12): 
         |        0        1        2        3        4        5        6        7        8        9       10       11       12       13       14       15       16       17       18       19       20       21
-------------------------------------------------------------------------------------------------------------------------------------------------------------------------------------------------------------------------
       10|  -0.0135   0.0134   0.0146   0.0138   0.0125    0.011  0.00928   0.0074  0.00543  0.00341  0.00136-0.000717 -0.00281 -0.00492 -0.00701 -0.00906   -0.011  -0.0127  -0.0142  -0.0152  -0.0142   0.0143
        9|  -0.0113   0.0112   0.0122   0.0115   0.0106  0.00932  0.00789  0.00632  0.00465  0.00292  0.00115-0.000654 -0.00247 -0.00427 -0.00605 -0.00776 -0.00936  -0.0108  -0.0119  -0.0127  -0.0118   0.0118
        8| -0.00936  0.00931   0.0101   0.0096  0.00882  0.00781  0.00664  0.00533  0.00393  0.00246 0.000954-0.000584 -0.00212 -0.00365 -0.00514 -0.00655 -0.00784 -0.00897 -0.00987  -0.0105 -0.00968  0.00972
        7|  -0.0077  0.00766  0.00832  0.00792  0.00728  0.00647  0.00551  0.00444  0.00327  0.00205 0.000781-0.000505  -0.0018 -0.00307  -0.0043 -0.00545  -0.0065  -0.0074 -0.00811 -0.00857 -0.00792  0.00795
        6| -0.00625  0.00622  0.00676  0.00644  0.00593  0.00528  0.00451  0.00363  0.00268  0.00167 0.000633-0.000429 -0.00149 -0.00253 -0.00353 -0.00446  -0.0053 -0.00601 -0.00658 -0.00693  -0.0064  0.00642
        5| -0.00497  0.00494  0.00537  0.00512  0.00472  0.00421   0.0036   0.0029  0.00214  0.00134 0.000499 -0.00035  -0.0012 -0.00203 -0.00283 -0.00356 -0.00422 -0.00478 -0.00522 -0.00549 -0.00506  0.00509
        4| -0.00381  0.00379  0.00412  0.00393  0.00363  0.00324  0.00277  0.00223  0.00165  0.00103 0.000383-0.000276 -0.00093 -0.00157 -0.00218 -0.00274 -0.00324 -0.00367   -0.004 -0.00421 -0.00387  0.00389
        3| -0.00275  0.00274  0.00298  0.00284  0.00263  0.00235    0.002  0.00162   0.0012 0.000746 0.000275-0.000201-0.000678 -0.00114 -0.00158 -0.00199 -0.00235 -0.00265 -0.00289 -0.00303 -0.00279  0.00281
        2| -0.00176  0.00175  0.00191  0.00182  0.00169  0.00151  0.00129  0.00104  0.00077 0.000478 0.000178-0.000131-0.000435-0.000735 -0.00102 -0.00128 -0.00151  -0.0017 -0.00185 -0.00195 -0.00179   0.0018
        1|-0.000827 0.000823 0.000896 0.000858 0.000791 0.000708 0.000605 0.000491 0.000361 0.000227  8.3e-05-5.93e-05-0.000205-0.000343-0.000478-0.000598-0.000708-0.000797-0.000869 -0.00091-0.000837 0.000841
        0|        0        0        0        0        0        0        0        0        0        0        0        0        0        0        0        0        0        0        0        0        0        0

rhs (22x12): 
         |        0        1        2        3        4        5        6        7        8        9       10       11       12       13       14       15       16       17       18       19       20       21
-------------------------------------------------------------------------------------------------------------------------------------------------------------------------------------------------------------------------
       11|        0        0        0        0        0        0        0        0        0        0        0        0        0        0        0        0        0        0        0        0        0        0
       10|        0 -0.00703 0.000674 -0.00322 -0.00104 -0.00498 -0.00244 -0.00569 -0.00225 -0.00449 8.46e-06 -0.00116  0.00469   0.0052   0.0127   0.0148   0.0236   0.0263   0.0348   0.0356   0.0403        0
        9|        0 -0.00268 -0.00199  0.00112 -0.00194  0.00122 -0.00182  0.00133 -0.00173   0.0014 -0.00169  0.00137 -0.00177  0.00129 -0.00187  0.00115 -0.00203 0.000986 -0.00219 0.000955    0.003        0
        8|        0  -0.0043  0.00133 -0.00177  0.00137 -0.00169  0.00146  -0.0016  0.00153 -0.00155  0.00156 -0.00158   0.0015 -0.00163  0.00143 -0.00173  0.00131 -0.00185   0.0012 -0.00188  0.00493        0
        7|        0 -0.00141 -0.00163  0.00148 -0.00159  0.00155 -0.00151  0.00163 -0.00145  0.00167 -0.00142  0.00166 -0.00147  0.00161 -0.00153  0.00153 -0.00162  0.00143 -0.00171  0.00141  0.00226        0
        6|        0 -0.00331  0.00158 -0.00152  0.00162 -0.00145  0.00169 -0.00139  0.00175 -0.00134  0.00177 -0.00135  0.00174 -0.00139  0.00168 -0.00146   0.0016 -0.00155  0.00153 -0.00157  0.00431        0
        5|        0-0.000651 -0.00146  0.00166 -0.00142  0.00172 -0.00135  0.00179 -0.00129  0.00183 -0.00127  0.00183 -0.00129  0.00179 -0.00135  0.00173 -0.00142  0.00165 -0.00149  0.00162  0.00176        0
        4|        0 -0.00274   0.0017  -0.0014  0.00174 -0.00134   0.0018 -0.00127  0.00186 -0.00123  0.00189 -0.00123  0.00187 -0.00126  0.00182 -0.00133  0.00175  -0.0014  0.00168 -0.00143  0.00392        0
        3|        0-0.000234 -0.00138  0.00175 -0.00134   0.0018 -0.00127  0.00187 -0.00122  0.00191 -0.00119  0.00191 -0.00121  0.00188 -0.00125  0.00182 -0.00132  0.00175 -0.00138  0.00172  0.00146        0
        2|        0 -0.00245  0.00176 -0.00134   0.0018 -0.00129  0.00186 -0.00123  0.00191 -0.00119  0.00193 -0.00118  0.00192 -0.00121  0.00188 -0.00127  0.00181 -0.00133  0.00176 -0.00137  0.00371        0
        1|        0  0.00182  0.00128  0.00354   0.0011  0.00328 0.000767  0.00289 0.000318  0.00239-0.000219  0.00182 -0.00081  0.00123  -0.0014 0.000664 -0.00192 0.000207 -0.00229-5.19e-05 0.000254        0
        0|        0        0        0        0        0        0        0        0        0        0        0        0        0        0        0        0        0        0        0        0        0        0

