t: 0.42903
nCells: 20x10, dx: 0.1, dy: 0.1

u (22x12): 
         |        0        1        2        3        4        5        6        7        8        9       10       11       12       13       14       15       16       17       18       19       20
-------------------------------------------------------------------------------------------------------------------------------------------------------------------------------------------------------------------------
       11|        0 -0.00117 -0.00234 -0.00339 -0.00429 -0.00503 -0.00561 -0.00603 -0.00632 -0.00649 -0.00655 -0.00649 -0.00633 -0.00603 -0.00561 -0.00503  -0.0043  -0.0034 -0.00235 -0.00117        0
       10|        0-0.000978 -0.00195 -0.00285 -0.00363 -0.00429 -0.00482 -0.00523 -0.00551 -0.00568 -0.00574 -0.00569 -0.00553 -0.00525 -0.00485 -0.00432 -0.00367 -0.00288 -0.00198-0.000991        0
        9|        0 -0.00083 -0.00166 -0.00243 -0.00312  -0.0037 -0.00418 -0.00456 -0.00482 -0.00498 -0.00503 -0.00499 -0.00483 -0.00457 -0.00421 -0.00373 -0.00314 -0.00245 -0.00168-0.000839        0
        8|        0-0.000713 -0.00143  -0.0021  -0.0027 -0.00322 -0.00365 -0.00399 -0.00424 -0.00438 -0.00443 -0.00439 -0.00425 -0.00401 -0.00367 -0.00324 -0.00272 -0.00211 -0.00144-0.000719        0
        7|        0 -0.00062 -0.00125 -0.00183 -0.00237 -0.00283 -0.00322 -0.00353 -0.00375 -0.00388 -0.00393 -0.00389 -0.00376 -0.00354 -0.00323 -0.00284 -0.00238 -0.00184 -0.00125-0.000625        0
        6|        0-0.000548  -0.0011 -0.00162  -0.0021 -0.00251 -0.00287 -0.00314 -0.00335 -0.00347 -0.00351 -0.00347 -0.00335 -0.00315 -0.00287 -0.00252 -0.00211 -0.00163 -0.00111-0.000551        0
        5|        0-0.000491-0.000987 -0.00146 -0.00188 -0.00226 -0.00258 -0.00284 -0.00303 -0.00314 -0.00318 -0.00314 -0.00303 -0.00285 -0.00259 -0.00227 -0.00189 -0.00146-0.000991-0.000493        0
        4|        0-0.000448  -0.0009 -0.00133 -0.00172 -0.00207 -0.00237  -0.0026 -0.00278 -0.00288 -0.00292 -0.00288 -0.00278 -0.00261 -0.00237 -0.00208 -0.00173 -0.00133-0.000904 -0.00045        0
        3|        0-0.000417-0.000839 -0.00124 -0.00161 -0.00193 -0.00221 -0.00243  -0.0026 -0.00269 -0.00273  -0.0027  -0.0026 -0.00244 -0.00222 -0.00194 -0.00161 -0.00124-0.000841-0.000418        0
        2|        0-0.000397-0.000798 -0.00118 -0.00153 -0.00184 -0.00211 -0.00232 -0.00248 -0.00257  -0.0026 -0.00257 -0.00248 -0.00232 -0.00211 -0.00185 -0.00153 -0.00118  -0.0008-0.000398        0
        1|        0-0.000372 -0.00075 -0.00111 -0.00144 -0.00173 -0.00198 -0.00218 -0.00233 -0.00242 -0.00245 -0.00242 -0.00233 -0.00219 -0.00199 -0.00174 -0.00144 -0.00111-0.000752-0.000373        0
        0|        0 0.000352 0.000707  0.00104  0.00136  0.00163  0.00187  0.00206  0.00219  0.00228  0.00231  0.00228   0.0022  0.00206  0.00187  0.00163  0.00136  0.00105 0.000709 0.000353        0

v (22x12): 
         |        0        1        2        3        4        5        6        7        8        9       10       11       12       13       14       15       16       17       18       19       20       21
-------------------------------------------------------------------------------------------------------------------------------------------------------------------------------------------------------------------------
       10| -0.00548  0.00581  0.00585  0.00548  0.00495  0.00431   0.0036  0.00283  0.00204  0.00123 0.000425-0.000388  -0.0012 -0.00201 -0.00281 -0.00358 -0.00431 -0.00496  -0.0055 -0.00589 -0.00585  0.00551
        9| -0.00456  0.00484  0.00488  0.00459  0.00417  0.00365  0.00306  0.00243  0.00176  0.00107 0.000366-0.000338 -0.00104 -0.00173 -0.00241 -0.00306 -0.00365 -0.00418  -0.0046  -0.0049 -0.00486  0.00458
        8| -0.00378  0.00401  0.00405  0.00382  0.00348  0.00307  0.00258  0.00205  0.00149 0.000907 0.000311 -0.00029-0.000887 -0.00147 -0.00204 -0.00258 -0.00307 -0.00349 -0.00383 -0.00406 -0.00403  0.00379
        7|  -0.0031  0.00329  0.00333  0.00315  0.00288  0.00254  0.00215  0.00172  0.00125 0.000761  0.00026-0.000244-0.000746 -0.00124 -0.00171 -0.00215 -0.00254 -0.00288 -0.00315 -0.00334 -0.00331  0.00311
        6| -0.00252  0.00267   0.0027  0.00256  0.00235  0.00208  0.00176  0.00141  0.00103 0.000626 0.000214-0.000202-0.000615 -0.00102  -0.0014 -0.00176 -0.00208 -0.00235 -0.00256 -0.00271 -0.00268  0.00253
        5|   -0.002  0.00213  0.00215  0.00204  0.00187  0.00166  0.00141  0.00113 0.000824 0.000503 0.000172-0.000163-0.000495-0.000817 -0.00112 -0.00141 -0.00166 -0.00187 -0.00204 -0.00216 -0.00213  0.00201
        4| -0.00154  0.00163  0.00165  0.00157  0.00144  0.00128  0.00109 0.000873 0.000638  0.00039 0.000133-0.000127-0.000384-0.000633 -0.00087 -0.00109 -0.00128 -0.00144 -0.00157 -0.00166 -0.00164  0.00154
        3| -0.00112  0.00119   0.0012  0.00114  0.00105 0.000933 0.000794 0.000637 0.000466 0.000284 9.69e-05-9.23e-05 -0.00028-0.000462-0.000634-0.000792-0.000932 -0.00105 -0.00114  -0.0012 -0.00119  0.00112
        2|-0.000726 0.000769  0.00078  0.00074 0.000681 0.000606 0.000516 0.000414 0.000303 0.000185 6.33e-05-6.03e-05-0.000182-0.000301-0.000412-0.000515-0.000605-0.000682-0.000741-0.000781-0.000771 0.000727
        1|-0.000352 0.000373 0.000378 0.000359  0.00033 0.000294  0.00025 0.000201 0.000147    9e-05 3.06e-05 -2.9e-05-8.86e-05-0.000146  -0.0002 -0.00025-0.000294 -0.00033-0.000359-0.000378-0.000373 0.000352
        0|        0        0        0        0        0        0        0        0        0        0        0        0        0        0        0        0        0        0        0        0        0        0

p (22x12): 
         |        0        1        2        3        4        5        6        7        8        9       10       11       12       13       14       15       16       17       18       19       20       21
-------------------------------------------------------------------------------------------------------------------------------------------------------------------------------------------------------------------------
       11|  -0.0606  -0.0606  -0.0603  -0.0598   -0.059   -0.058  -0.0568  -0.0555  -0.0541  -0.0526   -0.051  -0.0495  -0.0479  -0.0464  -0.0449  -0.0436  -0.0424  -0.0413  -0.0405    -0.04  -0.0397  -0.0397
       10|  -0.0591  -0.0591  -0.0589  -0.0584  -0.0578  -0.0569  -0.0559  -0.0548  -0.0536  -0.0523  -0.0509  -0.0496  -0.0482  -0.0469  -0.0456  -0.0445  -0.0435  -0.0426  -0.0419  -0.0414  -0.0412  -0.0412
        9|  -0.0579  -0.0579  -0.0577  -0.0574  -0.0568  -0.0561  -0.0552  -0.0542  -0.0531   -0.052  -0.0508  -0.0496  -0.0484  -0.0473  -0.0462  -0.0452  -0.0443  -0.0436   -0.043  -0.0426  -0.0424  -0.0424
        8|  -0.0569  -0.0569  -0.0568  -0.0564   -0.056  -0.0553  -0.0546  -0.0537  -0.0528  -0.0518  -0.0507  -0.0497  -0.0486  -0.0476  -0.0467  -0.0458   -0.045  -0.0444  -0.0439  -0.0436  -0.0434  -0.0434
        7|  -0.0561  -0.0561   -0.056  -0.0557  -0.0553  -0.0547  -0.0541  -0.0533  -0.0525  -0.0516  -0.0507  -0.0497  -0.0488  -0.0479  -0.0471  -0.0463  -0.0456  -0.0451  -0.0446  -0.0444  -0.0442  -0.0442
        6|  -0.0555  -0.0555  -0.0554  -0.0551  -0.0547  -0.0542  -0.0536   -0.053  -0.0522  -0.0514  -0.0506  -0.0498   -0.049  -0.0482  -0.0474  -0.0467  -0.0461  -0.0456  -0.0453   -0.045  -0.0449  -0.0449
        5|   -0.055   -0.055  -0.0548  -0.0546  -0.0543  -0.0538  -0.0533  -0.0527   -0.052  -0.0513  -0.0506  -0.0498  -0.0491  -0.0484  -0.0477  -0.0471  -0.0465  -0.0461  -0.0457  -0.0455  -0.0454  -0.0454
        4|  -0.0546  -0.0546  -0.0545  -0.0542  -0.0539  -0.0535   -0.053  -0.0525  -0.0519  -0.0512  -0.0505  -0.0498  -0.0492  -0.0485  -0.0479  -0.0473  -0.0468  -0.0464  -0.0461  -0.0459  -0.0458  -0.0458
        3|  -0.0543  -0.0543  -0.0542   -0.054  -0.0537  -0.0533  -0.0529  -0.0523  -0.0518  -0.0511  -0.0505  -0.0499  -0.0492  -0.0486   -0.048  -0.0475   -0.047  -0.0467  -0.0464  -0.0462  -0.0461  -0.0461
        2|  -0.0541  -0.0541   -0.054  -0.0538  -0.0535  -0.0532  -0.0527  -0.0522  -0.0517  -0.0511  -0.0505  -0.0499  -0.0493  -0.0487  -0.0481  -0.0476  -0.0472  -0.0468  -0.0465  -0.0464  -0.0463  -0.0463
        1|   -0.054   -0.054  -0.0539  -0.0537  -0.0535  -0.0531  -0.0527  -0.0522  -0.0517  -0.0511  -0.0505  -0.0499  -0.0493  -0.0487  -0.0482  -0.0477  -0.0473  -0.0469  -0.0466  -0.0464  -0.0464  -0.0464
        0|   -0.054   -0.054  -0.0539  -0.0537  -0.0535  -0.0531  -0.0527  -0.0522  -0.0517  -0.0511  -0.0505  -0.0499  -0.0493  -0.0487  -0.0482  -0.0477  -0.0473  -0.0469  -0.0466  -0.0464  -0.0464  -0.0464

F (22x12): 
         |        0        1        2        3        4        5        6        7        8        9       10       11       12       13       14       15       16       17       18       19       20
-------------------------------------------------------------------------------------------------------------------------------------------------------------------------------------------------------------------------
       11|        0        0        0        0        0        0        0        0        0        0        0        0        0        0        0        0        0        0        0        0        0
       10|        0-0.000922 -0.00184 -0.00268 -0.00342 -0.00404 -0.00453 -0.00491 -0.00518 -0.00534 -0.00539 -0.00534 -0.00519 -0.00493 -0.00456 -0.00406 -0.00344  -0.0027 -0.00186-0.000932        0
        9|        0-0.000782 -0.00156 -0.00229 -0.00293 -0.00348 -0.00393 -0.00428 -0.00453 -0.00468 -0.00473 -0.00468 -0.00454  -0.0043 -0.00395  -0.0035 -0.00295  -0.0023 -0.00158-0.000789        0
        8|        0-0.000672 -0.00135 -0.00197 -0.00254 -0.00303 -0.00344 -0.00375 -0.00398 -0.00412 -0.00417 -0.00412 -0.00399 -0.00376 -0.00345 -0.00304 -0.00255 -0.00199 -0.00135-0.000677        0
        7|        0-0.000585 -0.00117 -0.00172 -0.00222 -0.00266 -0.00303 -0.00331 -0.00352 -0.00365 -0.00369 -0.00365 -0.00353 -0.00332 -0.00304 -0.00267 -0.00223 -0.00173 -0.00118-0.000588        0
        6|        0-0.000516 -0.00104 -0.00152 -0.00197 -0.00236 -0.00269 -0.00296 -0.00315 -0.00326  -0.0033 -0.00326 -0.00315 -0.00296  -0.0027 -0.00237 -0.00198 -0.00153 -0.00104-0.000519        0
        5|        0-0.000462-0.000929 -0.00137 -0.00177 -0.00213 -0.00243 -0.00267 -0.00284 -0.00295 -0.00299 -0.00295 -0.00285 -0.00267 -0.00243 -0.00213 -0.00178 -0.00137-0.000932-0.000464        0
        4|        0-0.000422-0.000847 -0.00125 -0.00162 -0.00195 -0.00223 -0.00245 -0.00261 -0.00271 -0.00274 -0.00271 -0.00261 -0.00245 -0.00223 -0.00195 -0.00162 -0.00125 -0.00085-0.000423        0
        3|        0-0.000392-0.000789 -0.00116 -0.00151 -0.00182 -0.00208 -0.00229 -0.00244 -0.00253 -0.00256 -0.00253 -0.00244 -0.00229 -0.00208 -0.00182 -0.00151 -0.00117-0.000791-0.000394        0
        2|        0-0.000374-0.000751 -0.00111 -0.00144 -0.00173 -0.00198 -0.00218 -0.00233 -0.00242 -0.00245 -0.00242 -0.00233 -0.00218 -0.00198 -0.00173 -0.00144 -0.00111-0.000753-0.000375        0
        1|        0 -0.00035-0.000704 -0.00104 -0.00135 -0.00162 -0.00186 -0.00205 -0.00218 -0.00227  -0.0023 -0.00227 -0.00219 -0.00205 -0.00186 -0.00163 -0.00135 -0.00104-0.000705-0.000351        0
        0|        0 0.000352 0.000707  0.00104  0.00136  0.00163  0.00187  0.00206  0.00219  0.00228  0.00231  0.00228   0.0022  0.00206  0.00187  0.00163  0.00136  0.00105 0.000709 0.000353        0

G (22x12): 
         |        0        1        2        3        4        5        6        7        8        9       10       11       12       13       14       15       16       17       18       19       20       21
-------------------------------------------------------------------------------------------------------------------------------------------------------------------------------------------------------------------------
       10| -0.00548  0.00544  0.00549  0.00514  0.00465  0.00404  0.00337  0.00265  0.00191  0.00115 0.000395-0.000367 -0.00113 -0.00189 -0.00263 -0.00336 -0.00404 -0.00465 -0.00515 -0.00551 -0.00547  0.00551
        9| -0.00456  0.00453  0.00458  0.00431  0.00392  0.00343  0.00288  0.00228  0.00165 0.000999 0.000341 -0.00032-0.000979 -0.00163 -0.00227 -0.00287 -0.00343 -0.00392 -0.00432  -0.0046 -0.00456  0.00458
        8| -0.00378  0.00376   0.0038  0.00358  0.00327  0.00288  0.00243  0.00193   0.0014  0.00085  0.00029-0.000274-0.000835 -0.00139 -0.00192 -0.00242 -0.00288 -0.00328  -0.0036 -0.00382 -0.00377  0.00379
        7|  -0.0031  0.00309  0.00313  0.00296  0.00271  0.00239  0.00202  0.00161  0.00117 0.000713 0.000243-0.000231-0.000702 -0.00116  -0.0016 -0.00202 -0.00239 -0.00271 -0.00296 -0.00314  -0.0031  0.00311
        6| -0.00252  0.00251  0.00254   0.0024  0.00221  0.00195  0.00166  0.00132 0.000964 0.000587   0.0002-0.000191-0.000579-0.000957 -0.00132 -0.00165 -0.00195 -0.00221 -0.00241 -0.00255 -0.00251  0.00253
        5|   -0.002  0.00199  0.00202  0.00192  0.00176  0.00156  0.00133  0.00106 0.000774 0.000472 0.000161-0.000154-0.000466-0.000769 -0.00106 -0.00132 -0.00156 -0.00176 -0.00192 -0.00203   -0.002  0.00201
        4| -0.00154  0.00153  0.00156  0.00147  0.00136   0.0012  0.00102 0.000821   0.0006 0.000366 0.000125 -0.00012-0.000361-0.000596-0.000818 -0.00102  -0.0012 -0.00136 -0.00148 -0.00156 -0.00154  0.00154
        3| -0.00112  0.00111  0.00113  0.00107 0.000986 0.000877 0.000746 0.000598 0.000437 0.000267 9.07e-05-8.71e-05-0.000264-0.000434-0.000596-0.000745-0.000877-0.000987 -0.00107 -0.00113 -0.00112  0.00112
        2|-0.000726 0.000722 0.000733 0.000696 0.000641  0.00057 0.000485 0.000389 0.000285 0.000174 5.93e-05-5.69e-05-0.000172-0.000283-0.000388-0.000484-0.000569-0.000641-0.000697-0.000734-0.000723 0.000727
        1|-0.000352  0.00035 0.000356 0.000338 0.000311 0.000277 0.000236 0.000189 0.000138 8.46e-05 2.87e-05-2.75e-05-8.35e-05-0.000137-0.000189-0.000235-0.000277-0.000311-0.000338-0.000356-0.000351 0.000352
        0|        0        0        0        0        0        0        0        0        0        0        0        0        0        0        0        0        0        0        0        0        0        0

rhs (22x12): 
         |        0        1        2        3        4        5        6        7        8        9       10       11       12       13       14       15       16       17       18       19       20       21
-------------------------------------------------------------------------------------------------------------------------------------------------------------------------------------------------------------------------
       11|        0        0        0        0        0        0        0        0        0        0        0        0        0        0        0        0        0        0        0        0        0        0
       10|        0 -0.00526 -0.00317 -0.00341 -0.00292 -0.00301 -0.00235 -0.00228 -0.00145 -0.00122-0.000247 0.000127  0.00128  0.00186   0.0032  0.00395   0.0054  0.00615  0.00744  0.00783     0.01        0
        9|        0 -0.00149-0.000247 9.07e-05-0.000234 0.000108-0.000217 0.000124-0.000203 0.000134-0.000197  0.00013-0.000206 0.000122-0.000218 0.000106-0.000237 8.62e-05-0.000256  7.5e-05  0.00142        0
        8|        0 -0.00148 0.000119-0.000212 0.000128-0.000199 0.000142-0.000186 0.000152-0.000178 0.000157-0.000181  0.00015-0.000187 0.000141  -0.0002 0.000126-0.000214 0.000113-0.000223  0.00148        0
        7|        0 -0.00103-0.000193 0.000144-0.000185 0.000154-0.000174 0.000165-0.000165 0.000172 -0.00016 0.000169-0.000166 0.000164-0.000174 0.000154-0.000185 0.000142-0.000197 0.000136  0.00107        0
        6|        0 -0.00113 0.000156-0.000175 0.000163-0.000165 0.000173-0.000156 0.000181 -0.00015 0.000185-0.000151 0.000181-0.000156 0.000174-0.000165 0.000164-0.000175 0.000154-0.000181   0.0012        0
        5|        0-0.000762-0.000167 0.000169 -0.00016 0.000178-0.000151 0.000187-0.000143 0.000193-0.000139 0.000192-0.000143 0.000188 -0.00015 0.000179-0.000159  0.00017-0.000168 0.000164 0.000849        0
        4|        0-0.000924 0.000174-0.000157  0.00018-0.000149 0.000189 -0.00014 0.000197-0.000134 0.000201-0.000134 0.000198-0.000139 0.000191-0.000147 0.000182-0.000156 0.000174-0.000162  0.00102        0
        3|        0 -0.00061-0.000155 0.000181-0.000149 0.000189 -0.00014 0.000198-0.000132 0.000204-0.000129 0.000204-0.000131   0.0002-0.000137 0.000192-0.000146 0.000183-0.000154 0.000178 0.000719        0
        2|        0-0.000819 0.000182-0.000149 0.000188-0.000142 0.000197-0.000133 0.000204-0.000128 0.000207-0.000127 0.000206-0.000131 0.000199-0.000139 0.000191-0.000147 0.000183-0.000153 0.000935        0
        1|        0 0.000186 0.000649 0.000866 0.000565  0.00075 0.000421 0.000582 0.000233 0.000377 1.63e-05 0.000153 -0.00021-7.05e-05-0.000427-0.000274-0.000612-0.000435-0.000743-0.000531 1.78e-05        0
        0|        0        0        0        0        0        0        0        0        0        0        0        0        0        0        0        0        0        0        0        0        0        0

