t: 1.43711
nCells: 20x10, dx: 0.1, dy: 0.1

u (22x12): 
         |        0        1        2        3        4        5        6        7        8        9       10       11       12       13       14       15       16       17       18       19       20
-------------------------------------------------------------------------------------------------------------------------------------------------------------------------------------------------------------------------
       11|        0  -0.0033 -0.00706  -0.0105  -0.0134  -0.0158  -0.0177  -0.0191  -0.0201  -0.0206  -0.0208  -0.0206  -0.0201  -0.0192  -0.0178   -0.016  -0.0136  -0.0107 -0.00732 -0.00349        0
       10|        0 -0.00262 -0.00559 -0.00837  -0.0108   -0.013  -0.0148  -0.0162  -0.0172  -0.0179  -0.0182  -0.0182  -0.0178   -0.017  -0.0158  -0.0142   -0.012 -0.00945 -0.00644 -0.00317        0
        9|        0 -0.00227  -0.0048 -0.00719 -0.00936  -0.0112  -0.0128  -0.0141   -0.015  -0.0157   -0.016  -0.0159  -0.0155  -0.0148  -0.0137  -0.0122  -0.0103   -0.008 -0.00542 -0.00261        0
        8|        0 -0.00197 -0.00416 -0.00625 -0.00815 -0.00983  -0.0112  -0.0124  -0.0132  -0.0138   -0.014   -0.014  -0.0136  -0.0129  -0.0119  -0.0105 -0.00881 -0.00683  -0.0046  -0.0022        0
        7|        0 -0.00173 -0.00366 -0.00549 -0.00717 -0.00866 -0.00993   -0.011  -0.0117  -0.0122  -0.0124  -0.0124   -0.012  -0.0113  -0.0104 -0.00916 -0.00766 -0.00591 -0.00397 -0.00189        0
        6|        0 -0.00154 -0.00325 -0.00488 -0.00638 -0.00772 -0.00886 -0.00979  -0.0105  -0.0109  -0.0111   -0.011  -0.0107  -0.0101 -0.00921 -0.00809 -0.00674 -0.00519 -0.00347 -0.00165        0
        5|        0 -0.00138 -0.00293  -0.0044 -0.00576 -0.00697 -0.00802 -0.00885 -0.00948 -0.00988    -0.01 -0.00996 -0.00964 -0.00907 -0.00828 -0.00725 -0.00603 -0.00463 -0.00309 -0.00147        0
        4|        0 -0.00127 -0.00268 -0.00404 -0.00529 -0.00641 -0.00736 -0.00814 -0.00871 -0.00908 -0.00922 -0.00915 -0.00884 -0.00831 -0.00756 -0.00662 -0.00549 -0.00421 -0.00281 -0.00133        0
        3|        0 -0.00118 -0.00251 -0.00377 -0.00495 -0.00599 -0.00689 -0.00762 -0.00816  -0.0085 -0.00863 -0.00855 -0.00826 -0.00775 -0.00705 -0.00616 -0.00511 -0.00391 -0.00261 -0.00123        0
        2|        0 -0.00113 -0.00238 -0.00359  -0.0047  -0.0057 -0.00655 -0.00725 -0.00776 -0.00808 -0.00821 -0.00813 -0.00784 -0.00736 -0.00669 -0.00584 -0.00483  -0.0037 -0.00246 -0.00117        0
        1|        0-0.000958 -0.00204 -0.00307 -0.00403 -0.00488 -0.00562 -0.00622 -0.00667 -0.00694 -0.00705 -0.00698 -0.00674 -0.00632 -0.00575 -0.00501 -0.00415 -0.00317 -0.00211-0.000997        0
        0|        0 0.000948  0.00202  0.00303  0.00398  0.00482  0.00555  0.00614  0.00658  0.00685  0.00696  0.00689  0.00665  0.00624  0.00567  0.00495   0.0041  0.00313  0.00209 0.000985        0

v (22x12): 
         |        0        1        2        3        4        5        6        7        8        9       10       11       12       13       14       15       16       17       18       19       20       21
-------------------------------------------------------------------------------------------------------------------------------------------------------------------------------------------------------------------------
       10|  -0.0159   0.0161    0.018   0.0171   0.0156   0.0138   0.0117  0.00941  0.00701  0.00452  0.00197-0.000638 -0.00328 -0.00596 -0.00864  -0.0113  -0.0138  -0.0161   -0.018  -0.0192  -0.0177   0.0174
        9|  -0.0133   0.0135    0.015   0.0143   0.0131   0.0116  0.00991  0.00801  0.00597  0.00384  0.00163-0.000617  -0.0029 -0.00518 -0.00745 -0.00964  -0.0117  -0.0135   -0.015   -0.016  -0.0145   0.0143
        8|  -0.0111   0.0112   0.0125   0.0119    0.011  0.00975  0.00833  0.00674  0.00503  0.00321  0.00134-0.000581 -0.00251 -0.00445 -0.00633 -0.00814  -0.0098  -0.0113  -0.0124  -0.0132  -0.0119   0.0117
        7| -0.00911  0.00922   0.0103  0.00981  0.00905  0.00807  0.00691   0.0056  0.00417  0.00266  0.00108-0.000521 -0.00214 -0.00374  -0.0053 -0.00677 -0.00812 -0.00927  -0.0102  -0.0108 -0.00972  0.00958
        6| -0.00739  0.00748  0.00834  0.00797  0.00737  0.00658  0.00564  0.00457  0.00341  0.00216 0.000871-0.000455 -0.00178 -0.00309 -0.00436 -0.00554 -0.00661 -0.00753 -0.00825 -0.00869 -0.00783  0.00772
        5| -0.00587  0.00595  0.00662  0.00634  0.00586  0.00524  0.00449  0.00365  0.00271  0.00172  0.00068-0.000377 -0.00144 -0.00249 -0.00349 -0.00442 -0.00527 -0.00597 -0.00653 -0.00687 -0.00619   0.0061
        4|  -0.0045  0.00456  0.00508  0.00486   0.0045  0.00402  0.00346   0.0028  0.00209  0.00132 0.000519-0.000303 -0.00112 -0.00193 -0.00269 -0.00341 -0.00404 -0.00458   -0.005 -0.00525 -0.00472  0.00465
        3| -0.00325  0.00329  0.00366  0.00351  0.00325  0.00291  0.00249  0.00203   0.0015 0.000953 0.000369 -0.00022-0.000817 -0.00139 -0.00195 -0.00246 -0.00292  -0.0033  -0.0036 -0.00377 -0.00339  0.00335
        2| -0.00207  0.00209  0.00234  0.00224  0.00208  0.00186   0.0016  0.00129 0.000966 0.000607 0.000239-0.000144-0.000521-0.000895 -0.00124 -0.00157 -0.00186 -0.00211 -0.00229 -0.00241 -0.00216  0.00213
        1|-0.000956 0.000967  0.00108  0.00104 0.000959 0.000862 0.000738 0.000603 0.000446 0.000285 0.000109-6.28e-05-0.000242 -0.00041-0.000577-0.000725-0.000862-0.000971 -0.00106 -0.00111-0.000995 0.000984
        0|        0        0        0        0        0        0        0        0        0        0        0        0        0        0        0        0        0        0        0        0        0        0

p (22x12): 
         |        0        1        2        3        4        5        6        7        8        9       10       11       12       13       14       15       16       17       18       19       20       21
-------------------------------------------------------------------------------------------------------------------------------------------------------------------------------------------------------------------------
       11|    -2.42    -2.42    -2.42    -2.42    -2.42    -2.42    -2.42    -2.42    -2.42    -2.42    -2.42    -2.42    -2.41    -2.41    -2.41    -2.41    -2.41    -2.41    -2.41    -2.41    -2.41    -2.41
       10|    -2.42    -2.42    -2.42    -2.42    -2.42    -2.42    -2.42    -2.42    -2.42    -2.42    -2.42    -2.42    -2.41    -2.41    -2.41    -2.41    -2.41    -2.41    -2.41    -2.41    -2.41    -2.41
        9|    -2.42    -2.42    -2.42    -2.42    -2.42    -2.42    -2.42    -2.42    -2.42    -2.42    -2.42    -2.42    -2.41    -2.41    -2.41    -2.41    -2.41    -2.41    -2.41    -2.41    -2.41    -2.41
        8|    -2.42    -2.42    -2.42    -2.42    -2.42    -2.42    -2.42    -2.42    -2.42    -2.42    -2.42    -2.42    -2.42    -2.41    -2.41    -2.41    -2.41    -2.41    -2.41    -2.41    -2.41    -2.41
        7|    -2.42    -2.42    -2.42    -2.42    -2.42    -2.42    -2.42    -2.42    -2.42    -2.42    -2.42    -2.42    -2.42    -2.41    -2.41    -2.41    -2.41    -2.41    -2.41    -2.41    -2.41    -2.41
        6|    -2.42    -2.42    -2.42    -2.42    -2.42    -2.42    -2.42    -2.42    -2.42    -2.42    -2.42    -2.42    -2.42    -2.41    -2.41    -2.41    -2.41    -2.41    -2.41    -2.41    -2.41    -2.41
        5|    -2.42    -2.42    -2.42    -2.42    -2.42    -2.42    -2.42    -2.42    -2.42    -2.42    -2.42    -2.42    -2.42    -2.41    -2.41    -2.41    -2.41    -2.41    -2.41    -2.41    -2.41    -2.41
        4|    -2.42    -2.42    -2.42    -2.42    -2.42    -2.42    -2.42    -2.42    -2.42    -2.42    -2.42    -2.42    -2.42    -2.41    -2.41    -2.41    -2.41    -2.41    -2.41    -2.41    -2.41    -2.41
        3|    -2.42    -2.42    -2.42    -2.42    -2.42    -2.42    -2.42    -2.42    -2.42    -2.42    -2.42    -2.42    -2.42    -2.41    -2.41    -2.41    -2.41    -2.41    -2.41    -2.41    -2.41    -2.41
        2|    -2.42    -2.42    -2.42    -2.42    -2.42    -2.42    -2.42    -2.42    -2.42    -2.42    -2.42    -2.42    -2.42    -2.41    -2.41    -2.41    -2.41    -2.41    -2.41    -2.41    -2.41    -2.41
        1|    -2.42    -2.42    -2.42    -2.42    -2.42    -2.42    -2.42    -2.42    -2.42    -2.42    -2.42    -2.42    -2.42    -2.41    -2.41    -2.41    -2.41    -2.41    -2.41    -2.41    -2.41    -2.41
        0|    -2.42    -2.42    -2.42    -2.42    -2.42    -2.42    -2.42    -2.42    -2.42    -2.42    -2.42    -2.42    -2.42    -2.41    -2.41    -2.41    -2.41    -2.41    -2.41    -2.41    -2.41    -2.41

F (22x12): 
         |        0        1        2        3        4        5        6        7        8        9       10       11       12       13       14       15       16       17       18       19       20
-------------------------------------------------------------------------------------------------------------------------------------------------------------------------------------------------------------------------
       11|        0        0        0        0        0        0        0        0        0        0        0        0        0        0        0        0        0        0        0        0        0
       10|        0  -0.0026 -0.00553 -0.00826  -0.0107  -0.0128  -0.0145  -0.0159  -0.0169  -0.0176  -0.0179  -0.0179  -0.0175  -0.0167  -0.0156  -0.0139  -0.0118 -0.00928 -0.00633 -0.00311        0
        9|        0 -0.00224 -0.00474 -0.00709 -0.00922  -0.0111  -0.0126  -0.0139  -0.0148  -0.0154  -0.0157  -0.0157  -0.0153  -0.0145  -0.0134   -0.012  -0.0101 -0.00786 -0.00533 -0.00257        0
        8|        0 -0.00195 -0.00411 -0.00616 -0.00803 -0.00968  -0.0111  -0.0122   -0.013  -0.0136  -0.0138  -0.0138  -0.0134  -0.0127  -0.0117  -0.0103 -0.00866 -0.00672 -0.00452 -0.00217        0
        7|        0 -0.00171 -0.00361 -0.00541 -0.00707 -0.00853 -0.00978  -0.0108  -0.0115   -0.012  -0.0122  -0.0122  -0.0118  -0.0112  -0.0102 -0.00901 -0.00753 -0.00581  -0.0039 -0.00186        0
        6|        0 -0.00152  -0.0032 -0.00481 -0.00629 -0.00761 -0.00873 -0.00964  -0.0103  -0.0107  -0.0109  -0.0109  -0.0105 -0.00991 -0.00906 -0.00796 -0.00663  -0.0051 -0.00341 -0.00163        0
        5|        0 -0.00137 -0.00289 -0.00434 -0.00568 -0.00687 -0.00789 -0.00872 -0.00934 -0.00972 -0.00989  -0.0098 -0.00949 -0.00893 -0.00814 -0.00713 -0.00593 -0.00455 -0.00304 -0.00144        0
        4|        0 -0.00126 -0.00264 -0.00398 -0.00521 -0.00631 -0.00725 -0.00801 -0.00858 -0.00894 -0.00908   -0.009 -0.00869 -0.00817 -0.00744 -0.00651  -0.0054 -0.00414 -0.00276 -0.00131        0
        3|        0 -0.00117 -0.00247 -0.00372 -0.00487  -0.0059 -0.00679  -0.0075 -0.00803 -0.00836  -0.0085 -0.00841 -0.00812 -0.00762 -0.00694 -0.00606 -0.00502 -0.00385 -0.00257 -0.00122        0
        2|        0 -0.00111 -0.00235 -0.00353 -0.00463 -0.00561 -0.00645 -0.00713 -0.00764 -0.00796 -0.00807   -0.008 -0.00771 -0.00724 -0.00658 -0.00575 -0.00476 -0.00364 -0.00242 -0.00115        0
        1|        0-0.000944 -0.00201 -0.00302 -0.00396  -0.0048 -0.00552 -0.00611 -0.00655 -0.00682 -0.00692 -0.00685 -0.00662 -0.00621 -0.00564 -0.00492 -0.00408 -0.00312 -0.00208-0.000981        0
        0|        0 0.000948  0.00202  0.00303  0.00398  0.00482  0.00555  0.00614  0.00658  0.00685  0.00696  0.00689  0.00665  0.00624  0.00567  0.00495   0.0041  0.00313  0.00209 0.000985        0

G (22x12): 
         |        0        1        2        3        4        5        6        7        8        9       10       11       12       13       14       15       16       17       18       19       20       21
-------------------------------------------------------------------------------------------------------------------------------------------------------------------------------------------------------------------------
       10|  -0.0159   0.0158   0.0177   0.0168   0.0153   0.0135   0.0115  0.00922  0.00686   0.0044   0.0019-0.000662 -0.00325 -0.00587 -0.00849  -0.0111  -0.0135  -0.0158  -0.0176  -0.0188  -0.0172   0.0174
        9|  -0.0133   0.0132   0.0148   0.0141   0.0129   0.0114  0.00974  0.00786  0.00585  0.00375  0.00158-0.000634 -0.00288 -0.00512 -0.00735  -0.0095  -0.0115  -0.0133  -0.0148  -0.0157  -0.0143   0.0143
        8|  -0.0111    0.011   0.0123   0.0117   0.0108  0.00958  0.00819  0.00662  0.00493  0.00314   0.0013-0.000592 -0.00249 -0.00439 -0.00624 -0.00802 -0.00965  -0.0111  -0.0122  -0.0129  -0.0117   0.0117
        7| -0.00911  0.00906   0.0101  0.00965   0.0089  0.00794  0.00679   0.0055  0.00409   0.0026  0.00105-0.000527 -0.00212  -0.0037 -0.00523 -0.00667 -0.00799 -0.00913    -0.01  -0.0106 -0.00954  0.00958
        6| -0.00739  0.00735  0.00821  0.00785  0.00725  0.00647  0.00554  0.00449  0.00334  0.00212 0.000846-0.000459 -0.00176 -0.00305 -0.00429 -0.00546 -0.00651 -0.00741 -0.00811 -0.00855 -0.00769  0.00772
        5| -0.00587  0.00584  0.00652  0.00624  0.00577  0.00516  0.00442  0.00358  0.00266  0.00169 0.000662-0.000379 -0.00143 -0.00245 -0.00344 -0.00436 -0.00518 -0.00588 -0.00643 -0.00676 -0.00607   0.0061
        4|  -0.0045  0.00448    0.005  0.00479  0.00443  0.00396   0.0034  0.00275  0.00205  0.00129 0.000505-0.000303 -0.00111  -0.0019 -0.00265 -0.00335 -0.00398 -0.00451 -0.00492 -0.00517 -0.00463  0.00465
        3| -0.00325  0.00323  0.00361  0.00346   0.0032  0.00286  0.00245  0.00199  0.00148 0.000934  0.00036-0.000221-0.000807 -0.00137 -0.00192 -0.00242 -0.00287 -0.00325 -0.00354 -0.00371 -0.00333  0.00335
        2| -0.00207  0.00206  0.00231  0.00221  0.00205  0.00183  0.00157  0.00127 0.000949 0.000595 0.000233-0.000145-0.000515-0.000883 -0.00123 -0.00155 -0.00183 -0.00208 -0.00226 -0.00237 -0.00212  0.00213
        1|-0.000956 0.000952  0.00107  0.00102 0.000946  0.00085 0.000727 0.000593 0.000439  0.00028 0.000107-6.31e-05 -0.00024-0.000406 -0.00057-0.000716-0.000851-0.000958 -0.00105 -0.00109 -0.00098 0.000984
        0|        0        0        0        0        0        0        0        0        0        0        0        0        0        0        0        0        0        0        0        0        0        0

rhs (22x12): 
         |        0        1        2        3        4        5        6        7        8        9       10       11       12       13       14       15       16       17       18       19       20       21
-------------------------------------------------------------------------------------------------------------------------------------------------------------------------------------------------------------------------
       11|        0        0        0        0        0        0        0        0        0        0        0        0        0        0        0        0        0        0        0        0        0        0
       10|        0 -0.00601  0.00486 -0.00125  0.00188 -0.00454 -0.00105  -0.0066  -0.0019   -0.006 0.000274 -0.00222  0.00608  0.00617   0.0171   0.0198   0.0329   0.0368   0.0496   0.0506    0.055        0
        9|        0 -0.00256 -0.00298  0.00179 -0.00293  0.00194 -0.00277  0.00209 -0.00264  0.00218  -0.0026  0.00213 -0.00272    0.002 -0.00289  0.00179 -0.00314  0.00151 -0.00339  0.00149  0.00336        0
        8|        0 -0.00531  0.00212 -0.00269  0.00216 -0.00257  0.00229 -0.00245  0.00239 -0.00238  0.00243 -0.00242  0.00234 -0.00251  0.00221 -0.00267  0.00202 -0.00287  0.00184  -0.0029   0.0065        0
        7|        0 -0.00104 -0.00248  0.00232 -0.00243  0.00242 -0.00232  0.00253 -0.00223   0.0026 -0.00219  0.00257 -0.00226   0.0025 -0.00236  0.00237 -0.00251  0.00221 -0.00265  0.00219  0.00251        0
        6|        0 -0.00413  0.00247 -0.00233  0.00252 -0.00223  0.00262 -0.00213  0.00271 -0.00207  0.00275 -0.00208   0.0027 -0.00214  0.00261 -0.00225  0.00248 -0.00239  0.00236 -0.00242   0.0058        0
        5|        0-0.000131 -0.00223  0.00259 -0.00218  0.00267 -0.00208  0.00277 -0.00199  0.00284 -0.00195  0.00283   -0.002  0.00277 -0.00207  0.00267 -0.00219  0.00255  -0.0023  0.00252  0.00193        0
        4|        0 -0.00345  0.00265 -0.00215   0.0027 -0.00206   0.0028 -0.00196  0.00288  -0.0019  0.00292  -0.0019  0.00289 -0.00195  0.00281 -0.00204   0.0027 -0.00216  0.00261  -0.0022  0.00534        0
        3|        0 0.000371 -0.00212  0.00271 -0.00206   0.0028 -0.00196  0.00289 -0.00188  0.00296 -0.00184  0.00296 -0.00186  0.00291 -0.00194  0.00282 -0.00204  0.00271 -0.00214  0.00267  0.00158        0
        2|        0 -0.00309  0.00274 -0.00206  0.00279 -0.00198  0.00287  -0.0019  0.00295 -0.00184  0.00298 -0.00183  0.00297 -0.00187   0.0029 -0.00196  0.00281 -0.00206  0.00272  -0.0021   0.0051        0
        1|        0  0.00285  0.00135  0.00489  0.00115   0.0046 0.000776  0.00414 0.000254  0.00356-0.000382  0.00287  -0.0011  0.00215 -0.00182  0.00145 -0.00247  0.00088 -0.00294 0.000566 0.000416        0
        0|        0        0        0        0        0        0        0        0        0        0        0        0        0        0        0        0        0        0        0        0        0        0

