t: 0.762175
nCells: 20x10, dx: 0.1, dy: 0.1

u (22x12): 
         |        0        1        2        3        4        5        6        7        8        9       10       11       12       13       14       15       16       17       18       19       20
-------------------------------------------------------------------------------------------------------------------------------------------------------------------------------------------------------------------------
       11|        0 -0.00199 -0.00407 -0.00593 -0.00754 -0.00885 -0.00988  -0.0106  -0.0112  -0.0115  -0.0116  -0.0115  -0.0112  -0.0107  -0.0099 -0.00888 -0.00758 -0.00598 -0.00411 -0.00202        0
       10|        0 -0.00165 -0.00336 -0.00493 -0.00632 -0.00749 -0.00844 -0.00917 -0.00969    -0.01  -0.0101  -0.0101 -0.00978 -0.00931 -0.00861 -0.00768 -0.00651 -0.00511 -0.00349 -0.00173        0
        9|        0  -0.0014 -0.00286 -0.00421 -0.00543 -0.00647 -0.00733 -0.00799 -0.00847 -0.00877 -0.00888 -0.00881 -0.00855  -0.0081 -0.00746 -0.00661 -0.00557 -0.00434 -0.00296 -0.00146        0
        8|        0 -0.00121 -0.00246 -0.00364  -0.0047 -0.00563  -0.0064 -0.00701 -0.00745 -0.00772 -0.00782 -0.00775  -0.0075 -0.00709  -0.0065 -0.00574 -0.00481 -0.00373 -0.00253 -0.00125        0
        7|        0 -0.00105 -0.00215 -0.00318 -0.00412 -0.00495 -0.00564 -0.00619 -0.00659 -0.00683 -0.00693 -0.00686 -0.00663 -0.00625 -0.00571 -0.00503  -0.0042 -0.00325  -0.0022 -0.00108        0
        6|        0-0.000931  -0.0019 -0.00282 -0.00366  -0.0044 -0.00502 -0.00552 -0.00588 -0.00611 -0.00619 -0.00613 -0.00592 -0.00557 -0.00508 -0.00446 -0.00371 -0.00287 -0.00194 -0.00095        0
        5|        0-0.000834 -0.00171 -0.00253 -0.00329 -0.00396 -0.00453 -0.00499 -0.00532 -0.00553  -0.0056 -0.00554 -0.00535 -0.00502 -0.00457 -0.00401 -0.00333 -0.00257 -0.00173-0.000849        0
        4|        0-0.000763 -0.00156 -0.00232 -0.00301 -0.00363 -0.00415 -0.00458 -0.00489 -0.00508 -0.00514 -0.00509  -0.0049  -0.0046 -0.00419 -0.00366 -0.00304 -0.00234 -0.00158-0.000774        0
        3|        0 -0.00071 -0.00145 -0.00216 -0.00281 -0.00339 -0.00388 -0.00428 -0.00457 -0.00475 -0.00481 -0.00475 -0.00458  -0.0043 -0.00391 -0.00342 -0.00284 -0.00218 -0.00147-0.000719        0
        2|        0-0.000676 -0.00138 -0.00206 -0.00268 -0.00323  -0.0037 -0.00408 -0.00436 -0.00453 -0.00459 -0.00453 -0.00437  -0.0041 -0.00372 -0.00325  -0.0027 -0.00208  -0.0014-0.000684        0
        1|        0-0.000614 -0.00126 -0.00187 -0.00244 -0.00294 -0.00337 -0.00372 -0.00397 -0.00413 -0.00418 -0.00414 -0.00399 -0.00374 -0.00339 -0.00296 -0.00246 -0.00189 -0.00127-0.000621        0
        0|        0 0.000597  0.00122  0.00182  0.00237  0.00285  0.00327  0.00361  0.00385    0.004  0.00406  0.00401  0.00387  0.00362  0.00329  0.00287  0.00238  0.00183  0.00123 0.000604        0

v (22x12): 
         |        0        1        2        3        4        5        6        7        8        9       10       11       12       13       14       15       16       17       18       19       20       21
-------------------------------------------------------------------------------------------------------------------------------------------------------------------------------------------------------------------------
       10| -0.00956  0.00985   0.0103  0.00964  0.00874  0.00763  0.00639  0.00506  0.00367  0.00226 0.000826-0.000614 -0.00206  -0.0035 -0.00493 -0.00632 -0.00763 -0.00881 -0.00978  -0.0105  -0.0101  0.00978
        9| -0.00796   0.0082  0.00855  0.00806  0.00735  0.00646  0.00544  0.00433  0.00315  0.00194 0.000703-0.000542 -0.00179 -0.00302 -0.00423 -0.00539 -0.00646 -0.00741 -0.00817 -0.00869 -0.00837  0.00811
        8|  -0.0066   0.0068  0.00709  0.00671  0.00614  0.00542  0.00458  0.00366  0.00267  0.00164 0.000593-0.000471 -0.00153 -0.00258 -0.00359 -0.00455 -0.00542 -0.00618 -0.00679  -0.0072 -0.00691   0.0067
        7| -0.00542  0.00559  0.00584  0.00553  0.00507  0.00449  0.00381  0.00305  0.00223  0.00137 0.000491  -0.0004 -0.00129 -0.00216   -0.003 -0.00378 -0.00449  -0.0051 -0.00559 -0.00591 -0.00567   0.0055
        6|  -0.0044  0.00453  0.00474   0.0045  0.00413  0.00367  0.00312   0.0025  0.00183  0.00113 0.000402-0.000334 -0.00106 -0.00178 -0.00246  -0.0031 -0.00367 -0.00415 -0.00454 -0.00479 -0.00459  0.00445
        5|  -0.0035   0.0036  0.00377  0.00358  0.00329  0.00293  0.00249    0.002  0.00147 0.000904  0.00032 -0.00027-0.000858 -0.00143 -0.00197 -0.00248 -0.00293 -0.00331 -0.00361  -0.0038 -0.00364  0.00353
        4| -0.00269  0.00277   0.0029  0.00275  0.00254  0.00225  0.00192  0.00154  0.00113 0.000697 0.000247-0.000211-0.000664 -0.00111 -0.00152 -0.00191 -0.00225 -0.00254 -0.00277 -0.00292 -0.00279  0.00271
        3| -0.00195    0.002   0.0021    0.002  0.00184  0.00164   0.0014  0.00112 0.000824 0.000508 0.000178-0.000153-0.000485-0.000804 -0.00111 -0.00139 -0.00164 -0.00184 -0.00201 -0.00211 -0.00202  0.00196
        2| -0.00126  0.00129  0.00135  0.00129  0.00119  0.00106 0.000903 0.000726 0.000534 0.000328 0.000116  -0.0001-0.000313-0.000521-0.000717-0.000898 -0.00106 -0.00119 -0.00129 -0.00136  -0.0013  0.00126
        1|  -0.0006 0.000617 0.000645 0.000615 0.000566 0.000505 0.000431 0.000348 0.000255 0.000158 5.51e-05-4.69e-05 -0.00015-0.000248-0.000343-0.000428-0.000505-0.000567-0.000618-0.000649-0.000621 0.000603
        0|        0        0        0        0        0        0        0        0        0        0        0        0        0        0        0        0        0        0        0        0        0        0

p (22x12): 
         |        0        1        2        3        4        5        6        7        8        9       10       11       12       13       14       15       16       17       18       19       20       21
-------------------------------------------------------------------------------------------------------------------------------------------------------------------------------------------------------------------------
       11|   -0.355   -0.355   -0.355   -0.354   -0.354   -0.353   -0.352   -0.351   -0.349   -0.348   -0.346   -0.345   -0.343   -0.342   -0.341   -0.339   -0.338   -0.337   -0.336   -0.336   -0.335   -0.335
       10|   -0.354   -0.354   -0.354   -0.353   -0.353   -0.352   -0.351    -0.35   -0.349   -0.347   -0.346   -0.345   -0.344   -0.342   -0.341    -0.34   -0.339   -0.338   -0.338   -0.337   -0.337   -0.337
        9|   -0.353   -0.353   -0.352   -0.352   -0.352   -0.351    -0.35   -0.349   -0.348   -0.347   -0.346   -0.345   -0.344   -0.343   -0.342   -0.341    -0.34   -0.339   -0.339   -0.338   -0.338   -0.338
        8|   -0.352   -0.352   -0.352   -0.351   -0.351    -0.35    -0.35   -0.349   -0.348   -0.347   -0.346   -0.345   -0.344   -0.343   -0.342   -0.341   -0.341    -0.34    -0.34   -0.339   -0.339   -0.339
        7|   -0.351   -0.351   -0.351   -0.351    -0.35    -0.35   -0.349   -0.348   -0.348   -0.347   -0.346   -0.345   -0.344   -0.343   -0.343   -0.342   -0.341   -0.341    -0.34    -0.34    -0.34    -0.34
        6|    -0.35    -0.35    -0.35    -0.35    -0.35   -0.349   -0.349   -0.348   -0.347   -0.347   -0.346   -0.345   -0.344   -0.344   -0.343   -0.342   -0.342   -0.341   -0.341   -0.341    -0.34    -0.34
        5|    -0.35    -0.35    -0.35    -0.35   -0.349   -0.349   -0.348   -0.348   -0.347   -0.347   -0.346   -0.345   -0.344   -0.344   -0.343   -0.343   -0.342   -0.342   -0.341   -0.341   -0.341   -0.341
        4|    -0.35    -0.35   -0.349   -0.349   -0.349   -0.349   -0.348   -0.348   -0.347   -0.346   -0.346   -0.345   -0.344   -0.344   -0.343   -0.343   -0.342   -0.342   -0.342   -0.341   -0.341   -0.341
        3|   -0.349   -0.349   -0.349   -0.349   -0.349   -0.348   -0.348   -0.347   -0.347   -0.346   -0.346   -0.345   -0.345   -0.344   -0.343   -0.343   -0.342   -0.342   -0.342   -0.342   -0.342   -0.342
        2|   -0.349   -0.349   -0.349   -0.349   -0.349   -0.348   -0.348   -0.347   -0.347   -0.346   -0.346   -0.345   -0.345   -0.344   -0.344   -0.343   -0.343   -0.342   -0.342   -0.342   -0.342   -0.342
        1|   -0.349   -0.349   -0.349   -0.349   -0.349   -0.348   -0.348   -0.347   -0.347   -0.346   -0.346   -0.345   -0.345   -0.344   -0.344   -0.343   -0.343   -0.342   -0.342   -0.342   -0.342   -0.342
        0|   -0.349   -0.349   -0.349   -0.349   -0.349   -0.348   -0.348   -0.347   -0.347   -0.346   -0.346   -0.345   -0.345   -0.344   -0.344   -0.343   -0.343   -0.342   -0.342   -0.342   -0.342   -0.342

F (22x12): 
         |        0        1        2        3        4        5        6        7        8        9       10       11       12       13       14       15       16       17       18       19       20
-------------------------------------------------------------------------------------------------------------------------------------------------------------------------------------------------------------------------
       11|        0        0        0        0        0        0        0        0        0        0        0        0        0        0        0        0        0        0        0        0        0
       10|        0  -0.0016 -0.00326 -0.00478 -0.00612 -0.00725 -0.00817 -0.00888 -0.00938 -0.00968  -0.0098 -0.00972 -0.00946   -0.009 -0.00832 -0.00743 -0.00629 -0.00494 -0.00338 -0.00168        0
        9|        0 -0.00136 -0.00277 -0.00408 -0.00526 -0.00626 -0.00709 -0.00774  -0.0082 -0.00848 -0.00859 -0.00852 -0.00827 -0.00783 -0.00721 -0.00639 -0.00538  -0.0042 -0.00286 -0.00141        0
        8|        0 -0.00117 -0.00239 -0.00353 -0.00456 -0.00545  -0.0062 -0.00678 -0.00721 -0.00747 -0.00756 -0.00749 -0.00726 -0.00686 -0.00628 -0.00555 -0.00465 -0.00361 -0.00245 -0.00121        0
        7|        0 -0.00102 -0.00208 -0.00308 -0.00399 -0.00479 -0.00546 -0.00599 -0.00638 -0.00661  -0.0067 -0.00663 -0.00642 -0.00604 -0.00553 -0.00486 -0.00406 -0.00314 -0.00213 -0.00105        0
        6|        0-0.000904 -0.00184 -0.00273 -0.00354 -0.00426 -0.00486 -0.00534  -0.0057 -0.00591 -0.00599 -0.00593 -0.00572 -0.00539 -0.00491 -0.00431 -0.00359 -0.00277 -0.00187-0.000921        0
        5|        0 -0.00081 -0.00165 -0.00245 -0.00319 -0.00384 -0.00439 -0.00483 -0.00515 -0.00535 -0.00542 -0.00536 -0.00517 -0.00486 -0.00442 -0.00388 -0.00323 -0.00249 -0.00168-0.000822        0
        4|        0 -0.00074 -0.00151 -0.00224 -0.00292 -0.00351 -0.00402 -0.00443 -0.00473 -0.00491 -0.00498 -0.00492 -0.00474 -0.00445 -0.00405 -0.00354 -0.00294 -0.00227 -0.00153 -0.00075        0
        3|        0-0.000689 -0.00141 -0.00209 -0.00272 -0.00328 -0.00376 -0.00414 -0.00442 -0.00459 -0.00465  -0.0046 -0.00443 -0.00416 -0.00378  -0.0033 -0.00274 -0.00211 -0.00142-0.000697        0
        2|        0-0.000656 -0.00134 -0.00199 -0.00259 -0.00313 -0.00358 -0.00395 -0.00422 -0.00438 -0.00444 -0.00439 -0.00423 -0.00396  -0.0036 -0.00315 -0.00261 -0.00201 -0.00135-0.000663        0
        1|        0-0.000595 -0.00122 -0.00181 -0.00236 -0.00284 -0.00326 -0.00359 -0.00384 -0.00398 -0.00404 -0.00399 -0.00385  -0.0036 -0.00327 -0.00286 -0.00237 -0.00182 -0.00123-0.000601        0
        0|        0 0.000597  0.00122  0.00182  0.00237  0.00285  0.00327  0.00361  0.00385    0.004  0.00406  0.00401  0.00387  0.00362  0.00329  0.00287  0.00238  0.00183  0.00123 0.000604        0

G (22x12): 
         |        0        1        2        3        4        5        6        7        8        9       10       11       12       13       14       15       16       17       18       19       20       21
-------------------------------------------------------------------------------------------------------------------------------------------------------------------------------------------------------------------------
       10| -0.00956   0.0095  0.00992  0.00931  0.00844  0.00737  0.00616  0.00487  0.00353  0.00217 0.000787-0.000603 -0.00199 -0.00338 -0.00476  -0.0061 -0.00735 -0.00849 -0.00942  -0.0101 -0.00969  0.00978
        9| -0.00796  0.00792  0.00827   0.0078  0.00711  0.00625  0.00526  0.00418  0.00304  0.00187 0.000672-0.000532 -0.00174 -0.00293  -0.0041 -0.00522 -0.00625 -0.00717 -0.00791 -0.00841 -0.00807  0.00811
        8|  -0.0066  0.00656  0.00686  0.00649  0.00594  0.00524  0.00443  0.00353  0.00258  0.00158 0.000567-0.000461 -0.00149  -0.0025 -0.00348  -0.0044 -0.00525 -0.00598 -0.00656 -0.00696 -0.00667   0.0067
        7| -0.00542   0.0054  0.00565  0.00535  0.00491  0.00434  0.00368  0.00295  0.00215  0.00132 0.000471-0.000391 -0.00125 -0.00209  -0.0029 -0.00366 -0.00435 -0.00494  -0.0054 -0.00572 -0.00547   0.0055
        6|  -0.0044  0.00438  0.00459  0.00435    0.004  0.00355  0.00301  0.00242  0.00177  0.00109 0.000385-0.000326 -0.00103 -0.00172 -0.00238   -0.003 -0.00355 -0.00402 -0.00439 -0.00463 -0.00443  0.00445
        5|  -0.0035  0.00348  0.00365  0.00346  0.00319  0.00283  0.00241  0.00193  0.00142 0.000872 0.000307-0.000263-0.000832 -0.00138 -0.00191  -0.0024 -0.00283  -0.0032 -0.00349 -0.00368 -0.00351  0.00353
        4| -0.00269  0.00267   0.0028  0.00266  0.00245  0.00218  0.00186  0.00149   0.0011 0.000673 0.000237-0.000206-0.000644 -0.00107 -0.00148 -0.00185 -0.00218 -0.00246 -0.00268 -0.00282  -0.0027  0.00271
        3| -0.00195  0.00194  0.00203  0.00193  0.00178  0.00158  0.00135  0.00109 0.000796  0.00049 0.000172 -0.00015 -0.00047 -0.00078 -0.00107 -0.00134 -0.00158 -0.00178 -0.00194 -0.00204 -0.00195  0.00196
        2| -0.00126  0.00125  0.00131  0.00125  0.00115  0.00102 0.000874 0.000702 0.000516 0.000317 0.000112-9.77e-05-0.000304-0.000505-0.000695 -0.00087 -0.00102 -0.00115 -0.00125 -0.00132 -0.00126  0.00126
        1|  -0.0006 0.000597 0.000626 0.000596 0.000549  0.00049 0.000417 0.000337 0.000247 0.000152 5.31e-05-4.59e-05-0.000146-0.000241-0.000332-0.000415-0.000489 -0.00055-0.000599-0.000629  -0.0006 0.000603
        0|        0        0        0        0        0        0        0        0        0        0        0        0        0        0        0        0        0        0        0        0        0        0

rhs (22x12): 
         |        0        1        2        3        4        5        6        7        8        9       10       11       12       13       14       15       16       17       18       19       20       21
-------------------------------------------------------------------------------------------------------------------------------------------------------------------------------------------------------------------------
       11|        0        0        0        0        0        0        0        0        0        0        0        0        0        0        0        0        0        0        0        0        0        0
       10|        0 -0.00714 -0.00284 -0.00434 -0.00318 -0.00453 -0.00309 -0.00404 -0.00214 -0.00261-0.000223-0.000213  0.00277  0.00351  0.00721  0.00858   0.0127   0.0143   0.0182   0.0188   0.0226        0
        9|        0 -0.00231 -0.00088 0.000435-0.000847 0.000489 -0.00079 0.000541-0.000747 0.000573-0.000729 0.000559 -0.00076  0.00053-0.000802 0.000474-0.000867 0.000404-0.000933 0.000379   0.0023        0
        8|        0 -0.00281  0.00053-0.000772 0.000555-0.000731 0.000598 -0.00069 0.000633-0.000665 0.000648-0.000676 0.000623-0.000698 0.000591 -0.00074 0.000542-0.000791 0.000495-0.000811  0.00297        0
        7|        0 -0.00145-0.000709 0.000606-0.000686  0.00064 -0.00065 0.000675 -0.00062 0.000697-0.000607 0.000689-0.000626 0.000671-0.000653 0.000636-0.000692 0.000595 -0.00073 0.000579  0.00173        0
        6|        0 -0.00215 0.000649-0.000653 0.000669-0.000623 0.000702-0.000591 0.000729-0.000571 0.000742-0.000576 0.000727-0.000592 0.000703-0.000622 0.000668-0.000658 0.000636-0.000675  0.00251        0
        5|        0-0.000943-0.000627  0.00069-0.000606 0.000718-0.000575 0.000748-0.000549 0.000768-0.000537 0.000765-0.000549  0.00075-0.000571 0.000722-0.000604 0.000689-0.000633 0.000673  0.00136        0
        4|        0 -0.00176 0.000707-0.000596 0.000726-0.000568 0.000756-0.000539 0.000781 -0.00052 0.000793-0.000521 0.000783-0.000535 0.000761-0.000562 0.000731-0.000593 0.000703-0.000611  0.00222        0
        3|        0-0.000662-0.000588 0.000729-0.000568 0.000756-0.000539 0.000784-0.000514 0.000804-0.000502 0.000804 -0.00051  0.00079-0.000531 0.000764-0.000561 0.000734-0.000588 0.000717  0.00115        0
        2|        0 -0.00157 0.000734 -0.00057 0.000752-0.000545 0.000779-0.000518 0.000803  -0.0005 0.000814-0.000497 0.000808 -0.00051 0.000788-0.000536  0.00076-0.000565 0.000734-0.000582  0.00207        0
        1|        0 0.000753  0.00103  0.00195 0.000887  0.00176 0.000645  0.00148 0.000322  0.00112-5.53e-05 0.000726 -0.00046 0.000322-0.000854 -5.1e-05  -0.0012 -0.00035 -0.00144-0.000525  9.4e-05        0
        0|        0        0        0        0        0        0        0        0        0        0        0        0        0        0        0        0        0        0        0        0        0        0

