t: 1.7769
nCells: 20x10, dx: 0.1, dy: 0.1

u (22x12): 
         |        0        1        2        3        4        5        6        7        8        9       10       11       12       13       14       15       16       17       18       19       20
-------------------------------------------------------------------------------------------------------------------------------------------------------------------------------------------------------------------------
       11|        0     1.91     1.86     1.82      1.8     1.79     1.78     1.77     1.77     1.76     1.76     1.76     1.76     1.76     1.76     1.76     1.76     1.77      1.8     1.86        0
       10|        0   0.0893    0.143    0.177    0.199    0.214    0.225    0.232    0.237    0.241    0.244    0.245    0.247    0.247    0.246    0.245     0.24     0.23    0.203    0.137        0
        9|        0  -0.0337  -0.0362  -0.0319  -0.0269  -0.0225   -0.019  -0.0163  -0.0143   -0.013  -0.0121  -0.0117  -0.0117  -0.0121  -0.0128   -0.014  -0.0155   -0.017   -0.018  -0.0162        0
        8|        0   -0.016  -0.0271  -0.0322   -0.034  -0.0343   -0.034  -0.0335  -0.0331  -0.0328  -0.0327   -0.033  -0.0336  -0.0348  -0.0366  -0.0395  -0.0437  -0.0489  -0.0519  -0.0414        0
        7|        0  -0.0102  -0.0192   -0.025  -0.0284  -0.0302  -0.0312  -0.0316  -0.0319  -0.0321  -0.0324  -0.0328  -0.0335  -0.0344  -0.0357  -0.0375  -0.0397  -0.0415  -0.0401   -0.029        0
        6|        0 -0.00727  -0.0145  -0.0199  -0.0237  -0.0262  -0.0279   -0.029  -0.0297  -0.0303  -0.0308  -0.0312  -0.0316  -0.0321  -0.0327  -0.0331  -0.0331  -0.0317  -0.0272  -0.0168        0
        5|        0 -0.00562  -0.0116  -0.0165  -0.0203  -0.0231  -0.0252  -0.0267  -0.0277  -0.0285  -0.0291  -0.0295  -0.0297  -0.0298  -0.0296  -0.0289  -0.0275  -0.0246  -0.0192  -0.0105        0
        4|        0 -0.00464 -0.00971  -0.0142  -0.0178  -0.0208   -0.023  -0.0247   -0.026  -0.0269  -0.0276  -0.0279  -0.0279  -0.0277  -0.0269  -0.0256  -0.0234  -0.0199  -0.0146 -0.00743        0
        3|        0 -0.00405 -0.00853  -0.0126  -0.0161   -0.019  -0.0214  -0.0233  -0.0247  -0.0257  -0.0263  -0.0266  -0.0265   -0.026  -0.0249  -0.0232  -0.0206  -0.0169  -0.0119 -0.00586        0
        2|        0 -0.00375 -0.00783  -0.0117  -0.0151   -0.018  -0.0204  -0.0223  -0.0238  -0.0248  -0.0254  -0.0257  -0.0255  -0.0248  -0.0235  -0.0216  -0.0188  -0.0151  -0.0105 -0.00504        0
        1|        0 -0.00378 -0.00832  -0.0124   -0.016  -0.0189  -0.0212  -0.0229  -0.0241  -0.0248   -0.025  -0.0248  -0.0242  -0.0231  -0.0215  -0.0193  -0.0164  -0.0129 -0.00879 -0.00413        0
        0|        0 -0.00291  -0.0064 -0.00968  -0.0126  -0.0152  -0.0174  -0.0191  -0.0204  -0.0213  -0.0218  -0.0219  -0.0215  -0.0207  -0.0193  -0.0173  -0.0148  -0.0116 -0.00791 -0.00391        0

v (22x12): 
         |        0        1        2        3        4        5        6        7        8        9       10       11       12       13       14       15       16       17       18       19       20       21
-------------------------------------------------------------------------------------------------------------------------------------------------------------------------------------------------------------------------
       10|        0        0        0        0        0        0        0        0        0        0        0        0        0        0        0        0        0        0        0        0        0        0
        9|  -0.0891   0.0893   0.0541   0.0337   0.0222   0.0151   0.0104  0.00733  0.00518  0.00368  0.00259  0.00179  0.00109 0.000365-0.000478 -0.00171  -0.0043  -0.0106  -0.0267  -0.0663   -0.137    0.135
        8|  -0.0554   0.0556   0.0517    0.038   0.0272   0.0194   0.0139     0.01  0.00716  0.00505  0.00345  0.00218  0.00109 5.99e-06 -0.00122 -0.00291  -0.0058  -0.0121  -0.0277  -0.0645   -0.121    0.118
        7|  -0.0394   0.0396   0.0406   0.0329   0.0254   0.0191   0.0143   0.0105  0.00759  0.00533  0.00349  0.00193 0.000443 -0.00113 -0.00307 -0.00577    -0.01  -0.0173  -0.0307   -0.054  -0.0792   0.0776
        6|  -0.0292   0.0294   0.0316   0.0271    0.022   0.0173   0.0133     0.01  0.00732   0.0051  0.00322  0.00151-0.000184 -0.00207 -0.00441 -0.00759  -0.0122  -0.0191  -0.0293  -0.0429  -0.0503   0.0493
        5|   -0.022   0.0221   0.0243   0.0216   0.0182   0.0148   0.0116  0.00891  0.00656  0.00456  0.00276  0.00108-0.000642 -0.00257 -0.00494 -0.00801  -0.0122  -0.0177  -0.0249  -0.0325  -0.0334   0.0329
        4|  -0.0164   0.0165   0.0184   0.0167   0.0144   0.0119  0.00957  0.00741  0.00549  0.00378  0.00221 0.000689-0.000879 -0.00265 -0.00475 -0.00739  -0.0107  -0.0148  -0.0195  -0.0238  -0.0229   0.0226
        3|  -0.0117   0.0118   0.0133   0.0123   0.0107    0.009  0.00729  0.00569  0.00421  0.00286  0.00159 0.000358-0.000936 -0.00236 -0.00405 -0.00606 -0.00848  -0.0113  -0.0142  -0.0166  -0.0155   0.0153
        2| -0.00771  0.00777  0.00886  0.00819  0.00719  0.00606  0.00492  0.00382   0.0028  0.00185 0.000958 7.07e-05 -0.00084 -0.00185 -0.00299 -0.00434 -0.00587 -0.00758 -0.00927  -0.0106 -0.00967  0.00955
        1| -0.00399  0.00402  0.00477  0.00435  0.00377  0.00315  0.00251  0.00191  0.00134 0.000818 0.000318-0.000156 -0.00065 -0.00117 -0.00175 -0.00239 -0.00312 -0.00388 -0.00461 -0.00514 -0.00464  0.00459
        0|  -0.0181   0.0183   0.0212   0.0202   0.0186   0.0165   0.0142   0.0115  0.00873  0.00579  0.00276-0.000374 -0.00358 -0.00686  -0.0102  -0.0135  -0.0166  -0.0196  -0.0219  -0.0234  -0.0212   0.0209

p (22x12): 
         |        0        1        2        3        4        5        6        7        8        9       10       11       12       13       14       15       16       17       18       19       20       21
-------------------------------------------------------------------------------------------------------------------------------------------------------------------------------------------------------------------------
       11|    -4.51    -4.51     -4.5     -4.5     -4.5     -4.5     -4.5    -4.49    -4.49    -4.49    -4.49    -4.49    -4.49    -4.48    -4.48    -4.48    -4.48    -4.48    -4.47    -4.46    -4.43    -4.43
       10|    -4.51    -4.51     -4.5     -4.5     -4.5     -4.5     -4.5    -4.49    -4.49    -4.49    -4.49    -4.49    -4.49    -4.48    -4.48    -4.48    -4.48    -4.48    -4.47    -4.46    -4.43    -4.43
        9|     -4.5     -4.5     -4.5     -4.5     -4.5     -4.5     -4.5    -4.49    -4.49    -4.49    -4.49    -4.49    -4.49    -4.48    -4.48    -4.48    -4.48    -4.48    -4.47    -4.47    -4.45    -4.45
        8|     -4.5     -4.5     -4.5     -4.5     -4.5     -4.5    -4.49    -4.49    -4.49    -4.49    -4.49    -4.49    -4.49    -4.48    -4.48    -4.48    -4.48    -4.48    -4.47    -4.47    -4.46    -4.46
        7|     -4.5     -4.5     -4.5     -4.5     -4.5    -4.49    -4.49    -4.49    -4.49    -4.49    -4.49    -4.49    -4.49    -4.48    -4.48    -4.48    -4.48    -4.48    -4.47    -4.47    -4.47    -4.47
        6|    -4.49    -4.49    -4.49    -4.49    -4.49    -4.49    -4.49    -4.49    -4.49    -4.49    -4.49    -4.49    -4.48    -4.48    -4.48    -4.48    -4.48    -4.48    -4.47    -4.47    -4.47    -4.47
        5|    -4.49    -4.49    -4.49    -4.49    -4.49    -4.49    -4.49    -4.49    -4.49    -4.49    -4.49    -4.49    -4.48    -4.48    -4.48    -4.48    -4.48    -4.48    -4.47    -4.47    -4.47    -4.47
        4|    -4.49    -4.49    -4.49    -4.49    -4.49    -4.49    -4.49    -4.49    -4.49    -4.49    -4.49    -4.49    -4.48    -4.48    -4.48    -4.48    -4.48    -4.48    -4.48    -4.47    -4.47    -4.47
        3|    -4.49    -4.49    -4.49    -4.49    -4.49    -4.49    -4.49    -4.49    -4.49    -4.49    -4.49    -4.49    -4.48    -4.48    -4.48    -4.48    -4.48    -4.48    -4.48    -4.48    -4.48    -4.48
        2|    -4.49    -4.49    -4.49    -4.49    -4.49    -4.49    -4.49    -4.49    -4.49    -4.49    -4.49    -4.49    -4.48    -4.48    -4.48    -4.48    -4.48    -4.48    -4.48    -4.48    -4.48    -4.48
        1|    -4.49    -4.49    -4.49    -4.49    -4.49    -4.49    -4.49    -4.49    -4.49    -4.49    -4.49    -4.49    -4.48    -4.48    -4.48    -4.48    -4.48    -4.48    -4.48    -4.48    -4.48    -4.48
        0|    -4.49    -4.49    -4.49    -4.49    -4.49    -4.49    -4.49    -4.49    -4.49    -4.49    -4.49    -4.49    -4.48    -4.48    -4.48    -4.48    -4.48    -4.48    -4.48    -4.48    -4.48    -4.48

F (22x12): 
         |        0        1        2        3        4        5        6        7        8        9       10       11       12       13       14       15       16       17       18       19       20
-------------------------------------------------------------------------------------------------------------------------------------------------------------------------------------------------------------------------
       11|        0     1.91     1.86     1.82      1.8     1.79     1.78     1.77     1.77     1.76     1.76     1.76     1.76     1.76     1.76     1.76     1.76     1.77      1.8     1.86        0
       10|        0   0.0905    0.144    0.177      0.2    0.215    0.225    0.233    0.238    0.241    0.244    0.246    0.247    0.247    0.247    0.245    0.241    0.231    0.206    0.143        0
        9|        0  -0.0336   -0.036  -0.0316  -0.0265  -0.0221  -0.0186  -0.0159  -0.0139  -0.0125  -0.0117  -0.0113  -0.0113  -0.0116  -0.0124  -0.0135  -0.0149   -0.016  -0.0161  -0.0132        0
        8|        0   -0.016   -0.027   -0.032  -0.0337   -0.034  -0.0336  -0.0331  -0.0327  -0.0324  -0.0323  -0.0326  -0.0332  -0.0343  -0.0362   -0.039  -0.0431  -0.0481  -0.0506  -0.0401        0
        7|        0  -0.0102  -0.0191  -0.0249  -0.0282  -0.0299  -0.0309  -0.0313  -0.0316  -0.0318   -0.032  -0.0324   -0.033  -0.0339  -0.0353   -0.037  -0.0391  -0.0407  -0.0393  -0.0283        0
        6|        0 -0.00726  -0.0144  -0.0198  -0.0235   -0.026  -0.0276  -0.0287  -0.0294    -0.03  -0.0304  -0.0308  -0.0312  -0.0317  -0.0322  -0.0326  -0.0325  -0.0311  -0.0267  -0.0165        0
        5|        0  -0.0056  -0.0115  -0.0164  -0.0201  -0.0229  -0.0249  -0.0264  -0.0274  -0.0282  -0.0287  -0.0291  -0.0293  -0.0294  -0.0292  -0.0285  -0.0271  -0.0241  -0.0188  -0.0103        0
        4|        0 -0.00463 -0.00965  -0.0141  -0.0177  -0.0206  -0.0228  -0.0245  -0.0257  -0.0266  -0.0272  -0.0275  -0.0276  -0.0273  -0.0266  -0.0252   -0.023  -0.0195  -0.0143  -0.0073        0
        3|        0 -0.00403 -0.00847  -0.0125   -0.016  -0.0189  -0.0212   -0.023  -0.0244  -0.0254   -0.026  -0.0263  -0.0262  -0.0256  -0.0246  -0.0228  -0.0203  -0.0166  -0.0117 -0.00577        0
        2|        0 -0.00373 -0.00778  -0.0116  -0.0149  -0.0178  -0.0202  -0.0221  -0.0235  -0.0245  -0.0251  -0.0253  -0.0251  -0.0244  -0.0232  -0.0213  -0.0185  -0.0149  -0.0103 -0.00496        0
        1|        0 -0.00377 -0.00827  -0.0123  -0.0159  -0.0187   -0.021  -0.0227  -0.0238  -0.0245  -0.0247  -0.0245  -0.0238  -0.0227  -0.0211  -0.0189  -0.0162  -0.0127 -0.00862 -0.00406        0
        0|        0        0        0        0        0        0        0        0        0        0        0        0        0        0        0        0        0        0        0        0        0

G (22x12): 
         |        0        1        2        3        4        5        6        7        8        9       10       11       12       13       14       15       16       17       18       19       20       21
-------------------------------------------------------------------------------------------------------------------------------------------------------------------------------------------------------------------------
       10|        0        0        0        0        0        0        0        0        0        0        0        0        0        0        0        0        0        0        0        0        0        0
        9|  -0.0891    0.088    0.054   0.0336    0.022   0.0149   0.0103   0.0072  0.00507  0.00359  0.00252  0.00173  0.00103 0.000317-0.000509 -0.00172 -0.00423  -0.0103  -0.0257  -0.0639   -0.131    0.135
        8|  -0.0554   0.0548    0.051   0.0374   0.0267    0.019   0.0136  0.00974  0.00695  0.00488  0.00332  0.00207 0.000986-9.15e-05 -0.00133 -0.00305 -0.00598  -0.0123  -0.0279   -0.064   -0.118    0.118
        7|  -0.0394   0.0391   0.0401   0.0324    0.025   0.0188    0.014   0.0103  0.00739  0.00517  0.00336  0.00181 0.000346 -0.00122 -0.00317 -0.00587  -0.0101  -0.0174  -0.0307  -0.0536  -0.0781   0.0776
        6|  -0.0292    0.029   0.0312   0.0267   0.0217    0.017   0.0131  0.00979  0.00715  0.00496   0.0031  0.00141-0.000266 -0.00214 -0.00446 -0.00762  -0.0122   -0.019  -0.0291  -0.0424  -0.0494   0.0493
        5|   -0.022   0.0218   0.0241   0.0214   0.0179   0.0145   0.0114  0.00873  0.00642  0.00444  0.00267    0.001-0.000704 -0.00262 -0.00496 -0.00801  -0.0121  -0.0176  -0.0246   -0.032  -0.0329   0.0329
        4|  -0.0164   0.0163   0.0182   0.0165   0.0142   0.0118  0.00941  0.00727  0.00538  0.00368  0.00213 0.000629-0.000922 -0.00267 -0.00475 -0.00736  -0.0106  -0.0147  -0.0193  -0.0235  -0.0226   0.0226
        3|  -0.0117   0.0117   0.0132   0.0121   0.0106  0.00887  0.00718  0.00559  0.00412  0.00279  0.00154 0.000319-0.000962 -0.00237 -0.00404 -0.00602 -0.00841  -0.0112   -0.014  -0.0164  -0.0153   0.0153
        2| -0.00771  0.00767  0.00876  0.00809   0.0071  0.00598  0.00485  0.00376  0.00275  0.00181 0.000928 5.04e-05-0.000851 -0.00185 -0.00298 -0.00431 -0.00582  -0.0075 -0.00916  -0.0104 -0.00952  0.00955
        1| -0.00399  0.00406  0.00482   0.0044  0.00381  0.00319  0.00254  0.00193  0.00135 0.000823 0.000319-0.000159-0.000655 -0.00117 -0.00176  -0.0024 -0.00312 -0.00386 -0.00459 -0.00511 -0.00461  0.00459
        0|  -0.0181        0        0        0        0        0        0        0        0        0        0        0        0        0        0        0        0        0        0        0        0   0.0209

rhs (22x12): 
         |        0        1        2        3        4        5        6        7        8        9       10       11       12       13       14       15       16       17       18       19       20       21
-------------------------------------------------------------------------------------------------------------------------------------------------------------------------------------------------------------------------
       11|        0        0        0        0        0        0        0        0        0        0        0        0        0        0        0        0        0        0        0        0        0        0
       10|        0    0.949   -0.304   0.0595    0.109   0.0922   0.0778   0.0549   0.0458   0.0301   0.0279    0.019   0.0244   0.0216   0.0238   0.0344   0.0817    0.174    0.328   0.0871    -4.37        0
        9|        0   -0.165    0.214    0.205    0.142    0.108   0.0717   0.0579   0.0361   0.0328   0.0187   0.0217   0.0136    0.023   0.0318   0.0661    0.138    0.348    0.781     1.12   0.0645        0
        8|        0  -0.0939  -0.0273  -0.0183 0.000532 -0.00175  0.00689 0.000104  0.00699-0.000419  0.00636-0.000959  0.00603-0.000242  0.00795  0.00269   0.0162   0.0323   0.0943    0.058  -0.0648        0
        7|        0  -0.0377  -0.0208 -0.00886  -0.0108-0.000388 -0.00545  0.00279 -0.00362  0.00382 -0.00309  0.00405 -0.00302  0.00383  -0.0039  0.00165 -0.00918  -0.0118  -0.0438  -0.0877   -0.119        0
        6|        0  -0.0264 -0.00605  -0.0111 -0.00139 -0.00648  0.00196 -0.00425  0.00336 -0.00341  0.00383 -0.00323  0.00381 -0.00362  0.00278 -0.00581 -0.00207  -0.0164  -0.0234  -0.0453    -0.03        0
        5|        0  -0.0135 -0.00943 -0.00131 -0.00689  0.00147 -0.00466  0.00308 -0.00358  0.00377  -0.0032  0.00394 -0.00327  0.00356 -0.00408  0.00189 -0.00738 -0.00433  -0.0177  -0.0154 -0.00407        0
        4|        0  -0.0148-0.000385 -0.00688  0.00119 -0.00502   0.0028 -0.00378  0.00368 -0.00319  0.00403 -0.00302  0.00397 -0.00333  0.00334 -0.00457  0.00105 -0.00842  -0.0046  -0.0139  0.00827        0
        3|        0 -0.00724 -0.00642  0.00112  -0.0053   0.0025 -0.00403  0.00352 -0.00326  0.00406 -0.00292  0.00423 -0.00295  0.00399 -0.00346  0.00301 -0.00517  0.00031 -0.00884 -0.00304  0.00429        0
        2|        0  -0.0453  -0.0409  -0.0446   -0.032  -0.0329  -0.0194  -0.0204 -0.00769 -0.00986  0.00142 -0.00232  0.00756  0.00278   0.0116  0.00547   0.0126  0.00466   0.0102  0.00188   0.0201        0
        1|        0    0.112     0.12    0.126    0.115    0.116      0.1   0.0958   0.0751    0.066   0.0408   0.0276 -0.00257  -0.0224  -0.0596  -0.0859   -0.128   -0.157   -0.195   -0.211   -0.208        0
        0|        0        0        0        0        0        0        0        0        0        0        0        0        0        0        0        0        0        0        0        0        0        0

