t: 0.505564
nCells: 20x10, dx: 0.1, dy: 0.1

u (22x12): 
         |        0        1        2        3        4        5        6        7        8        9       10       11       12       13       14       15       16       17       18       19       20
-------------------------------------------------------------------------------------------------------------------------------------------------------------------------------------------------------------------------
       11|        0 -0.00137 -0.00275 -0.00399 -0.00506 -0.00593 -0.00661 -0.00712 -0.00746 -0.00766 -0.00773 -0.00766 -0.00746 -0.00712 -0.00662 -0.00594 -0.00507 -0.00401 -0.00276 -0.00138        0
       10|        0 -0.00114 -0.00229 -0.00335 -0.00427 -0.00505 -0.00568 -0.00616  -0.0065  -0.0067 -0.00677 -0.00671 -0.00652  -0.0062 -0.00573 -0.00511 -0.00433  -0.0034 -0.00233 -0.00116        0
        9|        0 -0.00097 -0.00195 -0.00286 -0.00367 -0.00436 -0.00493 -0.00537 -0.00568 -0.00587 -0.00594 -0.00588  -0.0057  -0.0054 -0.00497  -0.0044 -0.00371 -0.00289 -0.00198-0.000985        0
        8|        0-0.000834 -0.00168 -0.00247 -0.00318 -0.00379 -0.00431 -0.00471 -0.00499 -0.00517 -0.00523 -0.00518 -0.00501 -0.00473 -0.00433 -0.00382 -0.00321 -0.00249  -0.0017-0.000844        0
        7|        0-0.000726 -0.00146 -0.00215 -0.00278 -0.00333 -0.00379 -0.00416 -0.00442 -0.00458 -0.00463 -0.00458 -0.00443 -0.00417 -0.00381 -0.00335  -0.0028 -0.00217 -0.00148-0.000733        0
        6|        0-0.000641 -0.00129 -0.00191 -0.00247 -0.00296 -0.00338 -0.00371 -0.00395 -0.00409 -0.00414  -0.0041 -0.00395 -0.00372 -0.00339 -0.00298 -0.00248 -0.00192  -0.0013-0.000646        0
        5|        0-0.000574 -0.00116 -0.00171 -0.00222 -0.00267 -0.00305 -0.00335 -0.00357  -0.0037 -0.00375  -0.0037 -0.00357 -0.00336 -0.00306 -0.00268 -0.00223 -0.00172 -0.00117-0.000578        0
        4|        0-0.000524 -0.00106 -0.00156 -0.00203 -0.00244 -0.00279 -0.00307 -0.00327  -0.0034 -0.00344  -0.0034 -0.00328 -0.00308  -0.0028 -0.00245 -0.00204 -0.00157 -0.00106-0.000527        0
        3|        0-0.000488-0.000986 -0.00146 -0.00189 -0.00228 -0.00261 -0.00287 -0.00306 -0.00318 -0.00322 -0.00318 -0.00307 -0.00287 -0.00261 -0.00228  -0.0019 -0.00146 -0.00099 -0.00049        0
        2|        0-0.000464-0.000938 -0.00139  -0.0018 -0.00217 -0.00248 -0.00274 -0.00292 -0.00303 -0.00307 -0.00303 -0.00292 -0.00274 -0.00249 -0.00218 -0.00181 -0.00139-0.000942-0.000467        0
        1|        0-0.000433-0.000875 -0.00129 -0.00168 -0.00203 -0.00232 -0.00255 -0.00273 -0.00283 -0.00287 -0.00283 -0.00273 -0.00256 -0.00232 -0.00203 -0.00169  -0.0013-0.000879-0.000435        0
        0|        0 0.000413 0.000834  0.00123   0.0016  0.00193  0.00221  0.00243   0.0026   0.0027  0.00273   0.0027   0.0026  0.00244  0.00221  0.00193  0.00161  0.00124 0.000837 0.000414        0

v (22x12): 
         |        0        1        2        3        4        5        6        7        8        9       10       11       12       13       14       15       16       17       18       19       20       21
-------------------------------------------------------------------------------------------------------------------------------------------------------------------------------------------------------------------------
       10| -0.00647   0.0068   0.0069  0.00646  0.00584  0.00509  0.00425  0.00335  0.00242  0.00147  0.00051 -0.00045 -0.00141 -0.00237 -0.00331 -0.00423 -0.00509 -0.00586  -0.0065 -0.00695 -0.00687  0.00653
        9| -0.00539  0.00566  0.00575  0.00541  0.00492  0.00431  0.00362  0.00287  0.00208  0.00126 0.000439-0.000392 -0.00122 -0.00204 -0.00284  -0.0036 -0.00431 -0.00493 -0.00544 -0.00579  -0.0057  0.00543
        8| -0.00446  0.00469  0.00477   0.0045  0.00411  0.00362  0.00305  0.00243  0.00176  0.00108 0.000372-0.000337 -0.00104 -0.00174 -0.00241 -0.00304 -0.00362 -0.00412 -0.00452  -0.0048 -0.00472  0.00449
        7| -0.00367  0.00385  0.00392  0.00371   0.0034    0.003  0.00254  0.00203  0.00148 0.000901 0.000311-0.000284-0.000877 -0.00146 -0.00201 -0.00253   -0.003  -0.0034 -0.00372 -0.00394 -0.00387  0.00369
        6| -0.00298  0.00313  0.00319  0.00302  0.00277  0.00245  0.00208  0.00166  0.00121 0.000741 0.000256-0.000236-0.000723  -0.0012 -0.00165 -0.00207 -0.00245 -0.00277 -0.00303  -0.0032 -0.00314  0.00299
        5| -0.00237  0.00249  0.00253   0.0024  0.00221  0.00196  0.00166  0.00133 0.000974 0.000596 0.000205 -0.00019-0.000582-0.000962 -0.00133 -0.00166 -0.00196 -0.00221 -0.00241 -0.00254  -0.0025  0.00237
        4| -0.00182  0.00191  0.00195  0.00185   0.0017  0.00151  0.00129  0.00103 0.000754 0.000461 0.000159-0.000148-0.000451-0.000746 -0.00102 -0.00128 -0.00151  -0.0017 -0.00185 -0.00195 -0.00192  0.00182
        3| -0.00132  0.00139  0.00141  0.00134  0.00124   0.0011 0.000936 0.000751 0.000549 0.000336 0.000115-0.000108-0.000329-0.000543-0.000747-0.000933  -0.0011 -0.00124 -0.00135 -0.00142 -0.00139  0.00132
        2|-0.000855 0.000898 0.000917  0.00087 0.000802 0.000713 0.000608 0.000488 0.000357 0.000218 7.52e-05-7.03e-05-0.000214-0.000353-0.000485-0.000606-0.000712-0.000802-0.000872-0.000919  -0.0009 0.000857
        1|-0.000414 0.000433 0.000442  0.00042 0.000387 0.000345 0.000294 0.000236 0.000173 0.000106 3.62e-05-3.37e-05-0.000104-0.000171-0.000235-0.000292-0.000344-0.000387-0.000421-0.000443-0.000434 0.000414
        0|        0        0        0        0        0        0        0        0        0        0        0        0        0        0        0        0        0        0        0        0        0        0

p (22x12): 
         |        0        1        2        3        4        5        6        7        8        9       10       11       12       13       14       15       16       17       18       19       20       21
-------------------------------------------------------------------------------------------------------------------------------------------------------------------------------------------------------------------------
       11|  -0.0992  -0.0992   -0.099  -0.0985  -0.0977  -0.0967  -0.0956  -0.0943  -0.0929  -0.0914  -0.0899  -0.0883  -0.0868  -0.0853  -0.0839  -0.0825  -0.0813  -0.0803  -0.0795  -0.0789  -0.0786  -0.0786
       10|  -0.0978  -0.0978  -0.0976  -0.0972  -0.0965  -0.0957  -0.0947  -0.0936  -0.0924  -0.0911  -0.0898  -0.0884  -0.0871  -0.0858  -0.0846  -0.0834  -0.0824  -0.0815  -0.0809  -0.0804  -0.0802  -0.0802
        9|  -0.0966  -0.0966  -0.0965  -0.0961  -0.0955  -0.0948   -0.094   -0.093  -0.0919  -0.0908  -0.0897  -0.0885  -0.0873  -0.0862  -0.0851  -0.0841  -0.0832  -0.0825  -0.0819  -0.0815  -0.0814  -0.0814
        8|  -0.0957  -0.0957  -0.0955  -0.0952  -0.0947  -0.0941  -0.0934  -0.0925  -0.0916  -0.0906  -0.0896  -0.0885  -0.0875  -0.0865  -0.0856  -0.0847   -0.084  -0.0833  -0.0828  -0.0825  -0.0823  -0.0823
        7|  -0.0949  -0.0949  -0.0947  -0.0945   -0.094  -0.0935  -0.0928  -0.0921  -0.0913  -0.0904  -0.0895  -0.0886  -0.0877  -0.0868   -0.086  -0.0852  -0.0846   -0.084  -0.0836  -0.0833  -0.0831  -0.0831
        6|  -0.0942  -0.0942  -0.0941  -0.0939  -0.0935   -0.093  -0.0924  -0.0918   -0.091  -0.0903  -0.0895  -0.0886  -0.0878   -0.087  -0.0863  -0.0856   -0.085  -0.0845  -0.0842  -0.0839  -0.0838  -0.0838
        5|  -0.0937  -0.0937  -0.0936  -0.0934  -0.0931  -0.0926  -0.0921  -0.0915  -0.0908  -0.0901  -0.0894  -0.0887  -0.0879  -0.0872  -0.0866   -0.086  -0.0854   -0.085  -0.0846  -0.0844  -0.0843  -0.0843
        4|  -0.0933  -0.0933  -0.0932   -0.093  -0.0927  -0.0923  -0.0918  -0.0913  -0.0907    -0.09  -0.0894  -0.0887   -0.088  -0.0874  -0.0868  -0.0862  -0.0857  -0.0853   -0.085  -0.0848  -0.0847  -0.0847
        3|   -0.093   -0.093  -0.0929  -0.0928  -0.0925  -0.0921  -0.0917  -0.0911  -0.0906    -0.09  -0.0893  -0.0887  -0.0881  -0.0875  -0.0869  -0.0864  -0.0859  -0.0856  -0.0853  -0.0851   -0.085   -0.085
        2|  -0.0929  -0.0929  -0.0928  -0.0926  -0.0923   -0.092  -0.0915  -0.0911  -0.0905  -0.0899  -0.0893  -0.0887  -0.0881  -0.0875   -0.087  -0.0865  -0.0861  -0.0857  -0.0854  -0.0853  -0.0852  -0.0852
        1|  -0.0928  -0.0928  -0.0927  -0.0925  -0.0922  -0.0919  -0.0915   -0.091  -0.0905  -0.0899  -0.0893  -0.0887  -0.0881  -0.0876   -0.087  -0.0866  -0.0861  -0.0858  -0.0855  -0.0853  -0.0853  -0.0853
        0|  -0.0928  -0.0928  -0.0927  -0.0925  -0.0922  -0.0919  -0.0915   -0.091  -0.0905  -0.0899  -0.0893  -0.0887  -0.0881  -0.0876   -0.087  -0.0866  -0.0861  -0.0858  -0.0855  -0.0853  -0.0853  -0.0853

F (22x12): 
         |        0        1        2        3        4        5        6        7        8        9       10       11       12       13       14       15       16       17       18       19       20
-------------------------------------------------------------------------------------------------------------------------------------------------------------------------------------------------------------------------
       11|        0        0        0        0        0        0        0        0        0        0        0        0        0        0        0        0        0        0        0        0        0
       10|        0 -0.00109 -0.00218 -0.00318 -0.00406  -0.0048  -0.0054 -0.00585 -0.00617 -0.00636 -0.00643 -0.00637 -0.00619 -0.00588 -0.00544 -0.00485 -0.00411 -0.00322 -0.00221 -0.00111        0
        9|        0-0.000924 -0.00185 -0.00272 -0.00349 -0.00414 -0.00468  -0.0051  -0.0054 -0.00558 -0.00564 -0.00558 -0.00541 -0.00512 -0.00471 -0.00418 -0.00352 -0.00275 -0.00188-0.000937        0
        8|        0-0.000794  -0.0016 -0.00235 -0.00302 -0.00361 -0.00409 -0.00447 -0.00474 -0.00491 -0.00496 -0.00491 -0.00476 -0.00449 -0.00411 -0.00363 -0.00304 -0.00237 -0.00161-0.000803        0
        7|        0-0.000691 -0.00139 -0.00205 -0.00264 -0.00317  -0.0036 -0.00395  -0.0042 -0.00435  -0.0044 -0.00435 -0.00421 -0.00396 -0.00362 -0.00318 -0.00266 -0.00206  -0.0014-0.000697        0
        6|        0 -0.00061 -0.00123 -0.00181 -0.00234 -0.00281 -0.00321 -0.00352 -0.00375 -0.00389 -0.00393 -0.00389 -0.00375 -0.00353 -0.00322 -0.00283 -0.00236 -0.00182 -0.00124-0.000615        0
        5|        0-0.000547  -0.0011 -0.00163 -0.00211 -0.00253 -0.00289 -0.00318 -0.00339 -0.00351 -0.00356 -0.00352 -0.00339 -0.00319  -0.0029 -0.00254 -0.00212 -0.00164 -0.00111 -0.00055        0
        4|        0-0.000499 -0.00101 -0.00149 -0.00193 -0.00232 -0.00265 -0.00292 -0.00311 -0.00323 -0.00327 -0.00323 -0.00311 -0.00292 -0.00266 -0.00233 -0.00193 -0.00149 -0.00101-0.000502        0
        3|        0-0.000464-0.000937 -0.00138  -0.0018 -0.00216 -0.00247 -0.00272 -0.00291 -0.00302 -0.00306 -0.00302 -0.00291 -0.00273 -0.00248 -0.00217  -0.0018 -0.00139-0.000941-0.000466        0
        2|        0-0.000442-0.000892 -0.00132 -0.00171 -0.00206 -0.00236  -0.0026 -0.00277 -0.00288 -0.00292 -0.00288 -0.00278  -0.0026 -0.00236 -0.00207 -0.00172 -0.00132-0.000895-0.000444        0
        1|        0-0.000411 -0.00083 -0.00123 -0.00159 -0.00192  -0.0022 -0.00242 -0.00258 -0.00268 -0.00272 -0.00268 -0.00259 -0.00242  -0.0022 -0.00192  -0.0016 -0.00123-0.000833-0.000412        0
        0|        0 0.000413 0.000834  0.00123   0.0016  0.00193  0.00221  0.00243   0.0026   0.0027  0.00273   0.0027   0.0026  0.00244  0.00221  0.00193  0.00161  0.00124 0.000837 0.000414        0

G (22x12): 
         |        0        1        2        3        4        5        6        7        8        9       10       11       12       13       14       15       16       17       18       19       20       21
-------------------------------------------------------------------------------------------------------------------------------------------------------------------------------------------------------------------------
       10| -0.00647  0.00643  0.00654  0.00613  0.00554  0.00482  0.00402  0.00317  0.00228  0.00138 0.000479 -0.00043 -0.00134 -0.00224 -0.00314   -0.004 -0.00482 -0.00555 -0.00615 -0.00657 -0.00647  0.00653
        9| -0.00539  0.00536  0.00546  0.00513  0.00467  0.00409  0.00343  0.00272  0.00197   0.0012 0.000413-0.000376 -0.00116 -0.00194  -0.0027 -0.00342 -0.00409 -0.00468 -0.00516 -0.00549  -0.0054  0.00543
        8| -0.00446  0.00444  0.00453  0.00427   0.0039  0.00343   0.0029   0.0023  0.00167  0.00102 0.000351-0.000323-0.000992 -0.00165 -0.00229 -0.00289 -0.00344 -0.00391 -0.00429 -0.00455 -0.00447  0.00449
        7| -0.00367  0.00365  0.00372  0.00352  0.00322  0.00285  0.00241  0.00192   0.0014 0.000854 0.000293-0.000272-0.000834 -0.00138 -0.00191  -0.0024 -0.00285 -0.00323 -0.00354 -0.00374 -0.00367  0.00369
        6| -0.00298  0.00296  0.00302  0.00286  0.00263  0.00233  0.00197  0.00158  0.00115 0.000702 0.000241-0.000225-0.000688 -0.00114 -0.00157 -0.00197 -0.00233 -0.00263 -0.00287 -0.00304 -0.00297  0.00299
        5| -0.00237  0.00235  0.00241  0.00228   0.0021  0.00186  0.00158  0.00127 0.000924 0.000564 0.000193-0.000181-0.000553-0.000915 -0.00126 -0.00158 -0.00186  -0.0021 -0.00229 -0.00241 -0.00236  0.00237
        4| -0.00182  0.00181  0.00185  0.00176  0.00162  0.00143  0.00122 0.000978 0.000715 0.000437  0.00015-0.000141-0.000429-0.000709-0.000973 -0.00122 -0.00143 -0.00162 -0.00176 -0.00186 -0.00182  0.00182
        3| -0.00132  0.00131  0.00134  0.00128  0.00117  0.00104 0.000888 0.000713 0.000521 0.000319 0.000109-0.000103-0.000313-0.000517 -0.00071-0.000886 -0.00104 -0.00118 -0.00128 -0.00135 -0.00132  0.00132
        2|-0.000855 0.000851 0.000871 0.000827 0.000762 0.000677 0.000577 0.000463 0.000339 0.000207 7.11e-05-6.72e-05-0.000203-0.000336-0.000461-0.000576-0.000677-0.000762-0.000828-0.000873-0.000853 0.000857
        1|-0.000414 0.000411 0.000421   0.0004 0.000368 0.000328 0.000279 0.000225 0.000164 0.000101 3.43e-05-3.22e-05-9.87e-05-0.000162-0.000223-0.000278-0.000328-0.000368-0.000401-0.000422-0.000412 0.000414
        0|        0        0        0        0        0        0        0        0        0        0        0        0        0        0        0        0        0        0        0        0        0        0

rhs (22x12): 
         |        0        1        2        3        4        5        6        7        8        9       10       11       12       13       14       15       16       17       18       19       20       21
-------------------------------------------------------------------------------------------------------------------------------------------------------------------------------------------------------------------------
       11|        0        0        0        0        0        0        0        0        0        0        0        0        0        0        0        0        0        0        0        0        0        0
       10|        0  -0.0059 -0.00335  -0.0038 -0.00317 -0.00346 -0.00264 -0.00271 -0.00166 -0.00152 -0.00026 8.83e-05   0.0016  0.00225  0.00405  0.00495  0.00691  0.00783   0.0096   0.0101   0.0126        0
        9|        0 -0.00172-0.000362 0.000149-0.000344 0.000173-0.000319 0.000196  -0.0003  0.00021-0.000292 0.000204-0.000305 0.000193-0.000322  0.00017-0.000349 0.000141-0.000376 0.000126  0.00165        0
        8|        0 -0.00179 0.000189-0.000312 0.000202-0.000294 0.000221-0.000276 0.000236-0.000264 0.000243-0.000269 0.000232-0.000278 0.000219-0.000295 0.000199-0.000317 0.000179-0.000328   0.0018        0
        7|        0 -0.00117-0.000285 0.000224-0.000274 0.000239-0.000258 0.000254-0.000245 0.000264 -0.00024  0.00026-0.000248 0.000253-0.000259 0.000238-0.000275 0.000221-0.000291 0.000212  0.00124        0
        6|        0 -0.00136 0.000242 -0.00026 0.000251-0.000247 0.000266-0.000233 0.000277-0.000224 0.000283-0.000226 0.000276-0.000233 0.000266-0.000246 0.000252-0.000261 0.000238-0.000269  0.00148        0
        5|        0-0.000842-0.000249  0.00026-0.000239 0.000272-0.000226 0.000285-0.000215 0.000294 -0.00021 0.000293-0.000215 0.000286-0.000224 0.000274-0.000238 0.000261 -0.00025 0.000253 0.000984        0
        4|        0 -0.00111 0.000267-0.000235 0.000276-0.000223 0.000289 -0.00021   0.0003-0.000202 0.000305-0.000203   0.0003-0.000209 0.000291 -0.00022 0.000278-0.000233 0.000267-0.000241  0.00128        0
        3|        0-0.000659-0.000232 0.000277-0.000223 0.000289 -0.00021 0.000301-0.000199 0.000309-0.000194 0.000309-0.000198 0.000304-0.000207 0.000292 -0.00022  0.00028-0.000231 0.000272 0.000832        0
        2|        0-0.000989 0.000279-0.000224 0.000287-0.000213 0.000299-0.000201 0.000309-0.000193 0.000314-0.000192 0.000311-0.000198 0.000303-0.000209 0.000291-0.000221  0.00028-0.000229  0.00117        0
        1|        0 0.000284  0.00075  0.00109 0.000652 0.000955 0.000484 0.000758 0.000262 0.000516 6.32e-06 0.000251-0.000263-1.52e-05-0.000521-0.000259-0.000742-0.000451  -0.0009-0.000566 3.02e-05        0
        0|        0        0        0        0        0        0        0        0        0        0        0        0        0        0        0        0        0        0        0        0        0        0

