t: 0.175644
nCells: 20x10, dx: 0.1, dy: 0.1

u (22x12): 
         |        0        1        2        3        4        5        6        7        8        9       10       11       12       13       14       15       16       17       18       19       20
-------------------------------------------------------------------------------------------------------------------------------------------------------------------------------------------------------------------------
       11|        0-0.000466-0.000919 -0.00132 -0.00167 -0.00195 -0.00217 -0.00234 -0.00245 -0.00251 -0.00253 -0.00251 -0.00245 -0.00234 -0.00217 -0.00195 -0.00167 -0.00132-0.000919-0.000466        0
       10|        0 -0.00039-0.000769 -0.00112 -0.00142 -0.00167 -0.00187 -0.00203 -0.00214  -0.0022 -0.00222  -0.0022 -0.00214 -0.00203 -0.00188 -0.00167 -0.00142 -0.00112 -0.00077-0.000391        0
        9|        0-0.000331-0.000653-0.000951 -0.00122 -0.00144 -0.00163 -0.00177 -0.00187 -0.00193 -0.00195 -0.00193 -0.00187 -0.00177 -0.00163 -0.00144 -0.00122-0.000952-0.000654-0.000331        0
        8|        0-0.000284-0.000562-0.000821 -0.00105 -0.00125 -0.00142 -0.00155 -0.00164  -0.0017 -0.00172  -0.0017 -0.00164 -0.00155 -0.00142 -0.00126 -0.00105-0.000821-0.000562-0.000284        0
        7|        0-0.000247-0.000489-0.000716-0.000922  -0.0011 -0.00125 -0.00137 -0.00145  -0.0015 -0.00152  -0.0015 -0.00145 -0.00137 -0.00125  -0.0011-0.000923-0.000717 -0.00049-0.000247        0
        6|        0-0.000218-0.000432-0.000633-0.000817-0.000978 -0.00111 -0.00122  -0.0013 -0.00135 -0.00136 -0.00135  -0.0013 -0.00122 -0.00111-0.000978-0.000817-0.000634-0.000432-0.000218        0
        5|        0-0.000195-0.000387-0.000568-0.000734 -0.00088   -0.001  -0.0011 -0.00117 -0.00122 -0.00123 -0.00122 -0.00117  -0.0011   -0.001-0.000881-0.000734-0.000569-0.000387-0.000195        0
        4|        0-0.000178-0.000353-0.000519-0.000671-0.000806 -0.00092 -0.00101 -0.00108 -0.00112 -0.00113 -0.00112 -0.00108 -0.00101 -0.00092-0.000806-0.000671-0.000519-0.000353-0.000178        0
        3|        0-0.000165-0.000329-0.000483-0.000625-0.000751-0.000858-0.000944 -0.00101 -0.00104 -0.00106 -0.00104 -0.00101-0.000944-0.000859-0.000752-0.000626-0.000483-0.000329-0.000165        0
        2|        0-0.000157-0.000313 -0.00046-0.000596-0.000716-0.000818  -0.0009 -0.00096-0.000997 -0.00101-0.000997 -0.00096-0.000901-0.000819-0.000716-0.000596 -0.00046-0.000313-0.000157        0
        1|        0-0.000151-0.000301-0.000443-0.000573-0.000689-0.000788-0.000867-0.000925 -0.00096-0.000972 -0.00096-0.000925-0.000867-0.000788 -0.00069-0.000574-0.000443-0.000301-0.000151        0
        0|        0 0.000128 0.000253 0.000373 0.000483  0.00058 0.000663  0.00073 0.000778 0.000808 0.000818 0.000808 0.000778  0.00073 0.000663  0.00058 0.000483 0.000373 0.000254 0.000128        0

v (22x12): 
         |        0        1        2        3        4        5        6        7        8        9       10       11       12       13       14       15       16       17       18       19       20       21
-------------------------------------------------------------------------------------------------------------------------------------------------------------------------------------------------------------------------
       10| -0.00195  0.00232  0.00227  0.00212  0.00192  0.00166  0.00138  0.00109  0.00078  0.00047 0.000157-0.000155-0.000468-0.000779 -0.00109 -0.00138 -0.00166 -0.00192 -0.00212 -0.00227 -0.00232  0.00195
        9| -0.00162  0.00193  0.00189  0.00178  0.00161  0.00141  0.00118 0.000933 0.000673 0.000407 0.000136-0.000135-0.000405-0.000672-0.000932 -0.00118 -0.00141 -0.00161 -0.00178 -0.00189 -0.00193  0.00162
        8| -0.00134   0.0016  0.00157  0.00148  0.00135  0.00118 0.000997 0.000791 0.000573 0.000347 0.000116-0.000115-0.000346-0.000572 -0.00079-0.000997 -0.00118 -0.00135 -0.00148 -0.00157  -0.0016  0.00134
        7|  -0.0011  0.00131  0.00129  0.00122  0.00112 0.000984 0.000831 0.000662  0.00048 0.000291 9.79e-05 -9.7e-05-0.000291 -0.00048-0.000661-0.000831-0.000984 -0.00112 -0.00122 -0.00129 -0.00131   0.0011
        6|-0.000896  0.00106  0.00105 0.000993  0.00091 0.000805 0.000681 0.000544 0.000396  0.00024 8.08e-05-8.01e-05 -0.00024-0.000395-0.000543-0.000681-0.000804 -0.00091-0.000993 -0.00105 -0.00106 0.000896
        5|-0.000713 0.000847 0.000836 0.000791 0.000726 0.000643 0.000546 0.000436 0.000318 0.000193  6.5e-05-6.45e-05-0.000193-0.000318-0.000436-0.000546-0.000643-0.000726-0.000791-0.000836-0.000847 0.000713
        4|-0.000549 0.000652 0.000644  0.00061  0.00056 0.000497 0.000422 0.000338 0.000247  0.00015 5.05e-05-5.01e-05 -0.00015-0.000246-0.000338-0.000422-0.000497 -0.00056 -0.00061-0.000644-0.000652 0.000549
        3|-0.000399 0.000474 0.000468 0.000444 0.000408 0.000363 0.000308 0.000247  0.00018  0.00011 3.69e-05-3.66e-05-0.000109 -0.00018-0.000247-0.000308-0.000362-0.000408-0.000444-0.000468-0.000474 0.000399
        2| -0.00026 0.000309 0.000305 0.000289 0.000266 0.000236 0.000201 0.000161 0.000118 7.17e-05 2.41e-05 -2.4e-05-7.16e-05-0.000118-0.000161-0.000201-0.000236-0.000266-0.000289-0.000305-0.000309  0.00026
        1|-0.000128 0.000151  0.00015 0.000142 0.000131 0.000116 9.88e-05 7.92e-05 5.79e-05 3.53e-05 1.19e-05-1.18e-05-3.52e-05-5.78e-05-7.92e-05-9.87e-05-0.000116-0.000131-0.000142 -0.00015-0.000151 0.000128
        0|        0        0        0        0        0        0        0        0        0        0        0        0        0        0        0        0        0        0        0        0        0        0

p (22x12): 
         |        0        1        2        3        4        5        6        7        8        9       10       11       12       13       14       15       16       17       18       19       20       21
-------------------------------------------------------------------------------------------------------------------------------------------------------------------------------------------------------------------------
       11|  -0.0116  -0.0116  -0.0113  -0.0107  -0.0099 -0.00884  -0.0076 -0.00621 -0.00472 -0.00316 -0.00155 6.72e-05  0.00167  0.00324  0.00473  0.00612  0.00737  0.00844  0.00928  0.00986   0.0102   0.0102
       10|  -0.0101  -0.0101 -0.00986 -0.00938 -0.00867 -0.00777  -0.0067 -0.00551 -0.00422 -0.00285 -0.00145-3.21e-05  0.00137  0.00274  0.00403  0.00523  0.00629   0.0072  0.00791   0.0084  0.00864  0.00864
        9| -0.00886 -0.00886 -0.00866 -0.00824 -0.00764 -0.00687 -0.00595 -0.00491 -0.00378 -0.00259 -0.00136-0.000117  0.00111  0.00231  0.00344  0.00447  0.00539  0.00617  0.00677  0.00719   0.0074   0.0074
        8| -0.00783 -0.00783 -0.00765  -0.0073 -0.00678 -0.00611 -0.00531 -0.00441 -0.00342 -0.00237 -0.00129 -0.00019 0.000894  0.00194  0.00293  0.00384  0.00464  0.00531  0.00583  0.00619  0.00637  0.00637
        7| -0.00699 -0.00699 -0.00683 -0.00652 -0.00607 -0.00548 -0.00478 -0.00398 -0.00311 -0.00218 -0.00122-0.000252 0.000708  0.00164  0.00251  0.00331  0.00401   0.0046  0.00505  0.00536  0.00552  0.00552
        6|  -0.0063  -0.0063 -0.00616 -0.00589 -0.00549 -0.00497 -0.00434 -0.00363 -0.00286 -0.00203 -0.00117-0.000302 0.000556  0.00138  0.00216  0.00287   0.0035  0.00402  0.00442  0.00469  0.00483  0.00483
        5| -0.00575 -0.00575 -0.00563 -0.00538 -0.00502 -0.00456   -0.004 -0.00336 -0.00265  -0.0019 -0.00113-0.000343 0.000433  0.00118  0.00188  0.00253  0.00309  0.00355  0.00392  0.00416  0.00428  0.00428
        4| -0.00533 -0.00533 -0.00522   -0.005 -0.00467 -0.00424 -0.00373 -0.00314  -0.0025 -0.00181  -0.0011-0.000375 0.000338  0.00102  0.00167  0.00226  0.00277   0.0032  0.00353  0.00375  0.00386  0.00386
        3| -0.00503 -0.00503 -0.00492 -0.00471 -0.00441 -0.00401 -0.00353 -0.00298 -0.00238 -0.00174 -0.00107-0.000398 0.000268  0.00091  0.00151  0.00206  0.00254  0.00294  0.00324  0.00345  0.00356  0.00356
        2| -0.00483 -0.00483 -0.00473 -0.00453 -0.00424 -0.00386  -0.0034 -0.00288 -0.00231 -0.00169 -0.00106-0.000413 0.000223 0.000836  0.00141  0.00193  0.00239  0.00277  0.00306  0.00326  0.00336  0.00336
        1| -0.00473 -0.00473 -0.00463 -0.00444 -0.00415 -0.00378 -0.00334 -0.00283 -0.00227 -0.00167 -0.00105-0.000421 0.000201 0.000799  0.00136  0.00187  0.00232  0.00269  0.00297  0.00317  0.00326  0.00326
        0| -0.00473 -0.00473 -0.00463 -0.00444 -0.00415 -0.00378 -0.00334 -0.00283 -0.00227 -0.00167 -0.00105-0.000421 0.000201 0.000799  0.00136  0.00187  0.00232  0.00269  0.00297  0.00317  0.00326  0.00326

F (22x12): 
         |        0        1        2        3        4        5        6        7        8        9       10       11       12       13       14       15       16       17       18       19       20
-------------------------------------------------------------------------------------------------------------------------------------------------------------------------------------------------------------------------
       11|        0        0        0        0        0        0        0        0        0        0        0        0        0        0        0        0        0        0        0        0        0
       10|        0-0.000328-0.000647-0.000937 -0.00119  -0.0014 -0.00157  -0.0017 -0.00179 -0.00185 -0.00186 -0.00185 -0.00179  -0.0017 -0.00157  -0.0014 -0.00119-0.000938-0.000647-0.000329        0
        9|        0-0.000278-0.000549-0.000799 -0.00102 -0.00121 -0.00137 -0.00148 -0.00157 -0.00162 -0.00164 -0.00162 -0.00157 -0.00148 -0.00137 -0.00121 -0.00102  -0.0008 -0.00055-0.000279        0
        8|        0-0.000239-0.000472-0.000689-0.000885 -0.00105 -0.00119  -0.0013 -0.00138 -0.00143 -0.00144 -0.00143 -0.00138  -0.0013 -0.00119 -0.00105-0.000885 -0.00069-0.000472-0.000239        0
        7|        0-0.000208-0.000411-0.000602-0.000774-0.000925 -0.00105 -0.00115 -0.00122 -0.00126 -0.00128 -0.00126 -0.00122 -0.00115 -0.00105-0.000925-0.000775-0.000602-0.000411-0.000208        0
        6|        0-0.000183-0.000363-0.000532-0.000686-0.000821-0.000935 -0.00102 -0.00109 -0.00113 -0.00114 -0.00113 -0.00109 -0.00102-0.000935-0.000821-0.000686-0.000532-0.000363-0.000183        0
        5|        0-0.000164-0.000325-0.000477-0.000617-0.000739-0.000843-0.000925-0.000985 -0.00102 -0.00103 -0.00102-0.000985-0.000925-0.000843-0.000739-0.000617-0.000478-0.000325-0.000164        0
        4|        0 -0.00015-0.000297-0.000436-0.000563-0.000676-0.000772-0.000848-0.000904-0.000938-0.000949-0.000938-0.000904-0.000849-0.000772-0.000677-0.000564-0.000436-0.000297 -0.00015        0
        3|        0-0.000139-0.000276-0.000406-0.000525-0.000631-0.000721-0.000792-0.000845-0.000877-0.000887-0.000877-0.000845-0.000793-0.000721-0.000631-0.000525-0.000406-0.000276-0.000139        0
        2|        0-0.000132-0.000263-0.000386  -0.0005-0.000601-0.000687-0.000756-0.000806-0.000837-0.000847-0.000837-0.000806-0.000756-0.000687-0.000601  -0.0005-0.000387-0.000263-0.000132        0
        1|        0-0.000127-0.000252-0.000371 -0.00048-0.000577 -0.00066-0.000726-0.000775-0.000804-0.000814-0.000804-0.000775-0.000726 -0.00066-0.000577 -0.00048-0.000371-0.000252-0.000127        0
        0|        0 0.000128 0.000253 0.000373 0.000483  0.00058 0.000663  0.00073 0.000778 0.000808 0.000818 0.000808 0.000778  0.00073 0.000663  0.00058 0.000483 0.000373 0.000254 0.000128        0

G (22x12): 
         |        0        1        2        3        4        5        6        7        8        9       10       11       12       13       14       15       16       17       18       19       20       21
-------------------------------------------------------------------------------------------------------------------------------------------------------------------------------------------------------------------------
       10| -0.00195  0.00194   0.0019  0.00178   0.0016  0.00139  0.00116  0.00091 0.000653 0.000393 0.000131 -0.00013-0.000392-0.000652-0.000909 -0.00116 -0.00139  -0.0016 -0.00178  -0.0019 -0.00194  0.00195
        9| -0.00162  0.00161  0.00159  0.00149  0.00135  0.00118 0.000991 0.000783 0.000564 0.000341 0.000114-0.000113 -0.00034-0.000564-0.000782-0.000991 -0.00118 -0.00135 -0.00149 -0.00159 -0.00161  0.00162
        8| -0.00134  0.00134  0.00132  0.00124  0.00113 0.000994 0.000836 0.000664  0.00048 0.000291 9.74e-05-9.69e-05 -0.00029 -0.00048-0.000663-0.000836-0.000994 -0.00113 -0.00124 -0.00132 -0.00134  0.00134
        7|  -0.0011   0.0011  0.00108  0.00102 0.000936 0.000826 0.000697 0.000555 0.000403 0.000244 8.19e-05-8.15e-05-0.000244-0.000403-0.000555-0.000697-0.000826-0.000936 -0.00102 -0.00109  -0.0011   0.0011
        6|-0.000896 0.000891 0.000881 0.000833 0.000763 0.000675 0.000572 0.000456 0.000332 0.000201 6.76e-05-6.73e-05-0.000201-0.000332-0.000456-0.000572-0.000675-0.000764-0.000833-0.000882-0.000892 0.000896
        5|-0.000713 0.000709 0.000702 0.000664 0.000609  0.00054 0.000458 0.000366 0.000267 0.000162 5.44e-05-5.42e-05-0.000162-0.000267-0.000366-0.000458 -0.00054 -0.00061-0.000664-0.000702-0.000709 0.000713
        4|-0.000549 0.000546  0.00054 0.000512  0.00047 0.000417 0.000354 0.000284 0.000207 0.000126 4.23e-05-4.21e-05-0.000126-0.000207-0.000284-0.000354-0.000417 -0.00047-0.000512-0.000541-0.000546 0.000549
        3|-0.000399 0.000397 0.000393 0.000373 0.000343 0.000304 0.000259 0.000207 0.000151 9.21e-05 3.09e-05-3.08e-05 -9.2e-05-0.000151-0.000207-0.000259-0.000304-0.000343-0.000373-0.000393-0.000397 0.000399
        2| -0.00026 0.000259 0.000256 0.000243 0.000224 0.000199 0.000169 0.000135 9.89e-05 6.02e-05 2.02e-05-2.02e-05-6.01e-05-9.88e-05-0.000135-0.000169-0.000199-0.000224-0.000243-0.000256-0.000259  0.00026
        1|-0.000128 0.000127 0.000126 0.000119  0.00011 9.76e-05 8.31e-05 6.66e-05 4.86e-05 2.96e-05 9.95e-06-9.91e-06-2.96e-05-4.86e-05-6.66e-05 -8.3e-05-9.76e-05 -0.00011-0.000119-0.000126-0.000127 0.000128
        0|        0        0        0        0        0        0        0        0        0        0        0        0        0        0        0        0        0        0        0        0        0        0

rhs (22x12): 
         |        0        1        2        3        4        5        6        7        8        9       10       11       12       13       14       15       16       17       18       19       20       21
-------------------------------------------------------------------------------------------------------------------------------------------------------------------------------------------------------------------------
       11|        0        0        0        0        0        0        0        0        0        0        0        0        0        0        0        0        0        0        0        0        0        0
       10|        0 -0.00204 -0.00134 -0.00129 -0.00115 -0.00104 -0.00086-0.000712-0.000503-0.000328-0.000105 8.85e-05 0.000325 0.000545 0.000797  0.00103  0.00128   0.0015   0.0017  0.00184  0.00255        0
        9|        0-0.000554-2.68e-05 4.91e-06-2.42e-05 5.39e-06-2.09e-05 5.17e-06-1.77e-05 3.78e-06-1.54e-05 5.03e-07-1.47e-05-3.13e-06-1.46e-05-7.46e-06-1.55e-05-1.18e-05-1.68e-05-1.49e-05 0.000542        0
        8|        0-0.000494 8.95e-06-2.21e-05 8.85e-06-1.95e-05 8.49e-06-1.65e-05 7.29e-06 -1.4e-05 5.09e-06-1.26e-05 1.42e-06-1.17e-05-2.36e-06-1.16e-05 -6.3e-06-1.21e-05-9.67e-06-1.26e-05 0.000468        0
        7|        0-0.000404-2.04e-05 1.17e-05-1.85e-05 1.12e-05-1.59e-05 1.02e-05-1.33e-05 8.29e-06 -1.1e-05 5.09e-06-9.94e-06 1.65e-06-9.22e-06-2.11e-06-9.17e-06-5.58e-06-9.44e-06-7.97e-06 0.000408        0
        6|        0-0.000378  1.4e-05-1.79e-05 1.34e-05-1.57e-05 1.25e-05-1.31e-05 1.09e-05-1.07e-05 8.46e-06-9.04e-06 4.95e-06-7.82e-06 1.32e-06 -7.3e-06-2.27e-06-7.26e-06 -5.2e-06-7.25e-06 0.000361        0
        5|        0-0.000313-1.75e-05 1.52e-05-1.58e-05 1.44e-05-1.34e-05 1.31e-05-1.08e-05 1.09e-05-8.55e-06 7.76e-06-7.14e-06 4.26e-06 -6.2e-06 5.88e-07-5.83e-06-2.71e-06-5.76e-06-4.97e-06 0.000323        0
        4|        0-0.000308 1.66e-05-1.61e-05 1.59e-05-1.39e-05 1.48e-05-1.14e-05  1.3e-05-8.88e-06 1.03e-05-7.03e-06 6.85e-06-5.68e-06 3.16e-06-4.98e-06-4.19e-07-4.72e-06-3.28e-06-4.56e-06 0.000295        0
        3|        0-0.000261-1.64e-05 1.71e-05-1.46e-05 1.62e-05-1.22e-05 1.46e-05 -9.6e-06 1.23e-05-7.29e-06 9.14e-06-5.66e-06 5.52e-06-4.59e-06 1.77e-06-4.09e-06-1.55e-06-3.88e-06-3.83e-06 0.000275        0
        2|        0-0.000273 1.81e-05-1.54e-05 1.73e-05-1.33e-05  1.6e-05-1.07e-05  1.4e-05-8.12e-06 1.12e-05-6.08e-06 7.68e-06-4.63e-06 3.87e-06-3.82e-06 2.15e-07-3.45e-06-2.69e-06-3.21e-06 0.000261        0
        1|        0 1.89e-05 0.000245 0.000257 0.000214 0.000213 0.000162 0.000149  9.4e-05 7.22e-05 1.76e-05-1.02e-05 -6.1e-05-9.14e-05-0.000135-0.000164-0.000198-0.000221-0.000242-0.000256-3.54e-06        0
        0|        0        0        0        0        0        0        0        0        0        0        0        0        0        0        0        0        0        0        0        0        0        0

