t: 1.54156
nCells: 20x10, dx: 0.1, dy: 0.1

u (22x12): 
         |        0        1        2        3        4        5        6        7        8        9       10       11       12       13       14       15       16       17       18       19       20
-------------------------------------------------------------------------------------------------------------------------------------------------------------------------------------------------------------------------
       11|        0     1.91     1.86     1.84     1.82     1.81      1.8     1.79     1.79     1.79     1.78     1.78     1.78     1.78     1.78     1.79     1.79      1.8     1.82     1.88        0
       10|        0   0.0864    0.136    0.166    0.185    0.197    0.205    0.211    0.215    0.217    0.219     0.22    0.221    0.221     0.22    0.218    0.213    0.203    0.179    0.121        0
        9|        0  -0.0327  -0.0351  -0.0309  -0.0261   -0.022  -0.0189  -0.0165  -0.0148  -0.0137  -0.0131  -0.0128   -0.013  -0.0135  -0.0145  -0.0162  -0.0184  -0.0209  -0.0229  -0.0204        0
        8|        0   -0.016  -0.0263  -0.0305  -0.0317  -0.0315  -0.0309  -0.0303  -0.0297  -0.0294  -0.0293  -0.0295  -0.0301  -0.0311  -0.0327  -0.0351  -0.0385  -0.0426  -0.0449   -0.036        0
        7|        0    -0.01  -0.0184  -0.0235  -0.0263  -0.0277  -0.0283  -0.0285  -0.0286  -0.0286  -0.0288  -0.0291  -0.0296  -0.0303  -0.0313  -0.0326  -0.0341  -0.0349  -0.0329  -0.0232        0
        6|        0   -0.007  -0.0137  -0.0186  -0.0219   -0.024  -0.0253  -0.0261  -0.0266   -0.027  -0.0273  -0.0276  -0.0279  -0.0282  -0.0285  -0.0286  -0.0282  -0.0266  -0.0224  -0.0135        0
        5|        0 -0.00535  -0.0108  -0.0153  -0.0186  -0.0211  -0.0228   -0.024  -0.0248  -0.0254  -0.0258   -0.026  -0.0262  -0.0261  -0.0258   -0.025  -0.0235  -0.0208   -0.016 -0.00864        0
        4|        0 -0.00438 -0.00903  -0.0131  -0.0163  -0.0189  -0.0208  -0.0223  -0.0233   -0.024  -0.0244  -0.0246  -0.0246  -0.0242  -0.0235  -0.0222  -0.0201  -0.0169  -0.0123 -0.00628        0
        3|        0 -0.00379 -0.00789  -0.0116  -0.0147  -0.0173  -0.0193  -0.0209  -0.0221  -0.0229  -0.0233  -0.0235  -0.0233  -0.0227  -0.0217  -0.0201  -0.0178  -0.0145  -0.0102 -0.00504        0
        2|        0 -0.00348 -0.00721  -0.0107  -0.0137  -0.0163  -0.0184    -0.02  -0.0212  -0.0221  -0.0225  -0.0227  -0.0224  -0.0217  -0.0205  -0.0188  -0.0163   -0.013 -0.00902 -0.00437        0
        1|        0 -0.00346 -0.00747  -0.0111  -0.0142  -0.0168  -0.0188  -0.0203  -0.0214  -0.0219  -0.0222   -0.022  -0.0214  -0.0204   -0.019   -0.017  -0.0145  -0.0114 -0.00778 -0.00369        0
        0|        0 -0.00273 -0.00586 -0.00881  -0.0114  -0.0137  -0.0156  -0.0171  -0.0182   -0.019  -0.0194  -0.0194   -0.019  -0.0182  -0.0169  -0.0152  -0.0129  -0.0101 -0.00689  -0.0034        0

v (22x12): 
         |        0        1        2        3        4        5        6        7        8        9       10       11       12       13       14       15       16       17       18       19       20       21
-------------------------------------------------------------------------------------------------------------------------------------------------------------------------------------------------------------------------
       10|        0        0        0        0        0        0        0        0        0        0        0        0        0        0        0        0        0        0        0        0        0        0
        9|   -0.086   0.0864     0.05   0.0297   0.0186   0.0122  0.00819  0.00559  0.00385  0.00266   0.0018  0.00113 0.000506-0.000153-0.000908 -0.00208 -0.00447    -0.01  -0.0237  -0.0579   -0.122     0.12
        8|  -0.0535   0.0537   0.0476   0.0338   0.0234   0.0163   0.0114  0.00795  0.00554  0.00377  0.00244  0.00134 0.000361-0.000673 -0.00193 -0.00372 -0.00669  -0.0126  -0.0257  -0.0553   -0.101    0.099
        7|  -0.0375   0.0377   0.0373   0.0296   0.0223   0.0164    0.012  0.00861  0.00607  0.00411  0.00252  0.00114-0.000204 -0.00168 -0.00354 -0.00613  -0.0101  -0.0167   -0.028  -0.0465  -0.0651   0.0636
        6|  -0.0275   0.0277   0.0289   0.0244   0.0195   0.0151   0.0114  0.00838  0.00598  0.00402  0.00236 0.000838-0.000688 -0.00241 -0.00456 -0.00745  -0.0115  -0.0175   -0.026  -0.0367  -0.0419   0.0411
        5|  -0.0206   0.0207   0.0222   0.0195   0.0162    0.013   0.0101  0.00756  0.00545  0.00365  0.00206 0.000556-0.000993 -0.00273 -0.00485 -0.00757  -0.0112  -0.0159  -0.0217  -0.0278  -0.0285    0.028
        4|  -0.0152   0.0154   0.0168   0.0151   0.0128   0.0105  0.00833  0.00635  0.00461  0.00307  0.00167 0.000306  -0.0011 -0.00267 -0.00453 -0.00684 -0.00968  -0.0131   -0.017  -0.0204  -0.0198   0.0195
        3|  -0.0109    0.011   0.0121    0.011  0.00957  0.00797  0.00638  0.00491  0.00357  0.00236  0.00122 0.000114 -0.00104 -0.00231 -0.00379 -0.00554 -0.00761 -0.00995  -0.0124  -0.0144  -0.0136   0.0134
        2| -0.00714  0.00721  0.00801  0.00735  0.00642  0.00538  0.00434  0.00333  0.00241  0.00155 0.000753-4.18e-05-0.000857 -0.00175 -0.00276 -0.00393 -0.00526 -0.00669  -0.0081  -0.0092 -0.00854  0.00841
        1|  -0.0037  0.00373  0.00427  0.00389  0.00337  0.00281  0.00224   0.0017  0.00119 0.000722 0.000276-0.000152-0.000596 -0.00106 -0.00159 -0.00216  -0.0028 -0.00345 -0.00408 -0.00455 -0.00417  0.00412
        0|  -0.0167   0.0168    0.019   0.0181   0.0166   0.0146   0.0125   0.0101  0.00754   0.0049  0.00219-0.000578  -0.0034 -0.00626 -0.00914   -0.012  -0.0147  -0.0172  -0.0192  -0.0205  -0.0188   0.0185

p (22x12): 
         |        0        1        2        3        4        5        6        7        8        9       10       11       12       13       14       15       16       17       18       19       20       21
-------------------------------------------------------------------------------------------------------------------------------------------------------------------------------------------------------------------------
       11|    -2.99    -2.99    -2.99    -2.99    -2.98    -2.98    -2.98    -2.98    -2.98    -2.97    -2.97    -2.97    -2.97    -2.97    -2.97    -2.96    -2.96    -2.96    -2.95    -2.94    -2.92    -2.92
       10|    -2.99    -2.99    -2.99    -2.99    -2.98    -2.98    -2.98    -2.98    -2.98    -2.97    -2.97    -2.97    -2.97    -2.97    -2.97    -2.96    -2.96    -2.96    -2.95    -2.94    -2.92    -2.92
        9|    -2.99    -2.99    -2.99    -2.99    -2.98    -2.98    -2.98    -2.98    -2.98    -2.97    -2.97    -2.97    -2.97    -2.97    -2.97    -2.96    -2.96    -2.96    -2.96    -2.95    -2.94    -2.94
        8|    -2.98    -2.98    -2.98    -2.98    -2.98    -2.98    -2.98    -2.98    -2.98    -2.97    -2.97    -2.97    -2.97    -2.97    -2.97    -2.96    -2.96    -2.96    -2.96    -2.95    -2.95    -2.95
        7|    -2.98    -2.98    -2.98    -2.98    -2.98    -2.98    -2.98    -2.98    -2.98    -2.97    -2.97    -2.97    -2.97    -2.97    -2.97    -2.96    -2.96    -2.96    -2.96    -2.95    -2.95    -2.95
        6|    -2.98    -2.98    -2.98    -2.98    -2.98    -2.98    -2.98    -2.98    -2.97    -2.97    -2.97    -2.97    -2.97    -2.97    -2.97    -2.96    -2.96    -2.96    -2.96    -2.96    -2.95    -2.95
        5|    -2.98    -2.98    -2.98    -2.98    -2.98    -2.98    -2.98    -2.98    -2.97    -2.97    -2.97    -2.97    -2.97    -2.97    -2.97    -2.96    -2.96    -2.96    -2.96    -2.96    -2.96    -2.96
        4|    -2.98    -2.98    -2.98    -2.98    -2.98    -2.98    -2.98    -2.97    -2.97    -2.97    -2.97    -2.97    -2.97    -2.97    -2.97    -2.96    -2.96    -2.96    -2.96    -2.96    -2.96    -2.96
        3|    -2.98    -2.98    -2.98    -2.98    -2.98    -2.98    -2.98    -2.97    -2.97    -2.97    -2.97    -2.97    -2.97    -2.97    -2.97    -2.96    -2.96    -2.96    -2.96    -2.96    -2.96    -2.96
        2|    -2.98    -2.98    -2.98    -2.98    -2.98    -2.98    -2.98    -2.97    -2.97    -2.97    -2.97    -2.97    -2.97    -2.97    -2.97    -2.96    -2.96    -2.96    -2.96    -2.96    -2.96    -2.96
        1|    -2.98    -2.98    -2.98    -2.98    -2.98    -2.98    -2.98    -2.97    -2.97    -2.97    -2.97    -2.97    -2.97    -2.97    -2.97    -2.96    -2.96    -2.96    -2.96    -2.96    -2.96    -2.96
        0|    -2.98    -2.98    -2.98    -2.98    -2.98    -2.97    -2.97    -2.97    -2.97    -2.97    -2.97    -2.97    -2.97    -2.97    -2.97    -2.97    -2.96    -2.96    -2.96    -2.96    -2.96    -2.96

F (22x12): 
         |        0        1        2        3        4        5        6        7        8        9       10       11       12       13       14       15       16       17       18       19       20
-------------------------------------------------------------------------------------------------------------------------------------------------------------------------------------------------------------------------
       11|        0     1.91     1.86     1.84     1.82     1.81      1.8     1.79     1.79     1.79     1.78     1.78     1.78     1.78     1.78     1.79     1.79      1.8     1.82     1.88        0
       10|        0   0.0877    0.137    0.167    0.185    0.197    0.206    0.211    0.215    0.218     0.22    0.221    0.221    0.221     0.22    0.218    0.214    0.205    0.182    0.127        0
        9|        0  -0.0325  -0.0348  -0.0305  -0.0257  -0.0216  -0.0184   -0.016  -0.0144  -0.0132  -0.0126  -0.0124  -0.0125   -0.013  -0.0141  -0.0156  -0.0177    -0.02  -0.0212  -0.0178        0
        8|        0  -0.0159  -0.0261  -0.0302  -0.0313  -0.0311  -0.0305  -0.0299  -0.0293   -0.029  -0.0289  -0.0291  -0.0296  -0.0306  -0.0322  -0.0346  -0.0379  -0.0418  -0.0438  -0.0349        0
        7|        0 -0.00996  -0.0183  -0.0233   -0.026  -0.0273  -0.0279  -0.0281  -0.0282  -0.0282  -0.0284  -0.0287  -0.0291  -0.0298  -0.0308  -0.0321  -0.0335  -0.0342  -0.0322  -0.0226        0
        6|        0 -0.00697  -0.0136  -0.0184  -0.0216  -0.0237   -0.025  -0.0258  -0.0263  -0.0266  -0.0269  -0.0272  -0.0275  -0.0278   -0.028  -0.0281  -0.0277  -0.0261  -0.0219  -0.0132        0
        5|        0 -0.00532  -0.0107  -0.0151  -0.0184  -0.0208  -0.0225  -0.0237  -0.0245  -0.0251  -0.0254  -0.0257  -0.0258  -0.0257  -0.0254  -0.0246  -0.0231  -0.0204  -0.0157 -0.00847        0
        4|        0 -0.00435 -0.00895  -0.0129  -0.0161  -0.0187  -0.0206   -0.022   -0.023  -0.0237  -0.0241  -0.0243  -0.0242  -0.0238  -0.0231  -0.0218  -0.0197  -0.0166  -0.0121 -0.00617        0
        3|        0 -0.00376 -0.00781  -0.0115  -0.0146  -0.0171  -0.0191  -0.0206  -0.0218  -0.0225   -0.023  -0.0231  -0.0229  -0.0224  -0.0214  -0.0198  -0.0174  -0.0142    -0.01 -0.00495        0
        2|        0 -0.00345 -0.00714  -0.0106  -0.0136  -0.0161  -0.0182  -0.0198   -0.021  -0.0218  -0.0222  -0.0223   -0.022  -0.0214  -0.0202  -0.0184   -0.016  -0.0128 -0.00885  -0.0043        0
        1|        0 -0.00344  -0.0074   -0.011  -0.0141  -0.0166  -0.0186  -0.0201  -0.0211  -0.0216  -0.0218  -0.0216   -0.021  -0.0201  -0.0186  -0.0167  -0.0142  -0.0112 -0.00762 -0.00362        0
        0|        0        0        0        0        0        0        0        0        0        0        0        0        0        0        0        0        0        0        0        0        0

G (22x12): 
         |        0        1        2        3        4        5        6        7        8        9       10       11       12       13       14       15       16       17       18       19       20       21
-------------------------------------------------------------------------------------------------------------------------------------------------------------------------------------------------------------------------
       10|        0        0        0        0        0        0        0        0        0        0        0        0        0        0        0        0        0        0        0        0        0        0
        9|   -0.086    0.085   0.0497   0.0294   0.0184    0.012  0.00803  0.00547  0.00376  0.00258  0.00174  0.00108 0.000466 -0.00018-0.000922 -0.00208 -0.00439 -0.00973  -0.0229  -0.0558   -0.117     0.12
        8|  -0.0535   0.0529   0.0469   0.0332   0.0229   0.0159   0.0111  0.00772  0.00536  0.00364  0.00233  0.00126 0.000287-0.000742   -0.002  -0.0038 -0.00679  -0.0127  -0.0257  -0.0547   -0.099    0.099
        7|  -0.0375   0.0372   0.0368   0.0291   0.0219   0.0161   0.0117  0.00839  0.00589  0.00397  0.00241  0.00105-0.000273 -0.00174 -0.00359 -0.00617  -0.0101  -0.0166  -0.0278  -0.0459   -0.064   0.0636
        6|  -0.0275   0.0273   0.0285    0.024   0.0192   0.0148   0.0111  0.00818  0.00583   0.0039  0.00227 0.000764-0.000744 -0.00245 -0.00457 -0.00744  -0.0115  -0.0174  -0.0257  -0.0362  -0.0411   0.0411
        5|  -0.0206   0.0204   0.0219   0.0192   0.0159   0.0127  0.00985   0.0074  0.00532  0.00355  0.00197 0.000495 -0.00103 -0.00275 -0.00485 -0.00753  -0.0111  -0.0157  -0.0214  -0.0274  -0.0279    0.028
        4|  -0.0152   0.0151   0.0165   0.0148   0.0126   0.0103  0.00818  0.00622  0.00451  0.00298   0.0016 0.000262 -0.00112 -0.00268 -0.00451 -0.00678 -0.00958   -0.013  -0.0167  -0.0201  -0.0195   0.0195
        3|  -0.0109   0.0108   0.0119   0.0109  0.00942  0.00784  0.00627  0.00482  0.00349   0.0023  0.00117 8.46e-05 -0.00105 -0.00231 -0.00377 -0.00549 -0.00752 -0.00982  -0.0122  -0.0141  -0.0133   0.0134
        2| -0.00714   0.0071   0.0079  0.00725  0.00633   0.0053  0.00426  0.00327  0.00236  0.00152 0.000727-5.66e-05-0.000861 -0.00175 -0.00274 -0.00389 -0.00519 -0.00661 -0.00799 -0.00906 -0.00838  0.00841
        1|  -0.0037  0.00375   0.0043  0.00392   0.0034  0.00283  0.00225  0.00171  0.00119 0.000724 0.000275-0.000154  -0.0006 -0.00107 -0.00159 -0.00216 -0.00279 -0.00344 -0.00406 -0.00451 -0.00413  0.00412
        0|  -0.0167        0        0        0        0        0        0        0        0        0        0        0        0        0        0        0        0        0        0        0        0   0.0185

rhs (22x12): 
         |        0        1        2        3        4        5        6        7        8        9       10       11       12       13       14       15       16       17       18       19       20       21
-------------------------------------------------------------------------------------------------------------------------------------------------------------------------------------------------------------------------
       11|        0        0        0        0        0        0        0        0        0        0        0        0        0        0        0        0        0        0        0        0        0        0
       10|        0     1.04   -0.223   0.0942    0.113   0.0845   0.0647    0.043   0.0345   0.0222   0.0211   0.0153   0.0205   0.0131   0.0205     0.03   0.0669    0.137    0.261    0.105    -3.83        0
        9|        0    -0.15    0.214    0.191    0.125   0.0883   0.0557   0.0432    0.026   0.0236   0.0133   0.0164   0.0107   0.0233   0.0266   0.0548     0.11    0.267    0.597    0.882   0.0524        0
        8|        0   -0.094  -0.0269  -0.0164-0.000552 -0.00195  0.00481-0.000361    0.005-0.000636  0.00465 -0.00092  0.00473 0.000125  0.00611   0.0019   0.0109   0.0165   0.0451  0.00404  -0.0632        0
        7|        0  -0.0376  -0.0186 -0.00827   -0.009-0.000594 -0.00432   0.0021 -0.00281  0.00292  -0.0024  0.00309 -0.00236  0.00286 -0.00314  0.00105 -0.00741 -0.00952  -0.0337  -0.0618  -0.0757        0
        6|        0  -0.0248 -0.00585 -0.00927 -0.00145 -0.00516  0.00145 -0.00329  0.00259 -0.00262  0.00295 -0.00247  0.00288 -0.00282   0.0021  -0.0045 -0.00148   -0.012  -0.0158  -0.0305   -0.013        0
        5|        0  -0.0133 -0.00788 -0.00141 -0.00553  0.00104 -0.00362  0.00237 -0.00275  0.00291 -0.00246  0.00303 -0.00254  0.00272 -0.00317  0.00145 -0.00558  -0.0029  -0.0125  -0.0104 0.000525        0
        4|        0  -0.0135-0.000665 -0.00554 0.000781 -0.00392  0.00214  -0.0029  0.00285 -0.00244  0.00311 -0.00234  0.00304 -0.00259  0.00254 -0.00354 0.000862 -0.00627 -0.00305  -0.0101  0.00816        0
        3|        0 -0.00724  -0.0052 0.000691 -0.00417  0.00189  -0.0031  0.00273 -0.00249  0.00314 -0.00224  0.00325 -0.00229  0.00305 -0.00269  0.00229 -0.00397 0.000345 -0.00655 -0.00201  0.00457        0
        2|        0  -0.0401  -0.0348  -0.0372  -0.0271  -0.0273  -0.0164  -0.0168 -0.00659 -0.00791  0.00108 -0.00151  0.00639  0.00299   0.0101  0.00562   0.0114  0.00563   0.0102  0.00401   0.0187        0
        1|        0    0.121    0.128     0.13    0.119    0.116   0.0998   0.0918   0.0709   0.0588   0.0343    0.019 -0.00948  -0.0299  -0.0635  -0.0885   -0.125   -0.151   -0.184   -0.197   -0.195        0
        0|        0        0        0        0        0        0        0        0        0        0        0        0        0        0        0        0        0        0        0        0        0        0

