t: 1.82924
nCells: 20x10, dx: 0.1, dy: 0.1

u (22x12): 
         |        0        1        2        3        4        5        6        7        8        9       10       11       12       13       14       15       16       17       18       19       20
-------------------------------------------------------------------------------------------------------------------------------------------------------------------------------------------------------------------------
       11|        0     1.91     1.86     1.82      1.8     1.78     1.77     1.77     1.76     1.76     1.75     1.75     1.75     1.75     1.75     1.75     1.76     1.77     1.79     1.86        0
       10|        0   0.0897    0.145    0.179    0.202    0.218    0.229    0.237    0.242    0.246    0.249    0.251    0.252    0.252    0.252    0.251    0.246    0.236    0.208     0.14        0
        9|        0  -0.0339  -0.0363   -0.032  -0.0269  -0.0225  -0.0189  -0.0162  -0.0142  -0.0127  -0.0118  -0.0114  -0.0113  -0.0117  -0.0123  -0.0134  -0.0147  -0.0158  -0.0167  -0.0151        0
        8|        0  -0.0159  -0.0272  -0.0325  -0.0344  -0.0348  -0.0346  -0.0342  -0.0338  -0.0335  -0.0335  -0.0337  -0.0344  -0.0355  -0.0374  -0.0404  -0.0448  -0.0502  -0.0533  -0.0425        0
        7|        0  -0.0102  -0.0193  -0.0253  -0.0288  -0.0307  -0.0317  -0.0323  -0.0326  -0.0329  -0.0332  -0.0336  -0.0343  -0.0353  -0.0367  -0.0386   -0.041   -0.043  -0.0418  -0.0303        0
        6|        0 -0.00731  -0.0146  -0.0202  -0.0241  -0.0267  -0.0284  -0.0296  -0.0304   -0.031  -0.0315   -0.032  -0.0324   -0.033  -0.0336  -0.0341  -0.0342  -0.0329  -0.0284  -0.0177        0
        5|        0 -0.00567  -0.0117  -0.0167  -0.0206  -0.0235  -0.0257  -0.0272  -0.0283  -0.0292  -0.0298  -0.0302  -0.0305  -0.0306  -0.0304  -0.0298  -0.0284  -0.0254    -0.02  -0.0109        0
        4|        0 -0.00469 -0.00983  -0.0144  -0.0181  -0.0211  -0.0235  -0.0253  -0.0266  -0.0276  -0.0282  -0.0286  -0.0287  -0.0284  -0.0277  -0.0264  -0.0241  -0.0205  -0.0151  -0.0077        0
        3|        0 -0.00409 -0.00865  -0.0128  -0.0164  -0.0194  -0.0218  -0.0238  -0.0252  -0.0263   -0.027  -0.0273  -0.0272  -0.0267  -0.0256  -0.0239  -0.0212  -0.0174  -0.0123 -0.00605        0
        2|        0  -0.0038 -0.00795  -0.0119  -0.0153  -0.0183  -0.0208  -0.0228  -0.0243  -0.0254   -0.026  -0.0263  -0.0261  -0.0255  -0.0242  -0.0222  -0.0194  -0.0156  -0.0108 -0.00519        0
        1|        0 -0.00384  -0.0085  -0.0127  -0.0164  -0.0194  -0.0217  -0.0235  -0.0247  -0.0254  -0.0256  -0.0254  -0.0248  -0.0236   -0.022  -0.0197  -0.0169  -0.0133   -0.009 -0.00423        0
        0|        0 -0.00294  -0.0065 -0.00986  -0.0129  -0.0155  -0.0177  -0.0195  -0.0209  -0.0218  -0.0224  -0.0225  -0.0221  -0.0212  -0.0198  -0.0178  -0.0152  -0.0119 -0.00813 -0.00402        0

v (22x12): 
         |        0        1        2        3        4        5        6        7        8        9       10       11       12       13       14       15       16       17       18       19       20       21
-------------------------------------------------------------------------------------------------------------------------------------------------------------------------------------------------------------------------
       10|        0        0        0        0        0        0        0        0        0        0        0        0        0        0        0        0        0        0        0        0        0        0
        9|  -0.0895   0.0897   0.0549   0.0345   0.0229   0.0157    0.011  0.00775  0.00551  0.00394   0.0028  0.00196  0.00124 0.000513-0.000354  -0.0016 -0.00423  -0.0107  -0.0273  -0.0682    -0.14    0.138
        8|  -0.0557   0.0558   0.0524   0.0388    0.028   0.0201   0.0145   0.0105  0.00755  0.00536  0.00371  0.00239  0.00128 0.000191 -0.00102 -0.00267 -0.00552  -0.0119  -0.0281  -0.0666   -0.125    0.123
        7|  -0.0398   0.0399   0.0412   0.0335    0.026   0.0197   0.0148   0.0109  0.00795  0.00563  0.00374  0.00213 0.000618-0.000971 -0.00292 -0.00563  -0.0099  -0.0173  -0.0312  -0.0557  -0.0826   0.0809
        6|  -0.0295   0.0297   0.0321   0.0276   0.0225   0.0178   0.0137   0.0104  0.00763  0.00536  0.00344  0.00168-4.34e-05 -0.00196 -0.00433 -0.00756  -0.0123  -0.0194  -0.0301  -0.0443  -0.0523   0.0513
        5|  -0.0222   0.0224   0.0248   0.0221   0.0186   0.0152    0.012  0.00921  0.00682  0.00477  0.00294  0.00122 -0.00054 -0.00251 -0.00493 -0.00807  -0.0123  -0.0181  -0.0256  -0.0336  -0.0346    0.034
        4|  -0.0166   0.0167   0.0187    0.017   0.0147   0.0122  0.00984  0.00765   0.0057  0.00394  0.00234 0.000789-0.000813 -0.00262 -0.00477 -0.00748  -0.0109  -0.0152  -0.0201  -0.0246  -0.0237   0.0233
        3|  -0.0119    0.012   0.0136   0.0125   0.0109  0.00922  0.00749  0.00586  0.00435  0.00298  0.00168 0.000423-0.000901 -0.00236 -0.00409 -0.00616 -0.00866  -0.0116  -0.0146  -0.0172   -0.016   0.0158
        2| -0.00783  0.00788  0.00904  0.00836  0.00735  0.00621  0.00505  0.00393  0.00289  0.00192  0.00101 0.000101 -0.00083 -0.00186 -0.00304 -0.00442   -0.006 -0.00777 -0.00953  -0.0109 -0.00992   0.0098
        1| -0.00405  0.00408  0.00488  0.00445  0.00386  0.00323  0.00257  0.00195  0.00137 0.000838 0.000328-0.000156 -0.00066 -0.00119 -0.00178 -0.00244 -0.00319 -0.00397 -0.00472 -0.00527 -0.00475   0.0047
        0|  -0.0184   0.0186   0.0216   0.0207    0.019   0.0169   0.0145   0.0118  0.00899  0.00599  0.00289-0.000316  -0.0036 -0.00697  -0.0104  -0.0138  -0.0171  -0.0201  -0.0225  -0.0241  -0.0217   0.0214

p (22x12): 
         |        0        1        2        3        4        5        6        7        8        9       10       11       12       13       14       15       16       17       18       19       20       21
-------------------------------------------------------------------------------------------------------------------------------------------------------------------------------------------------------------------------
       11|     -4.9     -4.9    -4.89    -4.89    -4.89    -4.89    -4.89    -4.88    -4.88    -4.88    -4.88    -4.88    -4.88    -4.87    -4.87    -4.87    -4.87    -4.87    -4.86    -4.85    -4.82    -4.82
       10|     -4.9     -4.9    -4.89    -4.89    -4.89    -4.89    -4.89    -4.88    -4.88    -4.88    -4.88    -4.88    -4.88    -4.87    -4.87    -4.87    -4.87    -4.87    -4.86    -4.85    -4.82    -4.82
        9|    -4.89    -4.89    -4.89    -4.89    -4.89    -4.89    -4.89    -4.88    -4.88    -4.88    -4.88    -4.88    -4.88    -4.87    -4.87    -4.87    -4.87    -4.87    -4.86    -4.86    -4.84    -4.84
        8|    -4.89    -4.89    -4.89    -4.89    -4.89    -4.89    -4.88    -4.88    -4.88    -4.88    -4.88    -4.88    -4.88    -4.87    -4.87    -4.87    -4.87    -4.87    -4.86    -4.86    -4.85    -4.85
        7|    -4.89    -4.89    -4.89    -4.89    -4.89    -4.88    -4.88    -4.88    -4.88    -4.88    -4.88    -4.88    -4.88    -4.87    -4.87    -4.87    -4.87    -4.87    -4.86    -4.86    -4.86    -4.86
        6|    -4.88    -4.88    -4.88    -4.88    -4.88    -4.88    -4.88    -4.88    -4.88    -4.88    -4.88    -4.88    -4.87    -4.87    -4.87    -4.87    -4.87    -4.87    -4.86    -4.86    -4.86    -4.86
        5|    -4.88    -4.88    -4.88    -4.88    -4.88    -4.88    -4.88    -4.88    -4.88    -4.88    -4.88    -4.88    -4.87    -4.87    -4.87    -4.87    -4.87    -4.87    -4.87    -4.86    -4.86    -4.86
        4|    -4.88    -4.88    -4.88    -4.88    -4.88    -4.88    -4.88    -4.88    -4.88    -4.88    -4.88    -4.88    -4.87    -4.87    -4.87    -4.87    -4.87    -4.87    -4.87    -4.86    -4.86    -4.86
        3|    -4.88    -4.88    -4.88    -4.88    -4.88    -4.88    -4.88    -4.88    -4.88    -4.88    -4.88    -4.88    -4.87    -4.87    -4.87    -4.87    -4.87    -4.87    -4.87    -4.87    -4.87    -4.87
        2|    -4.88    -4.88    -4.88    -4.88    -4.88    -4.88    -4.88    -4.88    -4.88    -4.88    -4.88    -4.88    -4.87    -4.87    -4.87    -4.87    -4.87    -4.87    -4.87    -4.87    -4.87    -4.87
        1|    -4.88    -4.88    -4.88    -4.88    -4.88    -4.88    -4.88    -4.88    -4.88    -4.88    -4.88    -4.88    -4.87    -4.87    -4.87    -4.87    -4.87    -4.87    -4.87    -4.87    -4.87    -4.87
        0|    -4.88    -4.88    -4.88    -4.88    -4.88    -4.88    -4.88    -4.88    -4.88    -4.88    -4.88    -4.88    -4.87    -4.87    -4.87    -4.87    -4.87    -4.87    -4.87    -4.87    -4.87    -4.87

F (22x12): 
         |        0        1        2        3        4        5        6        7        8        9       10       11       12       13       14       15       16       17       18       19       20
-------------------------------------------------------------------------------------------------------------------------------------------------------------------------------------------------------------------------
       11|        0     1.91     1.86     1.82      1.8     1.78     1.77     1.77     1.76     1.76     1.75     1.75     1.75     1.75     1.75     1.75     1.76     1.77     1.79     1.86        0
       10|        0   0.0909    0.145    0.179    0.202    0.218    0.229    0.237    0.242    0.246    0.249    0.251    0.252    0.253    0.253    0.251    0.247    0.237    0.212    0.146        0
        9|        0  -0.0338  -0.0362  -0.0318  -0.0266  -0.0221  -0.0185  -0.0158  -0.0137  -0.0123  -0.0114   -0.011  -0.0109  -0.0112  -0.0119  -0.0129  -0.0141  -0.0149  -0.0147   -0.012        0
        8|        0  -0.0159  -0.0271  -0.0323  -0.0342  -0.0345  -0.0343  -0.0338  -0.0334  -0.0331  -0.0331  -0.0333   -0.034  -0.0351   -0.037  -0.0399  -0.0442  -0.0494  -0.0521  -0.0411        0
        7|        0  -0.0102  -0.0193  -0.0251  -0.0286  -0.0305  -0.0315   -0.032  -0.0323  -0.0325  -0.0328  -0.0332  -0.0339  -0.0348  -0.0362  -0.0381  -0.0404  -0.0423   -0.041  -0.0297        0
        6|        0  -0.0073  -0.0145    -0.02  -0.0239  -0.0265  -0.0282  -0.0293  -0.0301  -0.0307  -0.0311  -0.0316   -0.032  -0.0326  -0.0331  -0.0336  -0.0336  -0.0323  -0.0279  -0.0173        0
        5|        0 -0.00565  -0.0116  -0.0166  -0.0205  -0.0233  -0.0254  -0.0269  -0.0281  -0.0288  -0.0294  -0.0298  -0.0301  -0.0302    -0.03  -0.0294  -0.0279   -0.025  -0.0196  -0.0107        0
        4|        0 -0.00467 -0.00978  -0.0143   -0.018   -0.021  -0.0233   -0.025  -0.0263  -0.0273  -0.0279  -0.0282  -0.0283   -0.028  -0.0273   -0.026  -0.0238  -0.0202  -0.0148 -0.00757        0
        3|        0 -0.00408  -0.0086  -0.0127  -0.0163  -0.0192  -0.0216  -0.0235   -0.025   -0.026  -0.0266  -0.0269  -0.0269  -0.0263  -0.0253  -0.0235  -0.0209  -0.0172  -0.0121 -0.00595        0
        2|        0 -0.00378  -0.0079  -0.0118  -0.0152  -0.0182  -0.0206  -0.0226   -0.024  -0.0251  -0.0257   -0.026  -0.0258  -0.0251  -0.0239  -0.0219  -0.0191  -0.0154  -0.0106 -0.00511        0
        1|        0 -0.00383 -0.00845  -0.0126  -0.0162  -0.0192  -0.0215  -0.0233  -0.0244  -0.0251  -0.0253  -0.0251  -0.0244  -0.0233  -0.0216  -0.0194  -0.0166   -0.013 -0.00884 -0.00416        0
        0|        0        0        0        0        0        0        0        0        0        0        0        0        0        0        0        0        0        0        0        0        0

G (22x12): 
         |        0        1        2        3        4        5        6        7        8        9       10       11       12       13       14       15       16       17       18       19       20       21
-------------------------------------------------------------------------------------------------------------------------------------------------------------------------------------------------------------------------
       10|        0        0        0        0        0        0        0        0        0        0        0        0        0        0        0        0        0        0        0        0        0        0
        9|  -0.0895   0.0885   0.0547   0.0344   0.0227   0.0155   0.0108  0.00762   0.0054  0.00384  0.00272  0.00189  0.00118 0.000459 -0.00039 -0.00161 -0.00416  -0.0104  -0.0263  -0.0657   -0.135    0.138
        8|  -0.0557   0.0551   0.0518   0.0383   0.0275   0.0197   0.0142   0.0102  0.00734  0.00519  0.00357  0.00228  0.00117 8.75e-05 -0.00113 -0.00282 -0.00572  -0.0121  -0.0283  -0.0661   -0.123    0.123
        7|  -0.0398   0.0394   0.0407   0.0331   0.0256   0.0194   0.0145   0.0107  0.00775  0.00546   0.0036  0.00201 0.000515 -0.00107 -0.00302 -0.00574    -0.01  -0.0175  -0.0312  -0.0553  -0.0815   0.0809
        6|  -0.0295   0.0293   0.0317   0.0273   0.0222   0.0175   0.0135   0.0102  0.00746  0.00522  0.00331  0.00158-0.000131 -0.00204  -0.0044 -0.00761  -0.0123  -0.0193  -0.0298  -0.0438  -0.0514   0.0513
        5|  -0.0222   0.0221   0.0245   0.0218   0.0184   0.0149   0.0118  0.00904  0.00668  0.00465  0.00284  0.00114-0.000607 -0.00256 -0.00496 -0.00808  -0.0123   -0.018  -0.0253  -0.0331   -0.034    0.034
        4|  -0.0166   0.0165   0.0185   0.0168   0.0145   0.0121  0.00968  0.00751  0.00558  0.00385  0.00226 0.000726 -0.00086 -0.00265 -0.00478 -0.00746  -0.0108   -0.015  -0.0198  -0.0242  -0.0233   0.0233
        3|  -0.0119   0.0118   0.0134   0.0124   0.0108   0.0091  0.00738  0.00576  0.00427  0.00291  0.00163 0.000381-0.000929 -0.00238 -0.00408 -0.00613 -0.00859  -0.0114  -0.0145  -0.0169  -0.0157   0.0158
        2| -0.00783  0.00778  0.00894  0.00826  0.00726  0.00612  0.00498  0.00387  0.00284  0.00188 0.000977 7.93e-05-0.000843 -0.00186 -0.00302 -0.00439 -0.00595 -0.00769 -0.00942  -0.0107 -0.00977   0.0098
        1| -0.00405  0.00412  0.00493   0.0045   0.0039  0.00326   0.0026  0.00197  0.00138 0.000844 0.000329-0.000159-0.000666  -0.0012 -0.00179 -0.00245 -0.00319 -0.00396  -0.0047 -0.00524 -0.00471   0.0047
        0|  -0.0184        0        0        0        0        0        0        0        0        0        0        0        0        0        0        0        0        0        0        0        0   0.0214

rhs (22x12): 
         |        0        1        2        3        4        5        6        7        8        9       10       11       12       13       14       15       16       17       18       19       20       21
-------------------------------------------------------------------------------------------------------------------------------------------------------------------------------------------------------------------------
       11|        0        0        0        0        0        0        0        0        0        0        0        0        0        0        0        0        0        0        0        0        0        0
       10|        0    0.935    -0.32     0.05    0.106   0.0925     0.08   0.0573   0.0483    0.032   0.0295   0.0198   0.0251   0.0237   0.0247   0.0353    0.085    0.182    0.344   0.0813     -4.5        0
        9|        0   -0.168    0.213    0.207    0.145    0.112    0.075   0.0613   0.0385   0.0351   0.0201   0.0229   0.0141   0.0226   0.0329   0.0685    0.144    0.367    0.825     1.18   0.0669        0
        8|        0  -0.0934  -0.0272  -0.0187 0.000802  -0.0017  0.00739  0.00023  0.00747-0.000347  0.00677-0.000956  0.00638-0.000464  0.00832   0.0028   0.0175   0.0368    0.108   0.0743  -0.0636        0
        7|        0  -0.0375  -0.0212 -0.00891  -0.0112-0.000317  -0.0057  0.00296 -0.00381  0.00403 -0.00324  0.00427 -0.00318  0.00406 -0.00406   0.0018 -0.00957  -0.0122  -0.0459   -0.094    -0.13        0
        6|        0  -0.0266 -0.00604  -0.0115 -0.00135 -0.00677  0.00208 -0.00448  0.00354  -0.0036  0.00404  -0.0034  0.00402  -0.0038  0.00294 -0.00611 -0.00223  -0.0175  -0.0254  -0.0493   -0.035        0
        5|        0  -0.0134 -0.00976 -0.00126 -0.00719  0.00158  -0.0049  0.00325 -0.00378  0.00396 -0.00337  0.00414 -0.00343  0.00376 -0.00429  0.00199 -0.00781 -0.00471   -0.019  -0.0167 -0.00547        0
        4|        0  -0.0151-0.000297 -0.00718  0.00129 -0.00527  0.00295 -0.00398  0.00387 -0.00337  0.00425 -0.00318  0.00418  -0.0035  0.00353 -0.00481  0.00109 -0.00895 -0.00501  -0.0149  0.00819        0
        3|        0  -0.0072 -0.00669  0.00123 -0.00556  0.00264 -0.00424  0.00371 -0.00344  0.00427 -0.00308  0.00446 -0.00311  0.00421 -0.00363  0.00317 -0.00545 0.000288  -0.0094 -0.00332  0.00419        0
        2|        0  -0.0464  -0.0422  -0.0462  -0.0331  -0.0341  -0.0201  -0.0212 -0.00795  -0.0103  0.00149 -0.00251  0.00781  0.00271   0.0119  0.00541   0.0129  0.00439   0.0101   0.0013   0.0204        0
        1|        0     0.11    0.118    0.125    0.114    0.116      0.1   0.0967   0.0759   0.0676   0.0422   0.0296-0.000933  -0.0205  -0.0586  -0.0852   -0.129   -0.158   -0.198   -0.214   -0.211        0
        0|        0        0        0        0        0        0        0        0        0        0        0        0        0        0        0        0        0        0        0        0        0        0

