t: 1.93395
nCells: 20x10, dx: 0.1, dy: 0.1

u (22x12): 
         |        0        1        2        3        4        5        6        7        8        9       10       11       12       13       14       15       16       17       18       19       20
-------------------------------------------------------------------------------------------------------------------------------------------------------------------------------------------------------------------------
       11|        0     1.91     1.85     1.82     1.79     1.78     1.77     1.76     1.75     1.75     1.74     1.74     1.74     1.74     1.74     1.74     1.74     1.76     1.78     1.85        0
       10|        0   0.0904    0.147    0.183    0.207    0.224    0.236    0.245    0.251    0.255    0.259    0.261    0.263    0.263    0.263    0.262    0.258    0.247    0.219    0.147        0
        9|        0  -0.0342  -0.0366  -0.0322   -0.027  -0.0225  -0.0188  -0.0159  -0.0138  -0.0122  -0.0112  -0.0106  -0.0105  -0.0107  -0.0112   -0.012  -0.0128  -0.0133  -0.0136  -0.0127        0
        8|        0  -0.0158  -0.0273  -0.0329  -0.0352  -0.0358  -0.0357  -0.0354   -0.035  -0.0348  -0.0348  -0.0351  -0.0358   -0.037   -0.039  -0.0422  -0.0469  -0.0528  -0.0561  -0.0444        0
        7|        0  -0.0102  -0.0195  -0.0257  -0.0295  -0.0316  -0.0328  -0.0335   -0.034  -0.0343  -0.0347  -0.0352  -0.0359   -0.037  -0.0386  -0.0408  -0.0435  -0.0461  -0.0453  -0.0332        0
        6|        0 -0.00737  -0.0148  -0.0206  -0.0247  -0.0275  -0.0294  -0.0307  -0.0316  -0.0323  -0.0329  -0.0335   -0.034  -0.0347  -0.0354  -0.0361  -0.0364  -0.0353  -0.0308  -0.0195        0
        5|        0 -0.00574  -0.0119  -0.0171  -0.0212  -0.0243  -0.0266  -0.0283  -0.0295  -0.0304  -0.0311  -0.0316   -0.032  -0.0322  -0.0321  -0.0316  -0.0302  -0.0273  -0.0215  -0.0119        0
        4|        0 -0.00477  -0.0101  -0.0148  -0.0187  -0.0218  -0.0243  -0.0262  -0.0277  -0.0288  -0.0295    -0.03  -0.0301  -0.0299  -0.0293  -0.0279  -0.0256  -0.0219  -0.0162 -0.00826        0
        3|        0 -0.00418 -0.00887  -0.0132  -0.0169  -0.0201  -0.0226  -0.0247  -0.0263  -0.0274  -0.0282  -0.0286  -0.0286  -0.0281  -0.0271  -0.0253  -0.0225  -0.0185  -0.0131 -0.00644        0
        2|        0  -0.0039 -0.00817  -0.0122  -0.0159   -0.019  -0.0216  -0.0237  -0.0253  -0.0265  -0.0273  -0.0276  -0.0274  -0.0268  -0.0255  -0.0235  -0.0206  -0.0166  -0.0115 -0.00549        0
        1|        0 -0.00396 -0.00885  -0.0133  -0.0171  -0.0202  -0.0227  -0.0246  -0.0259  -0.0266  -0.0268  -0.0266  -0.0259  -0.0247   -0.023  -0.0207  -0.0177  -0.0139 -0.00944 -0.00441        0
        0|        0   -0.003 -0.00669  -0.0102  -0.0133  -0.0161  -0.0184  -0.0203  -0.0218  -0.0228  -0.0234  -0.0235  -0.0232  -0.0223  -0.0208  -0.0188   -0.016  -0.0126 -0.00858 -0.00426        0

v (22x12): 
         |        0        1        2        3        4        5        6        7        8        9       10       11       12       13       14       15       16       17       18       19       20       21
-------------------------------------------------------------------------------------------------------------------------------------------------------------------------------------------------------------------------
       10|        0        0        0        0        0        0        0        0        0        0        0        0        0        0        0        0        0        0        0        0        0        0
        9|  -0.0903   0.0904   0.0562    0.036   0.0244    0.017    0.012  0.00862   0.0062  0.00448  0.00323  0.00232  0.00157 0.000834-6.64e-05 -0.00134 -0.00405  -0.0109  -0.0285  -0.0719   -0.147    0.145
        8|  -0.0561   0.0562   0.0538   0.0404   0.0295   0.0215   0.0157   0.0115  0.00837  0.00603  0.00425  0.00285   0.0017 0.000603-0.000556 -0.00212 -0.00485  -0.0114  -0.0289  -0.0709   -0.134    0.132
        7|  -0.0403   0.0404   0.0423   0.0348   0.0273   0.0209   0.0158   0.0118   0.0087  0.00625  0.00425  0.00257    0.001-0.000612 -0.00257 -0.00527 -0.00958  -0.0173  -0.0322  -0.0592  -0.0896   0.0878
        6|  -0.0301   0.0302    0.033   0.0286   0.0235   0.0187   0.0146   0.0111  0.00828   0.0059  0.00389  0.00206  0.00027 -0.00171 -0.00414 -0.00746  -0.0123  -0.0199  -0.0314  -0.0471  -0.0565   0.0554
        5|  -0.0227   0.0228   0.0256   0.0229   0.0194   0.0159   0.0127  0.00982  0.00735  0.00522  0.00331  0.00152 -0.00031 -0.00235 -0.00486 -0.00815  -0.0127  -0.0188  -0.0269  -0.0357   -0.037   0.0364
        4|   -0.017    0.017   0.0194   0.0177   0.0153   0.0128   0.0104  0.00812  0.00611  0.00429  0.00262  0.00101 -0.00066 -0.00254  -0.0048 -0.00765  -0.0113  -0.0159  -0.0212  -0.0261  -0.0251   0.0247
        3|  -0.0122   0.0123   0.0141    0.013   0.0114  0.00965  0.00788   0.0062  0.00464  0.00322  0.00187 0.000563-0.000817 -0.00234 -0.00415 -0.00634 -0.00901  -0.0121  -0.0155  -0.0182  -0.0169   0.0166
        2| -0.00804  0.00809  0.00938   0.0087  0.00767  0.00649   0.0053  0.00414  0.00307  0.00206  0.00111 0.000167-0.000803 -0.00188 -0.00311 -0.00457 -0.00625 -0.00815    -0.01  -0.0115  -0.0104   0.0103
        1| -0.00416  0.00419   0.0051  0.00465  0.00403  0.00337  0.00269  0.00204  0.00143 0.000879 0.000347-0.000157-0.000681 -0.00123 -0.00185 -0.00254 -0.00332 -0.00414 -0.00495 -0.00553 -0.00495   0.0049
        0|  -0.0189   0.0191   0.0225   0.0216   0.0199   0.0177   0.0152   0.0125  0.00952   0.0064  0.00317-0.000184 -0.00363 -0.00719  -0.0108  -0.0144  -0.0179  -0.0211  -0.0237  -0.0253  -0.0227   0.0225

p (22x12): 
         |        0        1        2        3        4        5        6        7        8        9       10       11       12       13       14       15       16       17       18       19       20       21
-------------------------------------------------------------------------------------------------------------------------------------------------------------------------------------------------------------------------
       11|    -5.73    -5.73    -5.73    -5.73    -5.73    -5.73    -5.73    -5.73    -5.72    -5.72    -5.72    -5.72    -5.72    -5.72    -5.71    -5.71    -5.71    -5.71     -5.7    -5.69    -5.66    -5.66
       10|    -5.73    -5.73    -5.73    -5.73    -5.73    -5.73    -5.73    -5.73    -5.72    -5.72    -5.72    -5.72    -5.72    -5.72    -5.71    -5.71    -5.71    -5.71     -5.7    -5.69    -5.66    -5.66
        9|    -5.73    -5.73    -5.73    -5.73    -5.73    -5.73    -5.73    -5.72    -5.72    -5.72    -5.72    -5.72    -5.72    -5.72    -5.71    -5.71    -5.71    -5.71     -5.7     -5.7    -5.68    -5.68
        8|    -5.73    -5.73    -5.73    -5.73    -5.73    -5.73    -5.72    -5.72    -5.72    -5.72    -5.72    -5.72    -5.72    -5.71    -5.71    -5.71    -5.71    -5.71     -5.7     -5.7    -5.69    -5.69
        7|    -5.73    -5.73    -5.73    -5.73    -5.73    -5.72    -5.72    -5.72    -5.72    -5.72    -5.72    -5.72    -5.72    -5.71    -5.71    -5.71    -5.71    -5.71     -5.7     -5.7     -5.7     -5.7
        6|    -5.72    -5.72    -5.72    -5.72    -5.72    -5.72    -5.72    -5.72    -5.72    -5.72    -5.72    -5.72    -5.72    -5.71    -5.71    -5.71    -5.71    -5.71     -5.7     -5.7     -5.7     -5.7
        5|    -5.72    -5.72    -5.72    -5.72    -5.72    -5.72    -5.72    -5.72    -5.72    -5.72    -5.72    -5.72    -5.72    -5.71    -5.71    -5.71    -5.71    -5.71    -5.71     -5.7     -5.7     -5.7
        4|    -5.72    -5.72    -5.72    -5.72    -5.72    -5.72    -5.72    -5.72    -5.72    -5.72    -5.72    -5.72    -5.71    -5.71    -5.71    -5.71    -5.71    -5.71    -5.71    -5.71     -5.7     -5.7
        3|    -5.72    -5.72    -5.72    -5.72    -5.72    -5.72    -5.72    -5.72    -5.72    -5.72    -5.72    -5.72    -5.71    -5.71    -5.71    -5.71    -5.71    -5.71    -5.71    -5.71    -5.71    -5.71
        2|    -5.72    -5.72    -5.72    -5.72    -5.72    -5.72    -5.72    -5.72    -5.72    -5.72    -5.72    -5.72    -5.71    -5.71    -5.71    -5.71    -5.71    -5.71    -5.71    -5.71    -5.71    -5.71
        1|    -5.72    -5.72    -5.72    -5.72    -5.72    -5.72    -5.72    -5.72    -5.72    -5.72    -5.72    -5.72    -5.71    -5.71    -5.71    -5.71    -5.71    -5.71    -5.71    -5.71    -5.71    -5.71
        0|    -5.72    -5.72    -5.72    -5.72    -5.72    -5.72    -5.72    -5.72    -5.72    -5.72    -5.72    -5.72    -5.71    -5.71    -5.71    -5.71    -5.71    -5.71    -5.71    -5.71    -5.71    -5.71

F (22x12): 
         |        0        1        2        3        4        5        6        7        8        9       10       11       12       13       14       15       16       17       18       19       20
-------------------------------------------------------------------------------------------------------------------------------------------------------------------------------------------------------------------------
       11|        0     1.91     1.85     1.82     1.79     1.78     1.77     1.76     1.75     1.75     1.74     1.74     1.74     1.74     1.74     1.74     1.74     1.76     1.78     1.85        0
       10|        0   0.0916    0.147    0.183    0.207    0.224    0.237    0.245    0.251    0.256    0.259    0.261    0.263    0.264    0.264    0.263    0.259    0.249    0.222    0.153        0
        9|        0  -0.0341  -0.0364   -0.032  -0.0267  -0.0221  -0.0184  -0.0155  -0.0133  -0.0118  -0.0108  -0.0102  -0.0101  -0.0103  -0.0108  -0.0116  -0.0123  -0.0123  -0.0115 -0.00934        0
        8|        0  -0.0158  -0.0272  -0.0328  -0.0349  -0.0355  -0.0354  -0.0351  -0.0347  -0.0345  -0.0344  -0.0347  -0.0354  -0.0366  -0.0386  -0.0417  -0.0463   -0.052  -0.0548   -0.043        0
        7|        0  -0.0102  -0.0195  -0.0256  -0.0293  -0.0314  -0.0326  -0.0332  -0.0336  -0.0339  -0.0343  -0.0348  -0.0355  -0.0366  -0.0381  -0.0402  -0.0429  -0.0453  -0.0444  -0.0325        0
        6|        0 -0.00737  -0.0148  -0.0205  -0.0245  -0.0273  -0.0292  -0.0305  -0.0313   -0.032  -0.0326  -0.0331  -0.0336  -0.0343  -0.0349  -0.0356  -0.0358  -0.0347  -0.0303  -0.0191        0
        5|        0 -0.00573  -0.0119   -0.017  -0.0211  -0.0241  -0.0264   -0.028  -0.0292  -0.0301  -0.0308  -0.0313  -0.0316  -0.0318  -0.0317  -0.0311  -0.0298  -0.0268  -0.0211  -0.0117        0
        4|        0 -0.00476    -0.01  -0.0147  -0.0185  -0.0217  -0.0241   -0.026  -0.0274  -0.0285  -0.0292  -0.0296  -0.0297  -0.0295  -0.0289  -0.0276  -0.0253  -0.0216  -0.0159 -0.00813        0
        3|        0 -0.00417 -0.00883  -0.0131  -0.0168  -0.0199  -0.0225  -0.0245   -0.026  -0.0271  -0.0279  -0.0283  -0.0282  -0.0277  -0.0267  -0.0249  -0.0222  -0.0183  -0.0129 -0.00634        0
        2|        0 -0.00389 -0.00813  -0.0122  -0.0157  -0.0188  -0.0214  -0.0235  -0.0251  -0.0262   -0.027  -0.0273  -0.0271  -0.0265  -0.0252  -0.0232  -0.0202  -0.0163  -0.0113 -0.00541        0
        1|        0 -0.00396 -0.00881  -0.0132   -0.017  -0.0201  -0.0226  -0.0244  -0.0256  -0.0263  -0.0265  -0.0263  -0.0256  -0.0244  -0.0227  -0.0204  -0.0174  -0.0137 -0.00927 -0.00434        0
        0|        0        0        0        0        0        0        0        0        0        0        0        0        0        0        0        0        0        0        0        0        0

G (22x12): 
         |        0        1        2        3        4        5        6        7        8        9       10       11       12       13       14       15       16       17       18       19       20       21
-------------------------------------------------------------------------------------------------------------------------------------------------------------------------------------------------------------------------
       10|        0        0        0        0        0        0        0        0        0        0        0        0        0        0        0        0        0        0        0        0        0        0
        9|  -0.0903   0.0892   0.0561    0.036   0.0242   0.0168   0.0119  0.00849  0.00609  0.00439  0.00315  0.00225   0.0015 0.000773-0.000114 -0.00136 -0.00398  -0.0105  -0.0275  -0.0692   -0.141    0.145
        8|  -0.0561   0.0556   0.0532   0.0399   0.0291   0.0211   0.0154   0.0112  0.00814  0.00584   0.0041  0.00273  0.00158 0.000485-0.000691 -0.00229 -0.00509  -0.0117  -0.0291  -0.0704   -0.132    0.132
        7|  -0.0403     0.04   0.0419   0.0344   0.0269   0.0206   0.0155   0.0116  0.00849  0.00607   0.0041  0.00244 0.000888-0.000725 -0.00269 -0.00541 -0.00975  -0.0175  -0.0323  -0.0588  -0.0885   0.0878
        6|  -0.0301   0.0299   0.0327   0.0283   0.0232   0.0184   0.0143   0.0109  0.00809  0.00575  0.00376  0.00194  0.00017  -0.0018 -0.00422 -0.00754  -0.0124  -0.0199  -0.0312  -0.0466  -0.0556   0.0554
        5|  -0.0227   0.0226   0.0253   0.0226   0.0192   0.0157   0.0125  0.00965   0.0072  0.00509   0.0032  0.00143-0.000388 -0.00241 -0.00491 -0.00817  -0.0126  -0.0187  -0.0267  -0.0353  -0.0364   0.0364
        4|   -0.017   0.0169   0.0192   0.0175   0.0152   0.0126   0.0102  0.00798  0.00599  0.00419  0.00254 0.000937-0.000716 -0.00258 -0.00482 -0.00764  -0.0112  -0.0157   -0.021  -0.0258  -0.0247   0.0247
        3|  -0.0122   0.0121   0.0139   0.0129   0.0113  0.00953  0.00777   0.0061  0.00456  0.00315  0.00181 0.000516-0.000851 -0.00236 -0.00415 -0.00632 -0.00895   -0.012  -0.0153   -0.018  -0.0166   0.0166
        2| -0.00804  0.00799  0.00928   0.0086  0.00758  0.00641  0.00523  0.00408  0.00302  0.00202  0.00108 0.000143-0.000818 -0.00189  -0.0031 -0.00454 -0.00621 -0.00807 -0.00993  -0.0114  -0.0103   0.0103
        1| -0.00416  0.00423  0.00515  0.00471  0.00408  0.00341  0.00272  0.00207  0.00145 0.000887 0.000349 -0.00016-0.000687 -0.00124 -0.00186 -0.00255 -0.00332 -0.00414 -0.00493  -0.0055 -0.00491   0.0049
        0|  -0.0189        0        0        0        0        0        0        0        0        0        0        0        0        0        0        0        0        0        0        0        0   0.0225

rhs (22x12): 
         |        0        1        2        3        4        5        6        7        8        9       10       11       12       13       14       15       16       17       18       19       20       21
-------------------------------------------------------------------------------------------------------------------------------------------------------------------------------------------------------------------------
       11|        0        0        0        0        0        0        0        0        0        0        0        0        0        0        0        0        0        0        0        0        0        0
       10|        0     0.91   -0.353   0.0298   0.0981   0.0916   0.0834   0.0615   0.0532   0.0357   0.0329   0.0216   0.0264   0.0246   0.0301   0.0371   0.0916      0.2    0.375   0.0675    -4.76        0
        9|        0   -0.173     0.21    0.208     0.15    0.119   0.0814   0.0679   0.0435   0.0398   0.0229   0.0256   0.0152   0.0247   0.0313   0.0733    0.157    0.406    0.915     1.29   0.0711        0
        8|        0  -0.0922  -0.0269  -0.0193  0.00137  -0.0016   0.0084   0.0005  0.00848-0.000177  0.00764-0.000939  0.00711 -0.00105  0.00902  0.00294   0.0202   0.0471    0.141    0.112  -0.0592        0
        7|        0   -0.037  -0.0219 -0.00894  -0.0119-0.000147  -0.0062   0.0033 -0.00418  0.00447 -0.00356  0.00474 -0.00352  0.00454  -0.0044  0.00211  -0.0103   -0.013  -0.0499   -0.107   -0.153        0
        6|        0   -0.027 -0.00595  -0.0122 -0.00124 -0.00736  0.00234 -0.00493  0.00391 -0.00397  0.00445 -0.00375  0.00447 -0.00418  0.00328 -0.00673 -0.00256  -0.0199  -0.0298  -0.0582  -0.0464        0
        5|        0  -0.0133  -0.0104 -0.00113 -0.00779  0.00182 -0.00539  0.00359 -0.00418  0.00437 -0.00372  0.00457 -0.00376  0.00416 -0.00472   0.0022 -0.00872 -0.00557  -0.0218  -0.0198 -0.00878        0
        4|        0  -0.0155-9.47e-05 -0.00776  0.00152 -0.00578  0.00326  -0.0044  0.00426 -0.00373  0.00468 -0.00351  0.00463 -0.00385  0.00391 -0.00531  0.00116  -0.0101 -0.00594   -0.017  0.00792        0
        3|        0 -0.00706 -0.00723  0.00147 -0.00607  0.00294 -0.00469  0.00408 -0.00381   0.0047 -0.00341  0.00492 -0.00343  0.00466 -0.00399  0.00352 -0.00603 0.000228  -0.0106 -0.00394  0.00393        0
        2|        0  -0.0484  -0.0447  -0.0494  -0.0352  -0.0367  -0.0214  -0.0229 -0.00847  -0.0113  0.00162 -0.00293  0.00832  0.00255   0.0126  0.00526   0.0134  0.00378  0.00989 5.33e-05   0.0209        0
        1|        0    0.106    0.115    0.123    0.112    0.115      0.1   0.0983   0.0777   0.0708   0.0452   0.0337  0.00243  -0.0168  -0.0564  -0.0837    -0.13   -0.161   -0.204    -0.22   -0.217        0
        0|        0        0        0        0        0        0        0        0        0        0        0        0        0        0        0        0        0        0        0        0        0        0

