t: 1.75073
nCells: 20x10, dx: 0.1, dy: 0.1

u (22x12): 
         |        0        1        2        3        4        5        6        7        8        9       10       11       12       13       14       15       16       17       18       19       20
-------------------------------------------------------------------------------------------------------------------------------------------------------------------------------------------------------------------------
       11|        0     1.91     1.86     1.83      1.8     1.79     1.78     1.77     1.77     1.76     1.76     1.76     1.76     1.76     1.76     1.76     1.77     1.78      1.8     1.87        0
       10|        0   0.0891    0.143    0.176    0.198    0.213    0.223     0.23    0.235    0.239    0.241    0.243    0.244    0.244    0.244    0.242    0.237    0.227    0.201    0.135        0
        9|        0  -0.0336  -0.0361  -0.0318  -0.0268  -0.0225   -0.019  -0.0164  -0.0144  -0.0131  -0.0122  -0.0119  -0.0119  -0.0123   -0.013  -0.0143  -0.0159  -0.0175  -0.0187  -0.0168        0
        8|        0   -0.016   -0.027   -0.032  -0.0338   -0.034  -0.0337  -0.0332  -0.0327  -0.0324  -0.0324  -0.0326  -0.0333  -0.0344  -0.0362   -0.039  -0.0431  -0.0482  -0.0511  -0.0408        0
        7|        0  -0.0102  -0.0191  -0.0249  -0.0282    -0.03  -0.0309  -0.0313  -0.0316  -0.0318   -0.032  -0.0324   -0.033  -0.0339  -0.0352   -0.037  -0.0391  -0.0407  -0.0393  -0.0283        0
        6|        0 -0.00725  -0.0144  -0.0198  -0.0235   -0.026  -0.0276  -0.0287  -0.0294    -0.03  -0.0304  -0.0308  -0.0312  -0.0317  -0.0322  -0.0326  -0.0325  -0.0311  -0.0266  -0.0164        0
        5|        0  -0.0056  -0.0115  -0.0164  -0.0201  -0.0229  -0.0249  -0.0264  -0.0274  -0.0282  -0.0287  -0.0291  -0.0293  -0.0294  -0.0292  -0.0285   -0.027  -0.0241  -0.0188  -0.0103        0
        4|        0 -0.00462 -0.00964   -0.014  -0.0177  -0.0206  -0.0228  -0.0245  -0.0257  -0.0266  -0.0272  -0.0275  -0.0276  -0.0273  -0.0266  -0.0252   -0.023  -0.0195  -0.0143 -0.00729        0
        3|        0 -0.00402 -0.00846  -0.0125   -0.016  -0.0189  -0.0212   -0.023  -0.0244  -0.0254   -0.026  -0.0263  -0.0262  -0.0256  -0.0246  -0.0229  -0.0203  -0.0166  -0.0117 -0.00576        0
        2|        0 -0.00372 -0.00777  -0.0116  -0.0149  -0.0178  -0.0202  -0.0221  -0.0235  -0.0245  -0.0251  -0.0253  -0.0251  -0.0244  -0.0232  -0.0213  -0.0185  -0.0149  -0.0103 -0.00496        0
        1|        0 -0.00375 -0.00823  -0.0123  -0.0158  -0.0187   -0.021  -0.0226  -0.0238  -0.0245  -0.0247  -0.0245  -0.0239  -0.0228  -0.0212   -0.019  -0.0162  -0.0128 -0.00868 -0.00408        0
        0|        0 -0.00289 -0.00634 -0.00959  -0.0125  -0.0151  -0.0172  -0.0189  -0.0202  -0.0211  -0.0216  -0.0216  -0.0212  -0.0204   -0.019  -0.0171  -0.0146  -0.0114 -0.00779 -0.00385        0

v (22x12): 
         |        0        1        2        3        4        5        6        7        8        9       10       11       12       13       14       15       16       17       18       19       20       21
-------------------------------------------------------------------------------------------------------------------------------------------------------------------------------------------------------------------------
       10|        0        0        0        0        0        0        0        0        0        0        0        0        0        0        0        0        0        0        0        0        0        0
        9|  -0.0888   0.0891   0.0537   0.0333   0.0218   0.0147   0.0102  0.00713  0.00502  0.00355  0.00249  0.00171  0.00102 0.000296-0.000535 -0.00176 -0.00433  -0.0106  -0.0264  -0.0654   -0.135    0.133
        8|  -0.0553   0.0554   0.0513   0.0375   0.0268   0.0191   0.0136  0.00976  0.00696  0.00489  0.00333  0.00207 0.000994 -8.2e-05 -0.00132 -0.00302 -0.00593  -0.0122  -0.0275  -0.0635   -0.118    0.116
        7|  -0.0393   0.0394   0.0402   0.0325    0.025   0.0188    0.014   0.0103  0.00741  0.00518  0.00337  0.00183 0.000359  -0.0012 -0.00314 -0.00583    -0.01  -0.0173  -0.0304  -0.0532  -0.0776   0.0759
        6|  -0.0291   0.0292   0.0313   0.0268   0.0217    0.017   0.0131  0.00982  0.00717  0.00498  0.00312  0.00142 -0.00025 -0.00212 -0.00444 -0.00759  -0.0121  -0.0189   -0.029  -0.0422  -0.0493   0.0483
        5|  -0.0218    0.022   0.0241   0.0214    0.018   0.0146   0.0115  0.00875  0.00644  0.00445  0.00268  0.00102-0.000689  -0.0026 -0.00494 -0.00798  -0.0121  -0.0175  -0.0245   -0.032  -0.0329   0.0323
        4|  -0.0163   0.0164   0.0182   0.0165   0.0142   0.0118  0.00943  0.00729  0.00539  0.00369  0.00214  0.00064 -0.00091 -0.00266 -0.00473 -0.00733  -0.0106  -0.0146  -0.0192  -0.0234  -0.0226   0.0222
        3|  -0.0117   0.0117   0.0132   0.0121   0.0106  0.00889  0.00719   0.0056  0.00413   0.0028  0.00155 0.000328-0.000952 -0.00236 -0.00402 -0.00601 -0.00839  -0.0111   -0.014  -0.0164  -0.0153   0.0151
        2| -0.00766  0.00771  0.00877   0.0081  0.00711  0.00599  0.00486  0.00377  0.00276  0.00182 0.000934 5.64e-05-0.000845 -0.00184 -0.00297 -0.00429 -0.00581 -0.00748 -0.00914  -0.0104 -0.00955  0.00942
        1| -0.00396  0.00399  0.00472   0.0043  0.00373  0.00312  0.00248  0.00189  0.00132 0.000807 0.000314-0.000156-0.000644 -0.00116 -0.00173 -0.00237 -0.00309 -0.00383 -0.00455 -0.00507 -0.00459  0.00454
        0|   -0.018   0.0181   0.0209     0.02   0.0184   0.0163    0.014   0.0114  0.00859  0.00569  0.00269-0.000402 -0.00356  -0.0068  -0.0101  -0.0133  -0.0164  -0.0193  -0.0217  -0.0231  -0.0209   0.0206

p (22x12): 
         |        0        1        2        3        4        5        6        7        8        9       10       11       12       13       14       15       16       17       18       19       20       21
-------------------------------------------------------------------------------------------------------------------------------------------------------------------------------------------------------------------------
       11|    -4.32    -4.32    -4.31    -4.31    -4.31    -4.31    -4.31    -4.31    -4.31     -4.3     -4.3     -4.3     -4.3     -4.3     -4.3    -4.29    -4.29    -4.29    -4.28    -4.27    -4.25    -4.25
       10|    -4.32    -4.32    -4.31    -4.31    -4.31    -4.31    -4.31    -4.31    -4.31     -4.3     -4.3     -4.3     -4.3     -4.3     -4.3    -4.29    -4.29    -4.29    -4.28    -4.27    -4.25    -4.25
        9|    -4.31    -4.31    -4.31    -4.31    -4.31    -4.31    -4.31    -4.31     -4.3     -4.3     -4.3     -4.3     -4.3     -4.3    -4.29    -4.29    -4.29    -4.29    -4.29    -4.28    -4.27    -4.27
        8|    -4.31    -4.31    -4.31    -4.31    -4.31    -4.31    -4.31    -4.31     -4.3     -4.3     -4.3     -4.3     -4.3     -4.3    -4.29    -4.29    -4.29    -4.29    -4.29    -4.28    -4.28    -4.28
        7|    -4.31    -4.31    -4.31    -4.31    -4.31    -4.31    -4.31     -4.3     -4.3     -4.3     -4.3     -4.3     -4.3     -4.3    -4.29    -4.29    -4.29    -4.29    -4.29    -4.28    -4.28    -4.28
        6|    -4.31    -4.31    -4.31    -4.31    -4.31    -4.31     -4.3     -4.3     -4.3     -4.3     -4.3     -4.3     -4.3     -4.3    -4.29    -4.29    -4.29    -4.29    -4.29    -4.28    -4.28    -4.28
        5|    -4.31    -4.31    -4.31    -4.31    -4.31     -4.3     -4.3     -4.3     -4.3     -4.3     -4.3     -4.3     -4.3     -4.3    -4.29    -4.29    -4.29    -4.29    -4.29    -4.29    -4.29    -4.29
        4|    -4.31    -4.31    -4.31    -4.31     -4.3     -4.3     -4.3     -4.3     -4.3     -4.3     -4.3     -4.3     -4.3     -4.3    -4.29    -4.29    -4.29    -4.29    -4.29    -4.29    -4.29    -4.29
        3|     -4.3     -4.3     -4.3     -4.3     -4.3     -4.3     -4.3     -4.3     -4.3     -4.3     -4.3     -4.3     -4.3     -4.3    -4.29    -4.29    -4.29    -4.29    -4.29    -4.29    -4.29    -4.29
        2|     -4.3     -4.3     -4.3     -4.3     -4.3     -4.3     -4.3     -4.3     -4.3     -4.3     -4.3     -4.3     -4.3     -4.3    -4.29    -4.29    -4.29    -4.29    -4.29    -4.29    -4.29    -4.29
        1|     -4.3     -4.3     -4.3     -4.3     -4.3     -4.3     -4.3     -4.3     -4.3     -4.3     -4.3     -4.3     -4.3     -4.3    -4.29    -4.29    -4.29    -4.29    -4.29    -4.29    -4.29    -4.29
        0|     -4.3     -4.3     -4.3     -4.3     -4.3     -4.3     -4.3     -4.3     -4.3     -4.3     -4.3     -4.3     -4.3     -4.3    -4.29    -4.29    -4.29    -4.29    -4.29    -4.29    -4.29    -4.29

F (22x12): 
         |        0        1        2        3        4        5        6        7        8        9       10       11       12       13       14       15       16       17       18       19       20
-------------------------------------------------------------------------------------------------------------------------------------------------------------------------------------------------------------------------
       11|        0     1.91     1.86     1.83      1.8     1.79     1.78     1.77     1.77     1.76     1.76     1.76     1.76     1.76     1.76     1.76     1.77     1.78      1.8     1.87        0
       10|        0   0.0903    0.143    0.176    0.198    0.213    0.223     0.23    0.235    0.239    0.241    0.243    0.244    0.244    0.244    0.242    0.238    0.228    0.204    0.141        0
        9|        0  -0.0335  -0.0359  -0.0315  -0.0265  -0.0221  -0.0186  -0.0159   -0.014  -0.0126  -0.0118  -0.0114  -0.0115  -0.0118  -0.0126  -0.0138  -0.0153  -0.0166  -0.0168  -0.0138        0
        8|        0   -0.016  -0.0269  -0.0318  -0.0335  -0.0337  -0.0333  -0.0328  -0.0323   -0.032   -0.032  -0.0322  -0.0328  -0.0339  -0.0357  -0.0385  -0.0425  -0.0474  -0.0499  -0.0395        0
        7|        0  -0.0102  -0.0191  -0.0247   -0.028  -0.0297  -0.0306   -0.031  -0.0312  -0.0314  -0.0316   -0.032  -0.0326  -0.0335  -0.0348  -0.0365  -0.0385    -0.04  -0.0385  -0.0277        0
        6|        0 -0.00723  -0.0143  -0.0197  -0.0233  -0.0258  -0.0274  -0.0284  -0.0291  -0.0296    -0.03  -0.0304  -0.0308  -0.0313  -0.0317  -0.0321   -0.032  -0.0306  -0.0261  -0.0161        0
        5|        0 -0.00558  -0.0114  -0.0162    -0.02  -0.0227  -0.0247  -0.0261  -0.0271  -0.0278  -0.0284  -0.0287  -0.0289   -0.029  -0.0287  -0.0281  -0.0266  -0.0237  -0.0185  -0.0101        0
        4|        0  -0.0046 -0.00958  -0.0139  -0.0175  -0.0204  -0.0226  -0.0242  -0.0254  -0.0263  -0.0269  -0.0272  -0.0272  -0.0269  -0.0262  -0.0248  -0.0226  -0.0192  -0.0141 -0.00717        0
        3|        0   -0.004 -0.00841  -0.0124  -0.0158  -0.0187   -0.021  -0.0228  -0.0241  -0.0251  -0.0257  -0.0259  -0.0258  -0.0253  -0.0242  -0.0225  -0.0199  -0.0163  -0.0115 -0.00567        0
        2|        0  -0.0037 -0.00771  -0.0115  -0.0148  -0.0176    -0.02  -0.0218  -0.0232  -0.0242  -0.0248   -0.025  -0.0248  -0.0241  -0.0229  -0.0209  -0.0182  -0.0147  -0.0101 -0.00489        0
        1|        0 -0.00373 -0.00818  -0.0122  -0.0157  -0.0185  -0.0207  -0.0224  -0.0235  -0.0242  -0.0244  -0.0242  -0.0235  -0.0224  -0.0208  -0.0187  -0.0159  -0.0125 -0.00851 -0.00401        0
        0|        0        0        0        0        0        0        0        0        0        0        0        0        0        0        0        0        0        0        0        0        0

G (22x12): 
         |        0        1        2        3        4        5        6        7        8        9       10       11       12       13       14       15       16       17       18       19       20       21
-------------------------------------------------------------------------------------------------------------------------------------------------------------------------------------------------------------------------
       10|        0        0        0        0        0        0        0        0        0        0        0        0        0        0        0        0        0        0        0        0        0        0
        9|  -0.0888   0.0878   0.0535   0.0331   0.0216   0.0146     0.01    0.007  0.00491  0.00347  0.00242  0.00165 0.000963  0.00025-0.000564 -0.00177 -0.00426  -0.0103  -0.0254   -0.063    -0.13    0.133
        8|  -0.0553   0.0547   0.0506    0.037   0.0263   0.0187   0.0133  0.00951  0.00676  0.00473   0.0032  0.00197 0.000897-0.000176 -0.00142 -0.00315  -0.0061  -0.0124  -0.0276  -0.0629   -0.116    0.116
        7|  -0.0393   0.0389   0.0398   0.0321   0.0246   0.0185   0.0137     0.01  0.00722  0.00502  0.00324  0.00172 0.000266 -0.00129 -0.00323 -0.00593  -0.0101  -0.0173  -0.0304  -0.0527  -0.0764   0.0759
        6|  -0.0291   0.0289   0.0309   0.0264   0.0214   0.0168   0.0128  0.00961  0.00699  0.00483    0.003  0.00133-0.000329 -0.00219 -0.00449 -0.00762  -0.0121  -0.0189  -0.0287  -0.0417  -0.0485   0.0483
        5|  -0.0218   0.0217   0.0239   0.0211   0.0177   0.0143   0.0113  0.00858  0.00629  0.00433  0.00258 0.000941-0.000749 -0.00264 -0.00496 -0.00797   -0.012  -0.0174  -0.0243  -0.0315  -0.0323   0.0323
        4|  -0.0163   0.0162    0.018   0.0163    0.014   0.0116  0.00928  0.00716  0.00528   0.0036  0.00207 0.000583-0.000951 -0.00268 -0.00473  -0.0073  -0.0105  -0.0145   -0.019  -0.0231  -0.0222   0.0222
        3|  -0.0117   0.0116   0.0131    0.012   0.0104  0.00876  0.00708   0.0055  0.00405  0.00274   0.0015 0.000289-0.000977 -0.00237 -0.00401 -0.00597 -0.00832   -0.011  -0.0138  -0.0162  -0.0151   0.0151
        2| -0.00766  0.00761  0.00867    0.008  0.00701   0.0059  0.00479  0.00371  0.00271  0.00178 0.000904 3.67e-05-0.000855 -0.00184 -0.00296 -0.00426 -0.00575  -0.0074 -0.00903  -0.0103 -0.00939  0.00942
        1| -0.00396  0.00403  0.00476  0.00435  0.00377  0.00315  0.00251   0.0019  0.00133 0.000812 0.000314-0.000159-0.000649 -0.00116 -0.00174 -0.00237 -0.00308 -0.00382 -0.00453 -0.00504 -0.00456  0.00454
        0|   -0.018        0        0        0        0        0        0        0        0        0        0        0        0        0        0        0        0        0        0        0        0   0.0206

rhs (22x12): 
         |        0        1        2        3        4        5        6        7        8        9       10       11       12       13       14       15       16       17       18       19       20       21
-------------------------------------------------------------------------------------------------------------------------------------------------------------------------------------------------------------------------
       11|        0        0        0        0        0        0        0        0        0        0        0        0        0        0        0        0        0        0        0        0        0        0
       10|        0    0.958   -0.295    0.064     0.11   0.0918   0.0766   0.0537   0.0445   0.0292   0.0271   0.0186    0.024   0.0205   0.0234   0.0339     0.08     0.17    0.321   0.0897    -4.31        0
        9|        0   -0.164    0.214    0.204    0.141    0.106   0.0699   0.0563   0.0349   0.0317    0.018    0.021   0.0133   0.0232   0.0312   0.0649    0.135    0.339    0.759     1.09   0.0632        0
        8|        0   -0.094  -0.0273  -0.0181   0.0004 -0.00178  0.00665 4.34e-05  0.00675-0.000452  0.00616-0.000958  0.00586-0.000147  0.00775  0.00262   0.0156   0.0302   0.0876   0.0504  -0.0651        0
        7|        0  -0.0378  -0.0206 -0.00882  -0.0106-0.000419 -0.00532  0.00271 -0.00353  0.00372 -0.00301  0.00394 -0.00294  0.00371 -0.00381  0.00158 -0.00899  -0.0115  -0.0427  -0.0847   -0.114        0
        6|        0  -0.0263 -0.00605  -0.0109 -0.00141 -0.00633  0.00189 -0.00414  0.00328 -0.00332  0.00373 -0.00314   0.0037 -0.00353   0.0027 -0.00566   -0.002  -0.0159  -0.0224  -0.0434  -0.0277        0
        5|        0  -0.0135 -0.00927 -0.00133 -0.00674  0.00142 -0.00455    0.003 -0.00349  0.00367 -0.00311  0.00384 -0.00319  0.00347 -0.00397  0.00184 -0.00717 -0.00415   -0.017  -0.0147 -0.00343        0
        4|        0  -0.0147-0.000425 -0.00673  0.00114 -0.00489  0.00272 -0.00368  0.00358  -0.0031  0.00393 -0.00294  0.00386 -0.00325  0.00325 -0.00445  0.00104 -0.00816  -0.0044  -0.0134  0.00829        0
        3|        0 -0.00726 -0.00629  0.00106 -0.00517  0.00242 -0.00392  0.00343 -0.00317  0.00395 -0.00284  0.00412 -0.00288  0.00388 -0.00337  0.00292 -0.00503 0.000318 -0.00857  -0.0029  0.00434        0
        2|        0  -0.0448  -0.0402  -0.0438  -0.0315  -0.0323  -0.0191    -0.02 -0.00756 -0.00963  0.00139 -0.00222  0.00743  0.00281   0.0114   0.0055   0.0125  0.00479   0.0102  0.00215     0.02        0
        1|        0    0.113    0.121    0.127    0.116    0.116      0.1   0.0954   0.0746   0.0652     0.04   0.0266 -0.00337  -0.0232  -0.0601  -0.0862   -0.128   -0.156   -0.194   -0.209   -0.207        0
        0|        0        0        0        0        0        0        0        0        0        0        0        0        0        0        0        0        0        0        0        0        0        0

