t: 1.28065
nCells: 20x10, dx: 0.1, dy: 0.1

u (22x12): 
         |        0        1        2        3        4        5        6        7        8        9       10       11       12       13       14       15       16       17       18       19       20
-------------------------------------------------------------------------------------------------------------------------------------------------------------------------------------------------------------------------
       11|        0 -0.00304 -0.00643 -0.00948  -0.0121  -0.0143   -0.016  -0.0173  -0.0181  -0.0186  -0.0188  -0.0186  -0.0181  -0.0173  -0.0161  -0.0144  -0.0123 -0.00969 -0.00661 -0.00317        0
       10|        0 -0.00245 -0.00515 -0.00767 -0.00991  -0.0118  -0.0134  -0.0147  -0.0156  -0.0162  -0.0164  -0.0164   -0.016  -0.0153  -0.0142  -0.0127  -0.0108 -0.00846 -0.00576 -0.00284        0
        9|        0  -0.0021 -0.00441 -0.00658 -0.00854  -0.0102  -0.0117  -0.0128  -0.0136  -0.0142  -0.0144  -0.0143   -0.014  -0.0133  -0.0123  -0.0109  -0.0092 -0.00716 -0.00486 -0.00235        0
        8|        0 -0.00183 -0.00382 -0.00571 -0.00743 -0.00894  -0.0102  -0.0112   -0.012  -0.0125  -0.0127  -0.0126  -0.0122  -0.0116  -0.0107 -0.00943 -0.00791 -0.00613 -0.00413 -0.00199        0
        7|        0  -0.0016 -0.00335 -0.00501 -0.00653 -0.00787 -0.00901 -0.00993  -0.0106   -0.011  -0.0112  -0.0111  -0.0108  -0.0102 -0.00935 -0.00823 -0.00688 -0.00531 -0.00357 -0.00171        0
        6|        0 -0.00142 -0.00297 -0.00445  -0.0058 -0.00701 -0.00804 -0.00887 -0.00948 -0.00987    -0.01 -0.00995 -0.00963 -0.00908 -0.00829 -0.00728 -0.00606 -0.00467 -0.00313  -0.0015        0
        5|        0 -0.00127 -0.00267 -0.00401 -0.00524 -0.00633 -0.00727 -0.00802 -0.00858 -0.00893 -0.00907 -0.00899 -0.00869 -0.00818 -0.00745 -0.00653 -0.00543 -0.00417 -0.00279 -0.00133        0
        4|        0 -0.00117 -0.00245 -0.00367  -0.0048 -0.00581 -0.00667 -0.00737 -0.00788 -0.00821 -0.00833 -0.00825 -0.00797 -0.00749 -0.00681 -0.00596 -0.00495  -0.0038 -0.00254 -0.00121        0
        3|        0 -0.00109 -0.00229 -0.00343 -0.00449 -0.00543 -0.00624 -0.00689 -0.00738 -0.00768 -0.00779 -0.00771 -0.00745 -0.00699 -0.00636 -0.00555  -0.0046 -0.00353 -0.00236 -0.00112        0
        2|        0 -0.00104 -0.00217 -0.00326 -0.00427 -0.00517 -0.00594 -0.00656 -0.00702 -0.00731 -0.00742 -0.00734 -0.00708 -0.00664 -0.00603 -0.00527 -0.00437 -0.00335 -0.00223 -0.00107        0
        1|        0-0.000895 -0.00189 -0.00283 -0.00371 -0.00449 -0.00517 -0.00571 -0.00611 -0.00636 -0.00646 -0.00639 -0.00617 -0.00578 -0.00526 -0.00459  -0.0038 -0.00291 -0.00194-0.000923        0
        0|        0 0.000883  0.00186  0.00279  0.00366  0.00442  0.00509  0.00562  0.00602  0.00626  0.00636  0.00629  0.00607  0.00569  0.00517  0.00451  0.00374  0.00286  0.00191  0.00091        0

v (22x12): 
         |        0        1        2        3        4        5        6        7        8        9       10       11       12       13       14       15       16       17       18       19       20       21
-------------------------------------------------------------------------------------------------------------------------------------------------------------------------------------------------------------------------
       10|  -0.0147   0.0149   0.0163   0.0155   0.0141   0.0124   0.0105  0.00842  0.00623  0.00396  0.00166-0.000694 -0.00307 -0.00547 -0.00786  -0.0102  -0.0125  -0.0145  -0.0162  -0.0172   -0.016   0.0157
        9|  -0.0122   0.0124   0.0136   0.0129   0.0119   0.0105  0.00892  0.00718  0.00531  0.00338  0.00138-0.000647  -0.0027 -0.00474 -0.00677 -0.00872  -0.0105  -0.0122  -0.0135  -0.0143  -0.0132    0.013
        8|  -0.0102   0.0103   0.0113   0.0108  0.00991   0.0088   0.0075  0.00604  0.00448  0.00284  0.00114-0.000592 -0.00233 -0.00406 -0.00575 -0.00736 -0.00883  -0.0101  -0.0112  -0.0118  -0.0108   0.0107
        7| -0.00837   0.0085  0.00932  0.00889  0.00819  0.00729  0.00622  0.00503  0.00372  0.00235 0.000928 -0.00052 -0.00198 -0.00342 -0.00481 -0.00612 -0.00732 -0.00834 -0.00916 -0.00967 -0.00886  0.00871
        6| -0.00679  0.00689  0.00757  0.00722  0.00667  0.00594  0.00508  0.00411  0.00305  0.00192 0.000749-0.000447 -0.00164 -0.00282 -0.00395 -0.00501 -0.00596 -0.00678 -0.00742 -0.00782 -0.00715  0.00703
        5|  -0.0054  0.00548  0.00601  0.00575   0.0053  0.00474  0.00405  0.00328  0.00243  0.00153 0.000588-0.000367 -0.00133 -0.00226 -0.00317   -0.004 -0.00475 -0.00538 -0.00588 -0.00619 -0.00565  0.00556
        4| -0.00414   0.0042  0.00462  0.00441  0.00408  0.00364  0.00312  0.00252  0.00187  0.00117  0.00045-0.000292 -0.00103 -0.00175 -0.00244 -0.00308 -0.00365 -0.00413  -0.0045 -0.00474 -0.00432  0.00425
        3| -0.00299  0.00303  0.00333  0.00319  0.00294  0.00263  0.00225  0.00183  0.00135  0.00085 0.000321-0.000212 -0.00075 -0.00127 -0.00177 -0.00223 -0.00264 -0.00298 -0.00325 -0.00341 -0.00311  0.00306
        2| -0.00191  0.00194  0.00213  0.00204  0.00189  0.00169  0.00145  0.00117 0.000869 0.000543 0.000208-0.000139 -0.00048-0.000817 -0.00113 -0.00143 -0.00169 -0.00191 -0.00207 -0.00218 -0.00198  0.00195
        1|-0.000889 0.000901 0.000992 0.000951 0.000878 0.000788 0.000673 0.000548 0.000404 0.000256  9.6e-05-6.17e-05-0.000225-0.000378-0.000529-0.000663-0.000787-0.000886-0.000967 -0.00101-0.000922 0.000909
        0|        0        0        0        0        0        0        0        0        0        0        0        0        0        0        0        0        0        0        0        0        0        0

p (22x12): 
         |        0        1        2        3        4        5        6        7        8        9       10       11       12       13       14       15       16       17       18       19       20       21
-------------------------------------------------------------------------------------------------------------------------------------------------------------------------------------------------------------------------
       11|    -1.72    -1.72    -1.72    -1.72    -1.72    -1.72    -1.72    -1.72    -1.72    -1.72    -1.72    -1.72    -1.71    -1.71    -1.71    -1.71    -1.71    -1.71    -1.71    -1.71    -1.71    -1.71
       10|    -1.72    -1.72    -1.72    -1.72    -1.72    -1.72    -1.72    -1.72    -1.72    -1.72    -1.72    -1.72    -1.71    -1.71    -1.71    -1.71    -1.71    -1.71    -1.71    -1.71    -1.71    -1.71
        9|    -1.72    -1.72    -1.72    -1.72    -1.72    -1.72    -1.72    -1.72    -1.72    -1.72    -1.72    -1.72    -1.71    -1.71    -1.71    -1.71    -1.71    -1.71    -1.71    -1.71    -1.71    -1.71
        8|    -1.72    -1.72    -1.72    -1.72    -1.72    -1.72    -1.72    -1.72    -1.72    -1.72    -1.72    -1.72    -1.71    -1.71    -1.71    -1.71    -1.71    -1.71    -1.71    -1.71    -1.71    -1.71
        7|    -1.72    -1.72    -1.72    -1.72    -1.72    -1.72    -1.72    -1.72    -1.72    -1.72    -1.72    -1.72    -1.71    -1.71    -1.71    -1.71    -1.71    -1.71    -1.71    -1.71    -1.71    -1.71
        6|    -1.72    -1.72    -1.72    -1.72    -1.72    -1.72    -1.72    -1.72    -1.72    -1.72    -1.72    -1.72    -1.71    -1.71    -1.71    -1.71    -1.71    -1.71    -1.71    -1.71    -1.71    -1.71
        5|    -1.72    -1.72    -1.72    -1.72    -1.72    -1.72    -1.72    -1.72    -1.72    -1.72    -1.72    -1.72    -1.71    -1.71    -1.71    -1.71    -1.71    -1.71    -1.71    -1.71    -1.71    -1.71
        4|    -1.72    -1.72    -1.72    -1.72    -1.72    -1.72    -1.72    -1.72    -1.72    -1.72    -1.72    -1.72    -1.71    -1.71    -1.71    -1.71    -1.71    -1.71    -1.71    -1.71    -1.71    -1.71
        3|    -1.72    -1.72    -1.72    -1.72    -1.72    -1.72    -1.72    -1.72    -1.72    -1.72    -1.72    -1.72    -1.71    -1.71    -1.71    -1.71    -1.71    -1.71    -1.71    -1.71    -1.71    -1.71
        2|    -1.72    -1.72    -1.72    -1.72    -1.72    -1.72    -1.72    -1.72    -1.72    -1.72    -1.72    -1.72    -1.71    -1.71    -1.71    -1.71    -1.71    -1.71    -1.71    -1.71    -1.71    -1.71
        1|    -1.72    -1.72    -1.72    -1.72    -1.72    -1.72    -1.72    -1.72    -1.72    -1.72    -1.72    -1.72    -1.71    -1.71    -1.71    -1.71    -1.71    -1.71    -1.71    -1.71    -1.71    -1.71
        0|    -1.72    -1.72    -1.72    -1.72    -1.72    -1.72    -1.72    -1.72    -1.72    -1.72    -1.72    -1.72    -1.71    -1.71    -1.71    -1.71    -1.71    -1.71    -1.71    -1.71    -1.71    -1.71

F (22x12): 
         |        0        1        2        3        4        5        6        7        8        9       10       11       12       13       14       15       16       17       18       19       20
-------------------------------------------------------------------------------------------------------------------------------------------------------------------------------------------------------------------------
       11|        0        0        0        0        0        0        0        0        0        0        0        0        0        0        0        0        0        0        0        0        0
       10|        0 -0.00242 -0.00507 -0.00755 -0.00975  -0.0116  -0.0132  -0.0144  -0.0153  -0.0159  -0.0161  -0.0161  -0.0157   -0.015  -0.0139  -0.0125  -0.0106 -0.00829 -0.00565 -0.00278        0
        9|        0 -0.00207 -0.00434 -0.00647  -0.0084  -0.0101  -0.0115  -0.0126  -0.0134  -0.0139  -0.0141  -0.0141  -0.0137   -0.013   -0.012  -0.0107 -0.00902 -0.00702 -0.00476 -0.00231        0
        8|        0  -0.0018 -0.00376 -0.00562  -0.0073 -0.00879    -0.01   -0.011  -0.0118  -0.0122  -0.0124  -0.0124   -0.012  -0.0114  -0.0105 -0.00925 -0.00775 -0.00601 -0.00405 -0.00196        0
        7|        0 -0.00157  -0.0033 -0.00492 -0.00642 -0.00774 -0.00886 -0.00975  -0.0104  -0.0108   -0.011  -0.0109  -0.0106    -0.01 -0.00917 -0.00808 -0.00675 -0.00521  -0.0035 -0.00168        0
        6|        0  -0.0014 -0.00292 -0.00438 -0.00571 -0.00689  -0.0079 -0.00871 -0.00931 -0.00969 -0.00984 -0.00977 -0.00945 -0.00891 -0.00813 -0.00714 -0.00595 -0.00458 -0.00307 -0.00147        0
        5|        0 -0.00125 -0.00263 -0.00394 -0.00515 -0.00622 -0.00714 -0.00787 -0.00843 -0.00877  -0.0089 -0.00882 -0.00853 -0.00802 -0.00731 -0.00641 -0.00533 -0.00409 -0.00274 -0.00131        0
        4|        0 -0.00115 -0.00241 -0.00361 -0.00472 -0.00571 -0.00655 -0.00724 -0.00774 -0.00806 -0.00818  -0.0081 -0.00782 -0.00735 -0.00669 -0.00585 -0.00485 -0.00373 -0.00249 -0.00119        0
        3|        0 -0.00107 -0.00225 -0.00337 -0.00441 -0.00533 -0.00613 -0.00677 -0.00724 -0.00754 -0.00765 -0.00757 -0.00731 -0.00686 -0.00624 -0.00545 -0.00452 -0.00346 -0.00232 -0.00111        0
        2|        0 -0.00102 -0.00214 -0.00321 -0.00419 -0.00508 -0.00583 -0.00644 -0.00689 -0.00718 -0.00728 -0.00721 -0.00695 -0.00652 -0.00592 -0.00517 -0.00428 -0.00328 -0.00219 -0.00105        0
        1|        0-0.000879 -0.00185 -0.00278 -0.00364  -0.0044 -0.00506 -0.00559 -0.00599 -0.00623 -0.00633 -0.00626 -0.00604 -0.00566 -0.00515 -0.00449 -0.00372 -0.00285  -0.0019-0.000906        0
        0|        0 0.000883  0.00186  0.00279  0.00366  0.00442  0.00509  0.00562  0.00602  0.00626  0.00636  0.00629  0.00607  0.00569  0.00517  0.00451  0.00374  0.00286  0.00191  0.00091        0

G (22x12): 
         |        0        1        2        3        4        5        6        7        8        9       10       11       12       13       14       15       16       17       18       19       20       21
-------------------------------------------------------------------------------------------------------------------------------------------------------------------------------------------------------------------------
       10|  -0.0147   0.0146    0.016   0.0152   0.0138   0.0122   0.0103  0.00823  0.00608  0.00385  0.00159-0.000708 -0.00303 -0.00537  -0.0077 -0.00999  -0.0122  -0.0141  -0.0157  -0.0168  -0.0156   0.0157
        9|  -0.0122   0.0122   0.0134   0.0127   0.0116   0.0103  0.00874  0.00703   0.0052  0.00329  0.00133-0.000657 -0.00267 -0.00468 -0.00666 -0.00857  -0.0104  -0.0119  -0.0132   -0.014  -0.0129    0.013
        8|  -0.0102   0.0101   0.0111   0.0106  0.00972  0.00863  0.00735  0.00592  0.00438  0.00277   0.0011-0.000597  -0.0023   -0.004 -0.00565 -0.00723 -0.00867 -0.00994  -0.0109  -0.0116  -0.0106   0.0107
        7| -0.00837  0.00833  0.00915  0.00873  0.00803  0.00715   0.0061  0.00493  0.00365   0.0023 0.000899-0.000522 -0.00195 -0.00336 -0.00473 -0.00601 -0.00719 -0.00819 -0.00899 -0.00949 -0.00867  0.00871
        6| -0.00679  0.00676  0.00743  0.00709  0.00654  0.00583  0.00498  0.00402  0.00298  0.00187 0.000726-0.000448 -0.00162 -0.00278 -0.00388 -0.00492 -0.00586 -0.00666 -0.00728 -0.00768   -0.007  0.00703
        5|  -0.0054  0.00537   0.0059  0.00564  0.00521  0.00465  0.00397  0.00322  0.00238   0.0015  0.00057-0.000367 -0.00131 -0.00223 -0.00311 -0.00393 -0.00467 -0.00529 -0.00578 -0.00607 -0.00554  0.00556
        4| -0.00414  0.00411  0.00453  0.00433    0.004  0.00357  0.00306  0.00247  0.00183  0.00115 0.000437-0.000291 -0.00101 -0.00173  -0.0024 -0.00303 -0.00358 -0.00406 -0.00442 -0.00465 -0.00423  0.00425
        3| -0.00299  0.00297  0.00327  0.00313  0.00289  0.00258  0.00221  0.00179  0.00132 0.000831 0.000312-0.000212 -0.00074 -0.00125 -0.00174 -0.00219 -0.00259 -0.00293 -0.00319 -0.00335 -0.00305  0.00306
        2| -0.00191   0.0019   0.0021    0.002  0.00185  0.00166  0.00142  0.00115 0.000852 0.000532 0.000202-0.000139-0.000473-0.000805 -0.00111 -0.00141 -0.00166 -0.00188 -0.00204 -0.00214 -0.00194  0.00195
        1|-0.000889 0.000885 0.000976 0.000936 0.000864 0.000775 0.000662 0.000539 0.000397 0.000251 9.36e-05-6.17e-05-0.000222-0.000373-0.000521-0.000653-0.000775-0.000872-0.000952-0.000996-0.000905 0.000909
        0|        0        0        0        0        0        0        0        0        0        0        0        0        0        0        0        0        0        0        0        0        0        0

rhs (22x12): 
         |        0        1        2        3        4        5        6        7        8        9       10       11       12       13       14       15       16       17       18       19       20       21
-------------------------------------------------------------------------------------------------------------------------------------------------------------------------------------------------------------------------
       11|        0        0        0        0        0        0        0        0        0        0        0        0        0        0        0        0        0        0        0        0        0        0
       10|        0 -0.00663  0.00244 -0.00242 0.000163 -0.00485  -0.0019 -0.00614 -0.00214 -0.00517 0.000121  -0.0016  0.00533  0.00567   0.0147    0.017   0.0277   0.0309   0.0413   0.0422   0.0468        0
        9|        0 -0.00267 -0.00242  0.00141 -0.00237  0.00153 -0.00223  0.00166 -0.00213  0.00174 -0.00209   0.0017 -0.00218   0.0016 -0.00231  0.00143 -0.00251  0.00122 -0.00271  0.00119  0.00318        0
        8|        0 -0.00477  0.00167 -0.00217  0.00171 -0.00207  0.00182 -0.00197   0.0019 -0.00191  0.00194 -0.00194  0.00187 -0.00201  0.00177 -0.00214  0.00162 -0.00229  0.00148 -0.00232  0.00563        0
        7|        0 -0.00128   -0.002  0.00185 -0.00196  0.00193 -0.00186  0.00202 -0.00179  0.00208 -0.00175  0.00205 -0.00181    0.002 -0.00189  0.00189 -0.00201  0.00177 -0.00212  0.00175  0.00238        0
        6|        0 -0.00369  0.00197 -0.00187  0.00201 -0.00179  0.00209 -0.00171  0.00216 -0.00166   0.0022 -0.00167  0.00215 -0.00172  0.00208 -0.00181  0.00198 -0.00191  0.00189 -0.00194  0.00497        0
        5|        0-0.000444  -0.0018  0.00206 -0.00175  0.00213 -0.00167  0.00221  -0.0016  0.00227 -0.00156  0.00226  -0.0016  0.00222 -0.00166  0.00214 -0.00175  0.00204 -0.00184  0.00201  0.00185        0
        4|        0 -0.00307  0.00211 -0.00172  0.00216 -0.00165  0.00223 -0.00157   0.0023 -0.00152  0.00234 -0.00152  0.00231 -0.00156  0.00225 -0.00164  0.00216 -0.00173  0.00208 -0.00177  0.00455        0
        3|        0 1.24e-05  -0.0017  0.00217 -0.00165  0.00223 -0.00157  0.00231  -0.0015  0.00236 -0.00147  0.00237 -0.00149  0.00233 -0.00155  0.00225 -0.00163  0.00217 -0.00171  0.00213  0.00153        0
        2|        0 -0.00274  0.00219 -0.00165  0.00223 -0.00159   0.0023 -0.00152  0.00236 -0.00147  0.00239 -0.00146  0.00238  -0.0015  0.00232 -0.00157  0.00224 -0.00165  0.00217 -0.00169  0.00433        0
        1|        0  0.00227  0.00132  0.00414  0.00113  0.00386 0.000779  0.00344 0.000295   0.0029-0.000289  0.00228-0.000939  0.00162 -0.00159 0.000997 -0.00217 0.000488 -0.00259 0.000203 0.000323        0
        0|        0        0        0        0        0        0        0        0        0        0        0        0        0        0        0        0        0        0        0        0        0        0

