t: 1.67226
nCells: 20x10, dx: 0.1, dy: 0.1

u (22x12): 
         |        0        1        2        3        4        5        6        7        8        9       10       11       12       13       14       15       16       17       18       19       20
-------------------------------------------------------------------------------------------------------------------------------------------------------------------------------------------------------------------------
       11|        0 -0.00364 -0.00795  -0.0118  -0.0152   -0.018  -0.0202  -0.0218  -0.0229  -0.0235  -0.0238  -0.0236   -0.023  -0.0219  -0.0204  -0.0183  -0.0156  -0.0123 -0.00834 -0.00394        0
       10|        0 -0.00284 -0.00617 -0.00931  -0.0121  -0.0146  -0.0166  -0.0182  -0.0195  -0.0203  -0.0207  -0.0208  -0.0204  -0.0196  -0.0182  -0.0164  -0.0139  -0.0109 -0.00746 -0.00368        0
        9|        0 -0.00247 -0.00532 -0.00801  -0.0105  -0.0126  -0.0145  -0.0159  -0.0171  -0.0178  -0.0182  -0.0182  -0.0178   -0.017  -0.0157   -0.014  -0.0119 -0.00925 -0.00626 -0.00301        0
        8|        0 -0.00217 -0.00463 -0.00698 -0.00914  -0.0111  -0.0127   -0.014   -0.015  -0.0157   -0.016   -0.016  -0.0156  -0.0148  -0.0136  -0.0121  -0.0102 -0.00787 -0.00529 -0.00251        0
        7|        0  -0.0019 -0.00408 -0.00615 -0.00806 -0.00976  -0.0112  -0.0124  -0.0133  -0.0139  -0.0142  -0.0141  -0.0137   -0.013  -0.0119  -0.0105  -0.0088 -0.00679 -0.00454 -0.00214        0
        6|        0  -0.0017 -0.00363 -0.00548 -0.00718 -0.00872    -0.01  -0.0111  -0.0119  -0.0124  -0.0127  -0.0126  -0.0122  -0.0115  -0.0106 -0.00928 -0.00773 -0.00595 -0.00396 -0.00187        0
        5|        0 -0.00153 -0.00328 -0.00495  -0.0065 -0.00788 -0.00907    -0.01  -0.0108  -0.0112  -0.0114  -0.0114   -0.011  -0.0104 -0.00947  -0.0083  -0.0069 -0.00529 -0.00353 -0.00165        0
        4|        0 -0.00141 -0.00301 -0.00455 -0.00597 -0.00725 -0.00834 -0.00924  -0.0099  -0.0103  -0.0105  -0.0104  -0.0101  -0.0095 -0.00865 -0.00757 -0.00628 -0.00481 -0.00319  -0.0015        0
        3|        0 -0.00131 -0.00282 -0.00425 -0.00559 -0.00678 -0.00782 -0.00865 -0.00928 -0.00967 -0.00984 -0.00975 -0.00943 -0.00885 -0.00806 -0.00704 -0.00583 -0.00446 -0.00296 -0.00139        0
        2|        0 -0.00125 -0.00267 -0.00404  -0.0053 -0.00644 -0.00742 -0.00822 -0.00881 -0.00919 -0.00934 -0.00926 -0.00894 -0.00839 -0.00763 -0.00666 -0.00551 -0.00422 -0.00279 -0.00131        0
        1|        0 -0.00104 -0.00224 -0.00339 -0.00446 -0.00541 -0.00624 -0.00691 -0.00742 -0.00773 -0.00787 -0.00779 -0.00753 -0.00707 -0.00643 -0.00561 -0.00464 -0.00354 -0.00235 -0.00109        0
        0|        0  0.00103  0.00222  0.00335  0.00441  0.00536  0.00618  0.00684  0.00734  0.00765  0.00778  0.00771  0.00745  0.00699  0.00636  0.00555  0.00459   0.0035  0.00233  0.00108        0

v (22x12): 
         |        0        1        2        3        4        5        6        7        8        9       10       11       12       13       14       15       16       17       18       19       20       21
-------------------------------------------------------------------------------------------------------------------------------------------------------------------------------------------------------------------------
       10|  -0.0175   0.0177   0.0202   0.0193   0.0177   0.0157   0.0134   0.0109   0.0082  0.00539   0.0025-0.000477 -0.00351 -0.00661 -0.00972  -0.0128  -0.0158  -0.0185  -0.0208  -0.0222  -0.0201   0.0199
        9|  -0.0147   0.0148   0.0169   0.0162   0.0149   0.0133   0.0114  0.00925  0.00696  0.00455  0.00205-0.000512 -0.00313 -0.00577  -0.0084   -0.011  -0.0134  -0.0155  -0.0173  -0.0184  -0.0164   0.0162
        8|  -0.0122   0.0123    0.014   0.0135   0.0124   0.0111  0.00954  0.00776  0.00584   0.0038  0.00167-0.000521 -0.00274 -0.00497 -0.00715 -0.00926  -0.0112  -0.0129  -0.0143  -0.0151  -0.0134   0.0133
        7|  -0.0101   0.0102   0.0116   0.0111   0.0103   0.0092   0.0079  0.00644  0.00483  0.00313  0.00134-0.000488 -0.00235 -0.00419   -0.006  -0.0077 -0.00927  -0.0106  -0.0117  -0.0123  -0.0109   0.0108
        6| -0.00819  0.00827  0.00941  0.00903  0.00837  0.00749  0.00645  0.00525  0.00394  0.00253  0.00107-0.000442 -0.00196 -0.00347 -0.00493 -0.00631 -0.00755 -0.00862 -0.00946 -0.00995 -0.00879  0.00869
        5| -0.00651  0.00657  0.00747  0.00718  0.00665  0.00597  0.00513  0.00418  0.00313  0.00201 0.000831-0.000373 -0.00159 -0.00279 -0.00395 -0.00503 -0.00601 -0.00683 -0.00748 -0.00785 -0.00693  0.00685
        4| -0.00498  0.00503  0.00573   0.0055  0.00511  0.00457  0.00394  0.00321  0.00241  0.00153 0.000631-0.000305 -0.00124 -0.00216 -0.00304 -0.00387  -0.0046 -0.00523 -0.00571 -0.00599 -0.00528  0.00522
        3| -0.00359  0.00362  0.00412  0.00397  0.00368   0.0033  0.00284  0.00232  0.00173  0.00111 0.000447-0.000223-0.000903 -0.00156  -0.0022 -0.00279 -0.00332 -0.00376 -0.00411  -0.0043 -0.00379  0.00374
        2| -0.00228   0.0023  0.00263  0.00252  0.00234   0.0021  0.00181  0.00147  0.00111 0.000702 0.000288-0.000146-0.000573   -0.001  -0.0014 -0.00178 -0.00211 -0.00239  -0.0026 -0.00273  -0.0024  0.00237
        1| -0.00104  0.00105   0.0012  0.00116  0.00107 0.000965 0.000828 0.000679 0.000505 0.000327 0.000131-6.13e-05-0.000263-0.000453-0.000643 -0.00081-0.000967 -0.00109 -0.00119 -0.00125 -0.00109  0.00108
        0|        0        0        0        0        0        0        0        0        0        0        0        0        0        0        0        0        0        0        0        0        0        0

p (22x12): 
         |        0        1        2        3        4        5        6        7        8        9       10       11       12       13       14       15       16       17       18       19       20       21
-------------------------------------------------------------------------------------------------------------------------------------------------------------------------------------------------------------------------
       11|    -3.77    -3.77    -3.77    -3.77    -3.77    -3.77    -3.77    -3.77    -3.77    -3.77    -3.77    -3.76    -3.76    -3.76    -3.76    -3.76    -3.76    -3.76    -3.76    -3.76    -3.75    -3.75
       10|    -3.77    -3.77    -3.77    -3.77    -3.77    -3.77    -3.77    -3.77    -3.77    -3.77    -3.77    -3.76    -3.76    -3.76    -3.76    -3.76    -3.76    -3.76    -3.76    -3.76    -3.76    -3.76
        9|    -3.77    -3.77    -3.77    -3.77    -3.77    -3.77    -3.77    -3.77    -3.77    -3.77    -3.76    -3.76    -3.76    -3.76    -3.76    -3.76    -3.76    -3.76    -3.76    -3.76    -3.76    -3.76
        8|    -3.77    -3.77    -3.77    -3.77    -3.77    -3.77    -3.77    -3.77    -3.77    -3.77    -3.76    -3.76    -3.76    -3.76    -3.76    -3.76    -3.76    -3.76    -3.76    -3.76    -3.76    -3.76
        7|    -3.77    -3.77    -3.77    -3.77    -3.77    -3.77    -3.77    -3.77    -3.77    -3.77    -3.76    -3.76    -3.76    -3.76    -3.76    -3.76    -3.76    -3.76    -3.76    -3.76    -3.76    -3.76
        6|    -3.77    -3.77    -3.77    -3.77    -3.77    -3.77    -3.77    -3.77    -3.77    -3.77    -3.76    -3.76    -3.76    -3.76    -3.76    -3.76    -3.76    -3.76    -3.76    -3.76    -3.76    -3.76
        5|    -3.77    -3.77    -3.77    -3.77    -3.77    -3.77    -3.77    -3.77    -3.77    -3.76    -3.76    -3.76    -3.76    -3.76    -3.76    -3.76    -3.76    -3.76    -3.76    -3.76    -3.76    -3.76
        4|    -3.77    -3.77    -3.77    -3.77    -3.77    -3.77    -3.77    -3.77    -3.77    -3.76    -3.76    -3.76    -3.76    -3.76    -3.76    -3.76    -3.76    -3.76    -3.76    -3.76    -3.76    -3.76
        3|    -3.77    -3.77    -3.77    -3.77    -3.77    -3.77    -3.77    -3.77    -3.77    -3.76    -3.76    -3.76    -3.76    -3.76    -3.76    -3.76    -3.76    -3.76    -3.76    -3.76    -3.76    -3.76
        2|    -3.77    -3.77    -3.77    -3.77    -3.77    -3.77    -3.77    -3.77    -3.77    -3.76    -3.76    -3.76    -3.76    -3.76    -3.76    -3.76    -3.76    -3.76    -3.76    -3.76    -3.76    -3.76
        1|    -3.77    -3.77    -3.77    -3.77    -3.77    -3.77    -3.77    -3.77    -3.77    -3.76    -3.76    -3.76    -3.76    -3.76    -3.76    -3.76    -3.76    -3.76    -3.76    -3.76    -3.76    -3.76
        0|    -3.77    -3.77    -3.77    -3.77    -3.77    -3.77    -3.77    -3.77    -3.77    -3.76    -3.76    -3.76    -3.76    -3.76    -3.76    -3.76    -3.76    -3.76    -3.76    -3.76    -3.76    -3.76

F (22x12): 
         |        0        1        2        3        4        5        6        7        8        9       10       11       12       13       14       15       16       17       18       19       20
-------------------------------------------------------------------------------------------------------------------------------------------------------------------------------------------------------------------------
       11|        0        0        0        0        0        0        0        0        0        0        0        0        0        0        0        0        0        0        0        0        0
       10|        0 -0.00282 -0.00612 -0.00922   -0.012  -0.0144  -0.0164   -0.018  -0.0192  -0.0201  -0.0205  -0.0205  -0.0201  -0.0193   -0.018  -0.0161  -0.0137  -0.0108 -0.00734 -0.00362        0
        9|        0 -0.00245 -0.00526 -0.00793  -0.0104  -0.0125  -0.0143  -0.0157  -0.0168  -0.0176  -0.0179  -0.0179  -0.0175  -0.0167  -0.0155  -0.0138  -0.0117 -0.00911 -0.00617 -0.00297        0
        8|        0 -0.00215 -0.00458 -0.00691 -0.00904  -0.0109  -0.0125  -0.0138  -0.0148  -0.0155  -0.0158  -0.0157  -0.0154  -0.0146  -0.0134  -0.0119    -0.01 -0.00776 -0.00521 -0.00248        0
        7|        0 -0.00189 -0.00403 -0.00608 -0.00797 -0.00964  -0.0111  -0.0122  -0.0131  -0.0137   -0.014  -0.0139  -0.0135  -0.0128  -0.0118  -0.0104 -0.00868 -0.00669 -0.00448 -0.00211        0
        6|        0 -0.00168 -0.00359 -0.00542  -0.0071 -0.00861  -0.0099   -0.011  -0.0117  -0.0123  -0.0125  -0.0124   -0.012  -0.0114  -0.0104 -0.00915 -0.00762 -0.00586 -0.00391 -0.00185        0
        5|        0 -0.00152 -0.00324 -0.00489 -0.00642 -0.00778 -0.00896 -0.00991  -0.0106  -0.0111  -0.0113  -0.0112  -0.0109  -0.0102 -0.00934 -0.00819 -0.00681 -0.00522 -0.00348 -0.00163        0
        4|        0  -0.0014 -0.00297  -0.0045  -0.0059 -0.00716 -0.00824 -0.00912 -0.00978  -0.0102  -0.0104  -0.0103 -0.00995 -0.00937 -0.00853 -0.00747 -0.00619 -0.00474 -0.00315 -0.00148        0
        3|        0  -0.0013 -0.00279  -0.0042 -0.00552  -0.0067 -0.00772 -0.00854 -0.00916 -0.00955 -0.00971 -0.00962  -0.0093 -0.00873 -0.00795 -0.00694 -0.00575  -0.0044 -0.00292 -0.00137        0
        2|        0 -0.00124 -0.00264 -0.00399 -0.00524 -0.00636 -0.00732 -0.00811 -0.00869 -0.00907 -0.00921 -0.00913 -0.00881 -0.00828 -0.00752 -0.00657 -0.00543 -0.00416 -0.00276  -0.0013        0
        1|        0 -0.00103 -0.00221 -0.00334 -0.00439 -0.00533 -0.00615 -0.00681  -0.0073 -0.00761 -0.00774 -0.00767 -0.00741 -0.00696 -0.00632 -0.00552 -0.00457 -0.00349 -0.00231 -0.00108        0
        0|        0  0.00103  0.00222  0.00335  0.00441  0.00536  0.00618  0.00684  0.00734  0.00765  0.00778  0.00771  0.00745  0.00699  0.00636  0.00555  0.00459   0.0035  0.00233  0.00108        0

G (22x12): 
         |        0        1        2        3        4        5        6        7        8        9       10       11       12       13       14       15       16       17       18       19       20       21
-------------------------------------------------------------------------------------------------------------------------------------------------------------------------------------------------------------------------
       10|  -0.0175   0.0174     0.02   0.0191   0.0175   0.0155   0.0132   0.0107  0.00804  0.00526  0.00241-0.000516  -0.0035 -0.00653 -0.00958  -0.0126  -0.0155  -0.0181  -0.0203  -0.0217  -0.0196   0.0199
        9|  -0.0147   0.0146   0.0167    0.016   0.0147   0.0131   0.0112   0.0091  0.00683  0.00446  0.00199 -0.00054 -0.00312 -0.00572 -0.00831  -0.0108  -0.0132  -0.0153   -0.017  -0.0181  -0.0162   0.0162
        8|  -0.0122   0.0122   0.0139   0.0133   0.0123    0.011   0.0094  0.00764  0.00574  0.00372  0.00162 -0.00054 -0.00273 -0.00492 -0.00707 -0.00915  -0.0111  -0.0127  -0.0141  -0.0149  -0.0132   0.0133
        7|  -0.0101     0.01   0.0114    0.011   0.0101  0.00907  0.00779  0.00634  0.00475  0.00307   0.0013-0.000501 -0.00234 -0.00415 -0.00593 -0.00761 -0.00916  -0.0105  -0.0116  -0.0122  -0.0108   0.0108
        6| -0.00819  0.00815  0.00929  0.00891  0.00825  0.00739  0.00635  0.00517  0.00388  0.00249  0.00104 -0.00045 -0.00195 -0.00344 -0.00487 -0.00623 -0.00745 -0.00851 -0.00933 -0.00982 -0.00865  0.00869
        5| -0.00651  0.00647  0.00738  0.00709  0.00656  0.00588  0.00506  0.00412  0.00308  0.00198  0.00081-0.000379 -0.00158 -0.00276 -0.00391 -0.00497 -0.00593 -0.00674 -0.00738 -0.00775 -0.00682  0.00685
        4| -0.00498  0.00496  0.00566  0.00543  0.00504  0.00451  0.00389  0.00316  0.00237  0.00151 0.000616-0.000308 -0.00123 -0.00214 -0.00301 -0.00382 -0.00454 -0.00516 -0.00564 -0.00591  -0.0052  0.00522
        3| -0.00359  0.00357  0.00407  0.00392  0.00363  0.00326   0.0028  0.00228   0.0017  0.00109 0.000436-0.000225-0.000896 -0.00155 -0.00218 -0.00275 -0.00328 -0.00371 -0.00405 -0.00424 -0.00373  0.00374
        2| -0.00228  0.00227   0.0026  0.00249  0.00231  0.00207  0.00179  0.00145  0.00109 0.000691 0.000281-0.000148-0.000569-0.000991 -0.00139 -0.00176 -0.00208 -0.00236 -0.00257  -0.0027 -0.00236  0.00237
        1| -0.00104  0.00104  0.00119  0.00115  0.00106 0.000954 0.000818 0.000671 0.000499 0.000322 0.000128-6.21e-05-0.000262-0.000449-0.000637-0.000802-0.000956 -0.00108 -0.00118 -0.00123 -0.00108  0.00108
        0|        0        0        0        0        0        0        0        0        0        0        0        0        0        0        0        0        0        0        0        0        0        0

rhs (22x12): 
         |        0        1        2        3        4        5        6        7        8        9       10       11       12       13       14       15       16       17       18       19       20       21
-------------------------------------------------------------------------------------------------------------------------------------------------------------------------------------------------------------------------
       11|        0        0        0        0        0        0        0        0        0        0        0        0        0        0        0        0        0        0        0        0        0        0
       10|        0 -0.00489  0.00897 0.000878  0.00494 -0.00377 0.000574 -0.00716 -0.00134 -0.00728  0.00054  -0.0033  0.00715  0.00673   0.0208   0.0239   0.0411   0.0461   0.0631   0.0642    0.068        0
        9|        0 -0.00222 -0.00387  0.00245 -0.00383  0.00263 -0.00364  0.00281 -0.00349  0.00292 -0.00344  0.00286 -0.00361  0.00266 -0.00383  0.00236 -0.00419  0.00197 -0.00454  0.00198  0.00356        0
        8|        0 -0.00608  0.00288 -0.00353  0.00291 -0.00338  0.00306 -0.00323  0.00319 -0.00314  0.00324  -0.0032  0.00311 -0.00334  0.00293 -0.00356  0.00267 -0.00384  0.00242 -0.00385  0.00786        0
        7|        0 -0.00055 -0.00325  0.00312  -0.0032  0.00324 -0.00306  0.00338 -0.00295  0.00346  -0.0029  0.00343   -0.003  0.00332 -0.00313  0.00314 -0.00334  0.00293 -0.00353  0.00291  0.00265        0
        6|        0 -0.00477  0.00332 -0.00307  0.00337 -0.00295   0.0035 -0.00282  0.00361 -0.00274  0.00366 -0.00276  0.00359 -0.00284  0.00347   -0.003  0.00329 -0.00318  0.00313 -0.00321  0.00709        0
        5|        0 0.000465 -0.00295  0.00345 -0.00288  0.00356 -0.00275  0.00369 -0.00264  0.00377 -0.00259  0.00377 -0.00265  0.00369 -0.00275  0.00355 -0.00291  0.00339 -0.00305  0.00335  0.00201        0
        4|        0 -0.00401  0.00354 -0.00284   0.0036 -0.00273  0.00372  -0.0026  0.00383 -0.00252  0.00389 -0.00252  0.00384 -0.00258  0.00374 -0.00271   0.0036 -0.00286  0.00346 -0.00292  0.00659        0
        3|        0  0.00102  -0.0028  0.00361 -0.00273  0.00372 -0.00261  0.00384  -0.0025  0.00393 -0.00244  0.00394 -0.00247  0.00387 -0.00257  0.00375 -0.00271  0.00361 -0.00284  0.00355  0.00163        0
        2|        0 -0.00359  0.00366 -0.00273  0.00371 -0.00263  0.00382 -0.00252  0.00391 -0.00245  0.00396 -0.00243  0.00394 -0.00248  0.00386  -0.0026  0.00373 -0.00273  0.00362 -0.00279  0.00633        0
        1|        0  0.00381  0.00135  0.00608  0.00114  0.00576 0.000739  0.00527 0.000169  0.00463-0.000537  0.00386 -0.00135  0.00304 -0.00217  0.00223 -0.00292  0.00157 -0.00347  0.00121 0.000575        0
        0|        0        0        0        0        0        0        0        0        0        0        0        0        0        0        0        0        0        0        0        0        0        0

