t: 1.82924
nCells: 20x10, dx: 0.1, dy: 0.1

u (22x12): 
         |        0        1        2        3        4        5        6        7        8        9       10       11       12       13       14       15       16       17       18       19       20
-------------------------------------------------------------------------------------------------------------------------------------------------------------------------------------------------------------------------
       11|        0 -0.00384  -0.0085  -0.0127  -0.0164  -0.0194  -0.0217  -0.0235  -0.0247  -0.0254  -0.0256  -0.0254  -0.0248  -0.0236   -0.022  -0.0197  -0.0169  -0.0133   -0.009 -0.00423        0
       10|        0 -0.00294  -0.0065 -0.00986  -0.0129  -0.0155  -0.0177  -0.0195  -0.0209  -0.0218  -0.0224  -0.0225  -0.0221  -0.0212  -0.0198  -0.0178  -0.0152  -0.0119 -0.00813 -0.00402        0
        9|        0 -0.00258 -0.00561  -0.0085  -0.0111  -0.0135  -0.0155  -0.0171  -0.0183  -0.0191  -0.0196  -0.0196  -0.0193  -0.0184  -0.0171  -0.0153  -0.0129  -0.0101 -0.00682 -0.00327        0
        8|        0 -0.00228  -0.0049 -0.00742 -0.00974  -0.0118  -0.0136   -0.015  -0.0161  -0.0169  -0.0172  -0.0172  -0.0168   -0.016  -0.0148  -0.0131   -0.011 -0.00856 -0.00574 -0.00272        0
        7|        0   -0.002 -0.00433 -0.00654  -0.0086  -0.0104   -0.012  -0.0133  -0.0143  -0.0149  -0.0153  -0.0152  -0.0148  -0.0141  -0.0129  -0.0114 -0.00955 -0.00736 -0.00492  -0.0023        0
        6|        0 -0.00179 -0.00385 -0.00584 -0.00768 -0.00933  -0.0107  -0.0119  -0.0128  -0.0134  -0.0136  -0.0136  -0.0132  -0.0125  -0.0114  -0.0101 -0.00837 -0.00644 -0.00428 -0.00201        0
        5|        0 -0.00162 -0.00349 -0.00528 -0.00695 -0.00844 -0.00974  -0.0108  -0.0116  -0.0121  -0.0123  -0.0123  -0.0119  -0.0112  -0.0102 -0.00898 -0.00747 -0.00572  -0.0038 -0.00177        0
        4|        0 -0.00149  -0.0032 -0.00486 -0.00639 -0.00777 -0.00895 -0.00993  -0.0107  -0.0111  -0.0113  -0.0113  -0.0109  -0.0103 -0.00934 -0.00818 -0.00678 -0.00519 -0.00344 -0.00161        0
        3|        0 -0.00139 -0.00301 -0.00455 -0.00599 -0.00728 -0.00839  -0.0093 -0.00998  -0.0104  -0.0106  -0.0105  -0.0102 -0.00956  -0.0087  -0.0076  -0.0063 -0.00481 -0.00319 -0.00148        0
        2|        0 -0.00132 -0.00284 -0.00432 -0.00568 -0.00691 -0.00796 -0.00883 -0.00947 -0.00989  -0.0101 -0.00997 -0.00963 -0.00905 -0.00823 -0.00719 -0.00594 -0.00454   -0.003  -0.0014        0
        1|        0 -0.00108 -0.00235 -0.00357 -0.00471 -0.00572 -0.00661 -0.00732 -0.00787 -0.00821 -0.00836 -0.00829 -0.00802 -0.00753 -0.00685 -0.00597 -0.00494 -0.00377 -0.00249 -0.00115        0
        0|        0  0.00107  0.00233  0.00354  0.00467  0.00567  0.00655  0.00726   0.0078  0.00813  0.00828  0.00821  0.00794  0.00745  0.00678  0.00591   0.0049  0.00373  0.00247  0.00114        0

v (22x12): 
         |        0        1        2        3        4        5        6        7        8        9       10       11       12       13       14       15       16       17       18       19       20       21
-------------------------------------------------------------------------------------------------------------------------------------------------------------------------------------------------------------------------
       10|  -0.0184   0.0186   0.0216   0.0207    0.019   0.0169   0.0145   0.0118  0.00899  0.00599  0.00289-0.000316  -0.0036 -0.00697  -0.0104  -0.0138  -0.0171  -0.0201  -0.0225  -0.0241  -0.0217   0.0214
        9|  -0.0155   0.0156    0.018   0.0173    0.016   0.0143   0.0123   0.0101  0.00762  0.00505  0.00236  -0.0004 -0.00324  -0.0061 -0.00898  -0.0118  -0.0144  -0.0168  -0.0188  -0.0199  -0.0177   0.0175
        8|  -0.0129    0.013    0.015   0.0144   0.0134    0.012   0.0103  0.00843  0.00638  0.00419  0.00191-0.000449 -0.00285 -0.00527 -0.00765 -0.00996  -0.0121   -0.014  -0.0155  -0.0164  -0.0144   0.0142
        7|  -0.0107   0.0107   0.0124   0.0119    0.011  0.00991  0.00854  0.00699  0.00527  0.00345  0.00153-0.000442 -0.00246 -0.00446 -0.00643 -0.00829    -0.01  -0.0115  -0.0127  -0.0134  -0.0117   0.0116
        6| -0.00865  0.00873   0.0101  0.00969  0.00899  0.00807  0.00696  0.00569  0.00429  0.00279  0.00122-0.000416 -0.00206  -0.0037 -0.00528 -0.00679 -0.00815 -0.00932  -0.0102  -0.0108 -0.00939  0.00929
        5| -0.00688  0.00694    0.008  0.00771  0.00715  0.00642  0.00554  0.00453  0.00341  0.00221 0.000939-0.000358 -0.00168 -0.00298 -0.00424 -0.00541 -0.00648 -0.00738  -0.0081 -0.00849 -0.00739  0.00732
        4| -0.00526  0.00531  0.00614   0.0059  0.00549  0.00492  0.00425  0.00347  0.00261  0.00168 0.000711-0.000297  -0.0013 -0.00231 -0.00326 -0.00416 -0.00496 -0.00565 -0.00617 -0.00647 -0.00562  0.00556
        3| -0.00379  0.00382  0.00441  0.00425  0.00394  0.00355  0.00306   0.0025  0.00188  0.00121 0.000502-0.000218-0.000952 -0.00167 -0.00236   -0.003 -0.00357 -0.00405 -0.00443 -0.00463 -0.00402  0.00399
        2|  -0.0024  0.00241   0.0028   0.0027  0.00251  0.00225  0.00195  0.00159   0.0012 0.000766 0.000323-0.000144-0.000603 -0.00106  -0.0015 -0.00191 -0.00226 -0.00257  -0.0028 -0.00294 -0.00254  0.00252
        1| -0.00109  0.00109  0.00127  0.00123  0.00114  0.00103 0.000883 0.000728 0.000543 0.000355 0.000146-5.82e-05-0.000275-0.000477-0.000682-0.000861 -0.00103 -0.00116 -0.00128 -0.00133 -0.00115  0.00114
        0|        0        0        0        0        0        0        0        0        0        0        0        0        0        0        0        0        0        0        0        0        0        0

p (22x12): 
         |        0        1        2        3        4        5        6        7        8        9       10       11       12       13       14       15       16       17       18       19       20       21
-------------------------------------------------------------------------------------------------------------------------------------------------------------------------------------------------------------------------
       11|    -4.88    -4.88    -4.88    -4.88    -4.88    -4.88    -4.88    -4.88    -4.88    -4.88    -4.88    -4.88    -4.87    -4.87    -4.87    -4.87    -4.87    -4.87    -4.87    -4.87    -4.87    -4.87
       10|    -4.88    -4.88    -4.88    -4.88    -4.88    -4.88    -4.88    -4.88    -4.88    -4.88    -4.88    -4.88    -4.87    -4.87    -4.87    -4.87    -4.87    -4.87    -4.87    -4.87    -4.87    -4.87
        9|    -4.88    -4.88    -4.88    -4.88    -4.88    -4.88    -4.88    -4.88    -4.88    -4.88    -4.88    -4.88    -4.87    -4.87    -4.87    -4.87    -4.87    -4.87    -4.87    -4.87    -4.87    -4.87
        8|    -4.88    -4.88    -4.88    -4.88    -4.88    -4.88    -4.88    -4.88    -4.88    -4.88    -4.88    -4.88    -4.87    -4.87    -4.87    -4.87    -4.87    -4.87    -4.87    -4.87    -4.87    -4.87
        7|    -4.88    -4.88    -4.88    -4.88    -4.88    -4.88    -4.88    -4.88    -4.88    -4.88    -4.88    -4.88    -4.87    -4.87    -4.87    -4.87    -4.87    -4.87    -4.87    -4.87    -4.87    -4.87
        6|    -4.88    -4.88    -4.88    -4.88    -4.88    -4.88    -4.88    -4.88    -4.88    -4.88    -4.88    -4.88    -4.87    -4.87    -4.87    -4.87    -4.87    -4.87    -4.87    -4.87    -4.87    -4.87
        5|    -4.88    -4.88    -4.88    -4.88    -4.88    -4.88    -4.88    -4.88    -4.88    -4.88    -4.88    -4.88    -4.87    -4.87    -4.87    -4.87    -4.87    -4.87    -4.87    -4.87    -4.87    -4.87
        4|    -4.88    -4.88    -4.88    -4.88    -4.88    -4.88    -4.88    -4.88    -4.88    -4.88    -4.88    -4.88    -4.87    -4.87    -4.87    -4.87    -4.87    -4.87    -4.87    -4.87    -4.87    -4.87
        3|    -4.88    -4.88    -4.88    -4.88    -4.88    -4.88    -4.88    -4.88    -4.88    -4.88    -4.88    -4.87    -4.87    -4.87    -4.87    -4.87    -4.87    -4.87    -4.87    -4.87    -4.87    -4.87
        2|    -4.88    -4.88    -4.88    -4.88    -4.88    -4.88    -4.88    -4.88    -4.88    -4.88    -4.88    -4.87    -4.87    -4.87    -4.87    -4.87    -4.87    -4.87    -4.87    -4.87    -4.87    -4.87
        1|    -4.88    -4.88    -4.88    -4.88    -4.88    -4.88    -4.88    -4.88    -4.88    -4.88    -4.88    -4.87    -4.87    -4.87    -4.87    -4.87    -4.87    -4.87    -4.87    -4.87    -4.87    -4.87
        0|    -4.88    -4.88    -4.88    -4.88    -4.88    -4.88    -4.88    -4.88    -4.88    -4.88    -4.88    -4.87    -4.87    -4.87    -4.87    -4.87    -4.87    -4.87    -4.87    -4.87    -4.87    -4.87

F (22x12): 
         |        0        1        2        3        4        5        6        7        8        9       10       11       12       13       14       15       16       17       18       19       20
-------------------------------------------------------------------------------------------------------------------------------------------------------------------------------------------------------------------------
       11|        0        0        0        0        0        0        0        0        0        0        0        0        0        0        0        0        0        0        0        0        0
       10|        0 -0.00293 -0.00645 -0.00978  -0.0128  -0.0154  -0.0176  -0.0193  -0.0207  -0.0216  -0.0221  -0.0222  -0.0218  -0.0209  -0.0195  -0.0176   -0.015  -0.0118 -0.00802 -0.00396        0
        9|        0 -0.00257 -0.00557 -0.00842   -0.011  -0.0133  -0.0153  -0.0169  -0.0181  -0.0189  -0.0194  -0.0194   -0.019  -0.0182  -0.0169  -0.0151  -0.0127 -0.00994 -0.00673 -0.00323        0
        8|        0 -0.00226 -0.00486 -0.00736 -0.00964  -0.0117  -0.0134  -0.0149  -0.0159  -0.0167   -0.017   -0.017  -0.0166  -0.0158  -0.0146   -0.013  -0.0109 -0.00845 -0.00567 -0.00268        0
        7|        0 -0.00199 -0.00429 -0.00648 -0.00852  -0.0103  -0.0119  -0.0132  -0.0141  -0.0148  -0.0151   -0.015  -0.0146  -0.0139  -0.0128  -0.0113 -0.00943 -0.00727 -0.00486 -0.00228        0
        6|        0 -0.00178 -0.00382 -0.00579  -0.0076 -0.00923  -0.0106  -0.0118  -0.0126  -0.0132  -0.0135  -0.0134   -0.013  -0.0123  -0.0113 -0.00992 -0.00826 -0.00636 -0.00423 -0.00198        0
        5|        0  -0.0016 -0.00346 -0.00523 -0.00688 -0.00835 -0.00963  -0.0107  -0.0115   -0.012  -0.0122  -0.0121  -0.0117  -0.0111  -0.0101 -0.00887 -0.00737 -0.00565 -0.00376 -0.00175        0
        4|        0 -0.00148 -0.00317 -0.00481 -0.00632 -0.00769 -0.00886 -0.00982  -0.0105   -0.011  -0.0112  -0.0111  -0.0108  -0.0101 -0.00923 -0.00808  -0.0067 -0.00513  -0.0034 -0.00159        0
        3|        0 -0.00138 -0.00298  -0.0045 -0.00593  -0.0072  -0.0083 -0.00919 -0.00987  -0.0103  -0.0105  -0.0104  -0.0101 -0.00944  -0.0086 -0.00751 -0.00622 -0.00475 -0.00315 -0.00147        0
        2|        0 -0.00131 -0.00282 -0.00427 -0.00562 -0.00683 -0.00787 -0.00873 -0.00936 -0.00977 -0.00993 -0.00985 -0.00951 -0.00894 -0.00812  -0.0071 -0.00587 -0.00449 -0.00297 -0.00139        0
        1|        0 -0.00107 -0.00232 -0.00352 -0.00465 -0.00565 -0.00652 -0.00722 -0.00776 -0.00809 -0.00824 -0.00817  -0.0079 -0.00741 -0.00674 -0.00588 -0.00487 -0.00371 -0.00246 -0.00114        0
        0|        0  0.00107  0.00233  0.00354  0.00467  0.00567  0.00655  0.00726   0.0078  0.00813  0.00828  0.00821  0.00794  0.00745  0.00678  0.00591   0.0049  0.00373  0.00247  0.00114        0

G (22x12): 
         |        0        1        2        3        4        5        6        7        8        9       10       11       12       13       14       15       16       17       18       19       20       21
-------------------------------------------------------------------------------------------------------------------------------------------------------------------------------------------------------------------------
       10|  -0.0184   0.0183   0.0214   0.0205   0.0188   0.0167   0.0143   0.0117  0.00883  0.00586   0.0028-0.000365  -0.0036 -0.00691  -0.0102  -0.0136  -0.0168  -0.0197  -0.0221  -0.0236  -0.0212   0.0214
        9|  -0.0155   0.0154   0.0178   0.0171   0.0158   0.0141   0.0121   0.0099  0.00749  0.00495  0.00229-0.000436 -0.00324 -0.00607  -0.0089  -0.0117  -0.0143  -0.0166  -0.0185  -0.0197  -0.0174   0.0175
        8|  -0.0129   0.0128   0.0149   0.0143   0.0132   0.0118   0.0102  0.00831  0.00628  0.00412  0.00186-0.000474 -0.00284 -0.00523 -0.00758 -0.00986   -0.012  -0.0138  -0.0153  -0.0162  -0.0142   0.0142
        7|  -0.0107   0.0106   0.0122   0.0118   0.0109  0.00979  0.00843  0.00689  0.00519  0.00339  0.00149 -0.00046 -0.00245 -0.00442 -0.00637  -0.0082  -0.0099  -0.0114  -0.0125  -0.0132  -0.0115   0.0116
        6| -0.00865  0.00861  0.00996  0.00958  0.00889  0.00797  0.00687  0.00561  0.00423  0.00274  0.00118-0.000427 -0.00205 -0.00367 -0.00523 -0.00672 -0.00806 -0.00922  -0.0101  -0.0106 -0.00925  0.00929
        5| -0.00688  0.00684  0.00791  0.00762  0.00706  0.00635  0.00547  0.00447  0.00336  0.00217 0.000917-0.000365 -0.00167 -0.00295  -0.0042 -0.00535 -0.00641  -0.0073   -0.008 -0.00839 -0.00729  0.00732
        4| -0.00526  0.00524  0.00607  0.00584  0.00542  0.00486   0.0042  0.00342  0.00258  0.00165 0.000695-0.000302  -0.0013 -0.00229 -0.00323 -0.00412 -0.00491 -0.00558  -0.0061 -0.00639 -0.00554  0.00556
        3| -0.00379  0.00377  0.00436   0.0042   0.0039  0.00351  0.00302  0.00247  0.00185  0.00119  0.00049-0.000221-0.000947 -0.00165 -0.00234 -0.00296 -0.00353 -0.00401 -0.00438 -0.00458 -0.00397  0.00399
        2|  -0.0024  0.00238  0.00277  0.00267  0.00248  0.00222  0.00192  0.00157  0.00118 0.000754 0.000315-0.000146-0.000599 -0.00106 -0.00148 -0.00189 -0.00224 -0.00254 -0.00277  -0.0029  -0.0025  0.00252
        1| -0.00109  0.00108  0.00126  0.00122  0.00113  0.00102 0.000874 0.000719 0.000537  0.00035 0.000143-5.94e-05-0.000274-0.000474-0.000676-0.000854 -0.00102 -0.00115 -0.00126 -0.00132 -0.00114  0.00114
        0|        0        0        0        0        0        0        0        0        0        0        0        0        0        0        0        0        0        0        0        0        0        0

rhs (22x12): 
         |        0        1        2        3        4        5        6        7        8        9       10       11       12       13       14       15       16       17       18       19       20       21
-------------------------------------------------------------------------------------------------------------------------------------------------------------------------------------------------------------------------
       11|        0        0        0        0        0        0        0        0        0        0        0        0        0        0        0        0        0        0        0        0        0        0
       10|        0  -0.0041   0.0119  0.00247  0.00723  -0.0031  0.00187 -0.00743 -0.00084 -0.00813  0.00074 -0.00411   0.0078  0.00696   0.0233   0.0267   0.0468   0.0528   0.0728    0.074    0.077        0
        9|        0 -0.00187 -0.00449  0.00294 -0.00447  0.00313 -0.00425  0.00333 -0.00409  0.00345 -0.00404  0.00338 -0.00424  0.00313 -0.00452  0.00276 -0.00495  0.00229 -0.00538  0.00232  0.00366        0
        8|        0 -0.00654  0.00343 -0.00411  0.00345 -0.00396  0.00363 -0.00379  0.00377 -0.00369  0.00382 -0.00375  0.00366 -0.00393  0.00345  -0.0042  0.00312 -0.00454  0.00283 -0.00453  0.00879        0
        7|        0-0.000133 -0.00379   0.0037 -0.00375  0.00383 -0.00359  0.00398 -0.00346  0.00408 -0.00341  0.00405 -0.00352  0.00391 -0.00369  0.00369 -0.00394  0.00343 -0.00417  0.00343  0.00271        0
        6|        0 -0.00517  0.00393 -0.00359  0.00398 -0.00346  0.00412 -0.00331  0.00425 -0.00322  0.00431 -0.00324  0.00422 -0.00334  0.00408 -0.00353  0.00387 -0.00374  0.00368 -0.00378  0.00799        0
        5|        0 0.000937 -0.00345  0.00408 -0.00338   0.0042 -0.00324  0.00434 -0.00311  0.00444 -0.00305  0.00444 -0.00311  0.00435 -0.00324  0.00418 -0.00343  0.00399  -0.0036  0.00395  0.00204        0
        4|        0 -0.00437  0.00417 -0.00333  0.00424 -0.00321  0.00438 -0.00306  0.00451 -0.00296  0.00458 -0.00296  0.00452 -0.00304  0.00441 -0.00319  0.00423 -0.00337  0.00408 -0.00344  0.00746        0
        3|        0  0.00153 -0.00329  0.00426 -0.00321  0.00438 -0.00306  0.00452 -0.00294  0.00462 -0.00287  0.00463 -0.00291  0.00456 -0.00302  0.00441 -0.00319  0.00425 -0.00334  0.00419  0.00164        0
        2|        0 -0.00392  0.00432  -0.0032  0.00438 -0.00309   0.0045 -0.00297   0.0046 -0.00288  0.00466 -0.00286  0.00464 -0.00292  0.00454 -0.00306  0.00439 -0.00321  0.00426 -0.00328  0.00718        0
        1|        0   0.0045  0.00133  0.00691  0.00111  0.00658 0.000695  0.00607  9.8e-05  0.00539-0.000648  0.00457 -0.00152  0.00368 -0.00241  0.00281 -0.00323  0.00209 -0.00383  0.00171 0.000692        0
        0|        0        0        0        0        0        0        0        0        0        0        0        0        0        0        0        0        0        0        0        0        0        0

