t: 1.7769
nCells: 20x10, dx: 0.1, dy: 0.1

u (22x12): 
         |        0        1        2        3        4        5        6        7        8        9       10       11       12       13       14       15       16       17       18       19       20
-------------------------------------------------------------------------------------------------------------------------------------------------------------------------------------------------------------------------
       11|        0 -0.00378 -0.00832  -0.0124   -0.016  -0.0189  -0.0212  -0.0229  -0.0241  -0.0248   -0.025  -0.0248  -0.0242  -0.0231  -0.0215  -0.0193  -0.0164  -0.0129 -0.00879 -0.00413        0
       10|        0 -0.00291  -0.0064 -0.00968  -0.0126  -0.0152  -0.0174  -0.0191  -0.0204  -0.0213  -0.0218  -0.0219  -0.0215  -0.0207  -0.0193  -0.0173  -0.0148  -0.0116 -0.00791 -0.00391        0
        9|        0 -0.00255 -0.00552 -0.00834  -0.0109  -0.0132  -0.0151  -0.0167  -0.0179  -0.0187  -0.0191  -0.0192  -0.0188  -0.0179  -0.0166  -0.0148  -0.0126  -0.0098 -0.00664 -0.00318        0
        8|        0 -0.00224 -0.00481 -0.00728 -0.00954  -0.0116  -0.0133  -0.0147  -0.0157  -0.0165  -0.0168  -0.0168  -0.0164  -0.0156  -0.0144  -0.0128  -0.0107 -0.00833 -0.00559 -0.00265        0
        7|        0 -0.00197 -0.00425 -0.00642 -0.00843  -0.0102  -0.0118   -0.013   -0.014  -0.0146  -0.0149  -0.0149  -0.0145  -0.0137  -0.0126  -0.0111  -0.0093 -0.00717  -0.0048 -0.00225        0
        6|        0 -0.00176 -0.00378 -0.00573 -0.00752 -0.00913  -0.0105  -0.0116  -0.0125  -0.0131  -0.0133  -0.0133  -0.0129  -0.0122  -0.0111  -0.0098 -0.00816 -0.00628 -0.00418 -0.00196        0
        5|        0 -0.00159 -0.00342 -0.00517 -0.00681 -0.00826 -0.00952  -0.0105  -0.0113  -0.0118   -0.012   -0.012  -0.0116  -0.0109 -0.00999 -0.00876 -0.00728 -0.00558 -0.00371 -0.00173        0
        4|        0 -0.00146 -0.00314 -0.00476 -0.00625  -0.0076 -0.00875  -0.0097  -0.0104  -0.0109  -0.0111   -0.011  -0.0106    -0.01 -0.00911 -0.00798 -0.00661 -0.00507 -0.00336 -0.00157        0
        3|        0 -0.00137 -0.00294 -0.00445 -0.00586 -0.00712 -0.00821 -0.00908 -0.00975  -0.0102  -0.0104  -0.0103 -0.00993 -0.00933 -0.00849 -0.00742 -0.00615 -0.00469 -0.00312 -0.00145        0
        2|        0  -0.0013 -0.00279 -0.00423 -0.00556 -0.00676 -0.00778 -0.00863 -0.00925 -0.00966 -0.00982 -0.00974  -0.0094 -0.00884 -0.00803 -0.00701  -0.0058 -0.00443 -0.00293 -0.00137        0
        1|        0 -0.00107 -0.00232 -0.00351 -0.00463 -0.00562 -0.00649 -0.00719 -0.00772 -0.00806  -0.0082 -0.00813 -0.00786 -0.00738 -0.00671 -0.00585 -0.00485 -0.00369 -0.00245 -0.00113        0
        0|        0  0.00106   0.0023  0.00348  0.00459  0.00557  0.00643  0.00712  0.00765  0.00798  0.00812  0.00805  0.00778   0.0073  0.00664  0.00579   0.0048  0.00366  0.00242  0.00112        0

v (22x12): 
         |        0        1        2        3        4        5        6        7        8        9       10       11       12       13       14       15       16       17       18       19       20       21
-------------------------------------------------------------------------------------------------------------------------------------------------------------------------------------------------------------------------
       10|  -0.0181   0.0183   0.0212   0.0202   0.0186   0.0165   0.0142   0.0115  0.00873  0.00579  0.00276-0.000374 -0.00358 -0.00686  -0.0102  -0.0135  -0.0166  -0.0196  -0.0219  -0.0234  -0.0212   0.0209
        9|  -0.0152   0.0154   0.0177    0.017   0.0156    0.014    0.012  0.00978   0.0074  0.00488  0.00226-0.000441 -0.00321   -0.006 -0.00879  -0.0115  -0.0141  -0.0164  -0.0183  -0.0194  -0.0173   0.0171
        8|  -0.0127   0.0128   0.0147   0.0141   0.0131   0.0117   0.0101  0.00821   0.0062  0.00406  0.00183-0.000475 -0.00281 -0.00517 -0.00749 -0.00973  -0.0118  -0.0136  -0.0151   -0.016  -0.0141   0.0139
        7|  -0.0105   0.0106   0.0121   0.0117   0.0108  0.00968  0.00833  0.00681  0.00513  0.00334  0.00147 -0.00046 -0.00242 -0.00437 -0.00629  -0.0081 -0.00977  -0.0112  -0.0124   -0.013  -0.0114   0.0113
        6|  -0.0085  0.00858  0.00986  0.00947  0.00879  0.00788  0.00679  0.00554  0.00418   0.0027  0.00117-0.000426 -0.00203 -0.00363 -0.00517 -0.00663 -0.00795 -0.00909 -0.00998  -0.0105 -0.00919  0.00909
        5| -0.00676  0.00682  0.00783  0.00754  0.00699  0.00627   0.0054  0.00442  0.00332  0.00214 0.000902-0.000364 -0.00165 -0.00292 -0.00414 -0.00529 -0.00633  -0.0072 -0.00789 -0.00828 -0.00724  0.00717
        4| -0.00517  0.00522    0.006  0.00577  0.00536  0.00481  0.00415  0.00338  0.00254  0.00163 0.000684  -0.0003 -0.00128 -0.00226 -0.00319 -0.00407 -0.00484 -0.00551 -0.00602 -0.00631 -0.00551  0.00545
        3| -0.00372  0.00376  0.00432  0.00416  0.00386  0.00347  0.00299  0.00244  0.00183  0.00118 0.000483 -0.00022-0.000937 -0.00163 -0.00231 -0.00293 -0.00349 -0.00395 -0.00432 -0.00452 -0.00395  0.00391
        2| -0.00236  0.00238  0.00275  0.00264  0.00246   0.0022   0.0019  0.00155  0.00117 0.000745 0.000311-0.000145-0.000593 -0.00104 -0.00146 -0.00186 -0.00221 -0.00251 -0.00274 -0.00287 -0.00249  0.00247
        1| -0.00107  0.00108  0.00125  0.00121  0.00112  0.00101 0.000865 0.000712 0.000531 0.000346 0.000141-5.94e-05-0.000271-0.000469-0.000669-0.000844 -0.00101 -0.00114 -0.00125  -0.0013 -0.00113  0.00112
        0|        0        0        0        0        0        0        0        0        0        0        0        0        0        0        0        0        0        0        0        0        0        0

p (22x12): 
         |        0        1        2        3        4        5        6        7        8        9       10       11       12       13       14       15       16       17       18       19       20       21
-------------------------------------------------------------------------------------------------------------------------------------------------------------------------------------------------------------------------
       11|    -4.49    -4.49    -4.49    -4.49    -4.49    -4.49    -4.49    -4.49    -4.49    -4.49    -4.49    -4.49    -4.48    -4.48    -4.48    -4.48    -4.48    -4.48    -4.48    -4.48    -4.48    -4.48
       10|    -4.49    -4.49    -4.49    -4.49    -4.49    -4.49    -4.49    -4.49    -4.49    -4.49    -4.49    -4.49    -4.48    -4.48    -4.48    -4.48    -4.48    -4.48    -4.48    -4.48    -4.48    -4.48
        9|    -4.49    -4.49    -4.49    -4.49    -4.49    -4.49    -4.49    -4.49    -4.49    -4.49    -4.49    -4.49    -4.48    -4.48    -4.48    -4.48    -4.48    -4.48    -4.48    -4.48    -4.48    -4.48
        8|    -4.49    -4.49    -4.49    -4.49    -4.49    -4.49    -4.49    -4.49    -4.49    -4.49    -4.49    -4.49    -4.48    -4.48    -4.48    -4.48    -4.48    -4.48    -4.48    -4.48    -4.48    -4.48
        7|    -4.49    -4.49    -4.49    -4.49    -4.49    -4.49    -4.49    -4.49    -4.49    -4.49    -4.49    -4.49    -4.48    -4.48    -4.48    -4.48    -4.48    -4.48    -4.48    -4.48    -4.48    -4.48
        6|    -4.49    -4.49    -4.49    -4.49    -4.49    -4.49    -4.49    -4.49    -4.49    -4.49    -4.49    -4.49    -4.48    -4.48    -4.48    -4.48    -4.48    -4.48    -4.48    -4.48    -4.48    -4.48
        5|    -4.49    -4.49    -4.49    -4.49    -4.49    -4.49    -4.49    -4.49    -4.49    -4.49    -4.49    -4.49    -4.48    -4.48    -4.48    -4.48    -4.48    -4.48    -4.48    -4.48    -4.48    -4.48
        4|    -4.49    -4.49    -4.49    -4.49    -4.49    -4.49    -4.49    -4.49    -4.49    -4.49    -4.49    -4.48    -4.48    -4.48    -4.48    -4.48    -4.48    -4.48    -4.48    -4.48    -4.48    -4.48
        3|    -4.49    -4.49    -4.49    -4.49    -4.49    -4.49    -4.49    -4.49    -4.49    -4.49    -4.49    -4.48    -4.48    -4.48    -4.48    -4.48    -4.48    -4.48    -4.48    -4.48    -4.48    -4.48
        2|    -4.49    -4.49    -4.49    -4.49    -4.49    -4.49    -4.49    -4.49    -4.49    -4.49    -4.49    -4.48    -4.48    -4.48    -4.48    -4.48    -4.48    -4.48    -4.48    -4.48    -4.48    -4.48
        1|    -4.49    -4.49    -4.49    -4.49    -4.49    -4.49    -4.49    -4.49    -4.49    -4.49    -4.49    -4.48    -4.48    -4.48    -4.48    -4.48    -4.48    -4.48    -4.48    -4.48    -4.48    -4.48
        0|    -4.49    -4.49    -4.49    -4.49    -4.49    -4.49    -4.49    -4.49    -4.49    -4.49    -4.49    -4.48    -4.48    -4.48    -4.48    -4.48    -4.48    -4.48    -4.48    -4.48    -4.48    -4.48

F (22x12): 
         |        0        1        2        3        4        5        6        7        8        9       10       11       12       13       14       15       16       17       18       19       20
-------------------------------------------------------------------------------------------------------------------------------------------------------------------------------------------------------------------------
       11|        0        0        0        0        0        0        0        0        0        0        0        0        0        0        0        0        0        0        0        0        0
       10|        0  -0.0029 -0.00635  -0.0096  -0.0125  -0.0151  -0.0172  -0.0189  -0.0202  -0.0211  -0.0216  -0.0216  -0.0212  -0.0204   -0.019  -0.0171  -0.0145  -0.0114 -0.00779 -0.00385        0
        9|        0 -0.00253 -0.00547 -0.00826  -0.0108  -0.0131   -0.015  -0.0165  -0.0177  -0.0185  -0.0189  -0.0189  -0.0185  -0.0177  -0.0164  -0.0146  -0.0124 -0.00966 -0.00654 -0.00314        0
        8|        0 -0.00223 -0.00477 -0.00721 -0.00945  -0.0114  -0.0131  -0.0145  -0.0156  -0.0163  -0.0166  -0.0166  -0.0162  -0.0154  -0.0142  -0.0126  -0.0106 -0.00822 -0.00552 -0.00262        0
        7|        0 -0.00196 -0.00421 -0.00635 -0.00834  -0.0101  -0.0116  -0.0129  -0.0138  -0.0144  -0.0147  -0.0147  -0.0143  -0.0135  -0.0124   -0.011 -0.00918 -0.00708 -0.00473 -0.00222        0
        6|        0 -0.00175 -0.00374 -0.00567 -0.00744 -0.00903  -0.0104  -0.0115  -0.0123  -0.0129  -0.0131  -0.0131  -0.0127   -0.012   -0.011 -0.00967 -0.00805 -0.00619 -0.00412 -0.00194        0
        5|        0 -0.00158 -0.00339 -0.00512 -0.00673 -0.00817 -0.00941  -0.0104  -0.0112  -0.0117  -0.0119  -0.0118  -0.0115  -0.0108 -0.00986 -0.00864 -0.00719 -0.00551 -0.00366 -0.00171        0
        4|        0 -0.00145 -0.00311 -0.00471 -0.00618 -0.00752 -0.00865 -0.00959  -0.0103  -0.0107  -0.0109  -0.0108  -0.0105 -0.00988   -0.009 -0.00788 -0.00653   -0.005 -0.00332 -0.00156        0
        3|        0 -0.00135 -0.00291 -0.00441  -0.0058 -0.00704 -0.00811 -0.00898 -0.00964    -0.01  -0.0102  -0.0101  -0.0098 -0.00921 -0.00838 -0.00732 -0.00607 -0.00463 -0.00308 -0.00144        0
        2|        0 -0.00129 -0.00276 -0.00418 -0.00549 -0.00668 -0.00769 -0.00853 -0.00914 -0.00954 -0.00969 -0.00961 -0.00928 -0.00872 -0.00792 -0.00692 -0.00573 -0.00438  -0.0029 -0.00136        0
        1|        0 -0.00106 -0.00229 -0.00346 -0.00456 -0.00555  -0.0064 -0.00709 -0.00761 -0.00794 -0.00808 -0.00801 -0.00774 -0.00727 -0.00661 -0.00576 -0.00477 -0.00364 -0.00241 -0.00112        0
        0|        0  0.00106   0.0023  0.00348  0.00459  0.00557  0.00643  0.00712  0.00765  0.00798  0.00812  0.00805  0.00778   0.0073  0.00664  0.00579   0.0048  0.00366  0.00242  0.00112        0

G (22x12): 
         |        0        1        2        3        4        5        6        7        8        9       10       11       12       13       14       15       16       17       18       19       20       21
-------------------------------------------------------------------------------------------------------------------------------------------------------------------------------------------------------------------------
       10|  -0.0181    0.018   0.0209     0.02   0.0184   0.0163   0.0139   0.0113  0.00856  0.00566  0.00267 -0.00042 -0.00357 -0.00679    -0.01  -0.0133  -0.0163  -0.0192  -0.0215  -0.0229  -0.0207   0.0209
        9|  -0.0152   0.0152   0.0175   0.0167   0.0154   0.0138   0.0118  0.00964  0.00727  0.00479  0.00219-0.000474  -0.0032 -0.00596 -0.00871  -0.0114  -0.0139  -0.0162   -0.018  -0.0192   -0.017   0.0171
        8|  -0.0127   0.0126   0.0145   0.0139   0.0129   0.0115  0.00992  0.00809   0.0061  0.00398  0.00178-0.000498 -0.00281 -0.00513 -0.00742 -0.00962  -0.0117  -0.0135  -0.0149  -0.0158  -0.0139   0.0139
        7|  -0.0105   0.0104    0.012   0.0115   0.0107  0.00955  0.00822  0.00671  0.00505  0.00328  0.00143-0.000475 -0.00241 -0.00434 -0.00622 -0.00801 -0.00966  -0.0111  -0.0122  -0.0129  -0.0113   0.0113
        6|  -0.0085  0.00846  0.00974  0.00936  0.00868  0.00778   0.0067  0.00547  0.00411  0.00266  0.00114-0.000436 -0.00202 -0.00359 -0.00511 -0.00656 -0.00786 -0.00898 -0.00986  -0.0104 -0.00905  0.00909
        5| -0.00676  0.00672  0.00774  0.00744   0.0069  0.00619  0.00533  0.00435  0.00327  0.00211  0.00088-0.000371 -0.00164 -0.00289  -0.0041 -0.00523 -0.00625 -0.00711  -0.0078 -0.00817 -0.00714  0.00717
        4| -0.00517  0.00515  0.00593   0.0057   0.0053  0.00475   0.0041  0.00334  0.00251  0.00161 0.000668-0.000305 -0.00127 -0.00224 -0.00316 -0.00402 -0.00479 -0.00544 -0.00595 -0.00623 -0.00543  0.00545
        3| -0.00372   0.0037  0.00427  0.00411  0.00381  0.00342  0.00295  0.00241   0.0018  0.00116 0.000472-0.000223-0.000931 -0.00162 -0.00228  -0.0029 -0.00345 -0.00391 -0.00427 -0.00447 -0.00389  0.00391
        2| -0.00236  0.00235  0.00272  0.00261  0.00243  0.00217  0.00188  0.00153  0.00115 0.000733 0.000304-0.000147 -0.00059 -0.00103 -0.00145 -0.00185 -0.00219 -0.00248 -0.00271 -0.00284 -0.00246  0.00247
        1| -0.00107  0.00107  0.00123  0.00119   0.0011 0.000997 0.000856 0.000704 0.000524 0.000341 0.000138-6.05e-05 -0.00027-0.000466-0.000663-0.000837   -0.001 -0.00113 -0.00124 -0.00129 -0.00112  0.00112
        0|        0        0        0        0        0        0        0        0        0        0        0        0        0        0        0        0        0        0        0        0        0        0

rhs (22x12): 
         |        0        1        2        3        4        5        6        7        8        9       10       11       12       13       14       15       16       17       18       19       20       21
-------------------------------------------------------------------------------------------------------------------------------------------------------------------------------------------------------------------------
       11|        0        0        0        0        0        0        0        0        0        0        0        0        0        0        0        0        0        0        0        0        0        0
       10|        0 -0.00436   0.0109  0.00193  0.00644 -0.00334  0.00142 -0.00735 -0.00102 -0.00785 0.000671 -0.00383  0.00759   0.0069   0.0224   0.0258   0.0449   0.0505   0.0695   0.0707    0.074        0
        9|        0 -0.00199 -0.00429  0.00278 -0.00425  0.00296 -0.00404  0.00315 -0.00388  0.00327 -0.00383   0.0032 -0.00403  0.00298 -0.00429  0.00263  -0.0047  0.00218  -0.0051  0.00221  0.00363        0
        8|        0 -0.00639  0.00324 -0.00392  0.00327 -0.00376  0.00344  -0.0036  0.00357 -0.00351  0.00362 -0.00356  0.00348 -0.00373  0.00327 -0.00398  0.00297  -0.0043  0.00269  -0.0043  0.00848        0
        7|        0-0.000279 -0.00361   0.0035 -0.00356  0.00363 -0.00341  0.00378 -0.00328  0.00387 -0.00323  0.00384 -0.00334  0.00371  -0.0035  0.00351 -0.00373  0.00326 -0.00395  0.00325  0.00269        0
        6|        0 -0.00504  0.00372 -0.00341  0.00377 -0.00329  0.00391 -0.00315  0.00403 -0.00305  0.00409 -0.00308  0.00401 -0.00317  0.00387 -0.00335  0.00367 -0.00355   0.0035 -0.00359  0.00769        0
        5|        0 0.000773 -0.00328  0.00387 -0.00321  0.00399 -0.00307  0.00412 -0.00295  0.00422 -0.00289  0.00421 -0.00295  0.00412 -0.00307  0.00397 -0.00325  0.00379 -0.00341  0.00375  0.00203        0
        4|        0 -0.00425  0.00396 -0.00317  0.00402 -0.00304  0.00416 -0.00291  0.00428 -0.00281  0.00434 -0.00281  0.00429 -0.00288  0.00418 -0.00303  0.00402  -0.0032  0.00387 -0.00326  0.00717        0
        3|        0  0.00136 -0.00312  0.00404 -0.00304  0.00416 -0.00291  0.00429 -0.00279  0.00439 -0.00273   0.0044 -0.00276  0.00433 -0.00287  0.00419 -0.00303  0.00403 -0.00317  0.00397  0.00164        0
        2|        0 -0.00381  0.00409 -0.00304  0.00415 -0.00294  0.00427 -0.00282  0.00437 -0.00274  0.00442 -0.00271  0.00441 -0.00277  0.00431  -0.0029  0.00417 -0.00305  0.00404 -0.00311  0.00689        0
        1|        0  0.00427  0.00134  0.00663  0.00113   0.0063 0.000712   0.0058 0.000123  0.00513-0.000611  0.00433 -0.00146  0.00346 -0.00233  0.00262 -0.00313  0.00191 -0.00371  0.00154 0.000652        0
        0|        0        0        0        0        0        0        0        0        0        0        0        0        0        0        0        0        0        0        0        0        0        0

