t: 1.38492
nCells: 20x10, dx: 0.1, dy: 0.1

u (22x12): 
         |        0        1        2        3        4        5        6        7        8        9       10       11       12       13       14       15       16       17       18       19       20
-------------------------------------------------------------------------------------------------------------------------------------------------------------------------------------------------------------------------
       11|        0 -0.00321 -0.00685  -0.0101   -0.013  -0.0153  -0.0171  -0.0185  -0.0194    -0.02  -0.0202    -0.02  -0.0195  -0.0186  -0.0173  -0.0155  -0.0132  -0.0104 -0.00708 -0.00338        0
       10|        0 -0.00257 -0.00545 -0.00815  -0.0105  -0.0126  -0.0143  -0.0157  -0.0167  -0.0173  -0.0176  -0.0176  -0.0172  -0.0165  -0.0153  -0.0137  -0.0116 -0.00912 -0.00622 -0.00306        0
        9|        0 -0.00221 -0.00467 -0.00699 -0.00909  -0.0109  -0.0124  -0.0137  -0.0146  -0.0152  -0.0154  -0.0154   -0.015  -0.0143  -0.0132  -0.0117 -0.00991 -0.00772 -0.00523 -0.00253        0
        8|        0 -0.00193 -0.00405 -0.00607 -0.00791 -0.00954  -0.0109   -0.012  -0.0128  -0.0134  -0.0136  -0.0135  -0.0132  -0.0125  -0.0115  -0.0101 -0.00851  -0.0066 -0.00444 -0.00213        0
        7|        0 -0.00169 -0.00356 -0.00533 -0.00696  -0.0084 -0.00963  -0.0106  -0.0114  -0.0118   -0.012   -0.012  -0.0116   -0.011  -0.0101 -0.00885  -0.0074 -0.00571 -0.00383 -0.00183        0
        6|        0  -0.0015 -0.00316 -0.00474 -0.00619 -0.00749 -0.00859 -0.00949  -0.0101  -0.0106  -0.0107  -0.0107  -0.0103 -0.00975  -0.0089 -0.00782 -0.00652 -0.00502 -0.00336  -0.0016        0
        5|        0 -0.00135 -0.00285 -0.00427 -0.00559 -0.00676 -0.00777 -0.00858 -0.00919 -0.00957 -0.00972 -0.00964 -0.00933 -0.00878   -0.008 -0.00701 -0.00583 -0.00448 -0.00299 -0.00142        0
        4|        0 -0.00124 -0.00261 -0.00392 -0.00513 -0.00621 -0.00713 -0.00789 -0.00844 -0.00879 -0.00893 -0.00885 -0.00855 -0.00804 -0.00731  -0.0064 -0.00531 -0.00407 -0.00272 -0.00129        0
        3|        0 -0.00115 -0.00244 -0.00366  -0.0048 -0.00581 -0.00668 -0.00738  -0.0079 -0.00823 -0.00836 -0.00827 -0.00799  -0.0075 -0.00682 -0.00596 -0.00494 -0.00378 -0.00253  -0.0012        0
        2|        0  -0.0011 -0.00231 -0.00348 -0.00456 -0.00552 -0.00635 -0.00702 -0.00751 -0.00783 -0.00795 -0.00787 -0.00759 -0.00713 -0.00647 -0.00565 -0.00468 -0.00359 -0.00239 -0.00114        0
        1|        0-0.000938 -0.00199 -0.00299 -0.00393 -0.00476 -0.00548 -0.00605 -0.00649 -0.00675 -0.00686 -0.00679 -0.00656 -0.00615 -0.00559 -0.00487 -0.00404 -0.00309 -0.00206-0.000973        0
        0|        0 0.000928  0.00197  0.00295  0.00387  0.00469   0.0054  0.00597   0.0064  0.00666  0.00676  0.00669  0.00646  0.00606  0.00551   0.0048  0.00398  0.00304  0.00203 0.000961        0

v (22x12): 
         |        0        1        2        3        4        5        6        7        8        9       10       11       12       13       14       15       16       17       18       19       20       21
-------------------------------------------------------------------------------------------------------------------------------------------------------------------------------------------------------------------------
       10|  -0.0155   0.0157   0.0174   0.0165   0.0151   0.0133   0.0113  0.00908  0.00675  0.00433  0.00186-0.000661 -0.00321  -0.0058 -0.00839  -0.0109  -0.0134  -0.0156  -0.0174  -0.0186  -0.0171   0.0169
        9|   -0.013   0.0131   0.0145   0.0138   0.0127   0.0113  0.00959  0.00773  0.00575  0.00368  0.00154-0.000631 -0.00284 -0.00504 -0.00723 -0.00934  -0.0113  -0.0131  -0.0145  -0.0154  -0.0141   0.0139
        8|  -0.0108   0.0109   0.0121   0.0115   0.0106  0.00943  0.00806  0.00651  0.00484  0.00309  0.00127-0.000588 -0.00246 -0.00432 -0.00614 -0.00788 -0.00948  -0.0109   -0.012  -0.0127  -0.0116   0.0114
        7| -0.00887  0.00899  0.00995  0.00951  0.00876  0.00782  0.00668  0.00541  0.00402  0.00256  0.00103-0.000522 -0.00209 -0.00364 -0.00514 -0.00656 -0.00785 -0.00896 -0.00985  -0.0104 -0.00944  0.00929
        6|  -0.0072  0.00729  0.00809  0.00773  0.00714  0.00637  0.00546  0.00442  0.00329  0.00208 0.000829-0.000454 -0.00174 -0.00301 -0.00422 -0.00537  -0.0064 -0.00728 -0.00797  -0.0084 -0.00761  0.00749
        5| -0.00572   0.0058  0.00642  0.00615  0.00568  0.00508  0.00435  0.00353  0.00262  0.00166 0.000649-0.000375 -0.00141 -0.00241 -0.00338 -0.00428  -0.0051 -0.00578 -0.00632 -0.00664 -0.00601  0.00592
        4| -0.00438  0.00444  0.00493  0.00471  0.00436   0.0039  0.00335  0.00271  0.00202  0.00127 0.000496  -0.0003 -0.00109 -0.00187 -0.00261  -0.0033 -0.00391 -0.00443 -0.00483 -0.00508 -0.00459  0.00452
        3| -0.00316   0.0032  0.00355   0.0034  0.00315  0.00282  0.00241  0.00196  0.00145 0.000918 0.000353-0.000218-0.000795 -0.00135 -0.00189 -0.00238 -0.00283 -0.00319 -0.00348 -0.00365  -0.0033  0.00325
        2| -0.00202  0.00204  0.00227  0.00217  0.00202   0.0018  0.00155  0.00125 0.000934 0.000585 0.000228-0.000143-0.000508 -0.00087 -0.00121 -0.00153  -0.0018 -0.00204 -0.00222 -0.00233  -0.0021  0.00207
        1|-0.000935 0.000946  0.00105  0.00101 0.000932 0.000838 0.000717 0.000585 0.000432 0.000275 0.000105-6.26e-05-0.000236  -0.0004-0.000562-0.000705-0.000838-0.000943 -0.00103 -0.00108-0.000972 0.000959
        0|        0        0        0        0        0        0        0        0        0        0        0        0        0        0        0        0        0        0        0        0        0        0

p (22x12): 
         |        0        1        2        3        4        5        6        7        8        9       10       11       12       13       14       15       16       17       18       19       20       21
-------------------------------------------------------------------------------------------------------------------------------------------------------------------------------------------------------------------------
       11|    -2.17    -2.17    -2.17    -2.17    -2.17    -2.17    -2.17    -2.17    -2.17    -2.17    -2.17    -2.17    -2.16    -2.16    -2.16    -2.16    -2.16    -2.16    -2.16    -2.16    -2.16    -2.16
       10|    -2.17    -2.17    -2.17    -2.17    -2.17    -2.17    -2.17    -2.17    -2.17    -2.17    -2.17    -2.17    -2.16    -2.16    -2.16    -2.16    -2.16    -2.16    -2.16    -2.16    -2.16    -2.16
        9|    -2.17    -2.17    -2.17    -2.17    -2.17    -2.17    -2.17    -2.17    -2.17    -2.17    -2.17    -2.17    -2.16    -2.16    -2.16    -2.16    -2.16    -2.16    -2.16    -2.16    -2.16    -2.16
        8|    -2.17    -2.17    -2.17    -2.17    -2.17    -2.17    -2.17    -2.17    -2.17    -2.17    -2.17    -2.17    -2.16    -2.16    -2.16    -2.16    -2.16    -2.16    -2.16    -2.16    -2.16    -2.16
        7|    -2.17    -2.17    -2.17    -2.17    -2.17    -2.17    -2.17    -2.17    -2.17    -2.17    -2.17    -2.17    -2.16    -2.16    -2.16    -2.16    -2.16    -2.16    -2.16    -2.16    -2.16    -2.16
        6|    -2.17    -2.17    -2.17    -2.17    -2.17    -2.17    -2.17    -2.17    -2.17    -2.17    -2.17    -2.17    -2.16    -2.16    -2.16    -2.16    -2.16    -2.16    -2.16    -2.16    -2.16    -2.16
        5|    -2.17    -2.17    -2.17    -2.17    -2.17    -2.17    -2.17    -2.17    -2.17    -2.17    -2.17    -2.17    -2.16    -2.16    -2.16    -2.16    -2.16    -2.16    -2.16    -2.16    -2.16    -2.16
        4|    -2.17    -2.17    -2.17    -2.17    -2.17    -2.17    -2.17    -2.17    -2.17    -2.17    -2.17    -2.17    -2.16    -2.16    -2.16    -2.16    -2.16    -2.16    -2.16    -2.16    -2.16    -2.16
        3|    -2.17    -2.17    -2.17    -2.17    -2.17    -2.17    -2.17    -2.17    -2.17    -2.17    -2.17    -2.17    -2.16    -2.16    -2.16    -2.16    -2.16    -2.16    -2.16    -2.16    -2.16    -2.16
        2|    -2.17    -2.17    -2.17    -2.17    -2.17    -2.17    -2.17    -2.17    -2.17    -2.17    -2.17    -2.17    -2.16    -2.16    -2.16    -2.16    -2.16    -2.16    -2.16    -2.16    -2.16    -2.16
        1|    -2.17    -2.17    -2.17    -2.17    -2.17    -2.17    -2.17    -2.17    -2.17    -2.17    -2.17    -2.17    -2.16    -2.16    -2.16    -2.16    -2.16    -2.16    -2.16    -2.16    -2.16    -2.16
        0|    -2.17    -2.17    -2.17    -2.17    -2.17    -2.17    -2.17    -2.17    -2.17    -2.17    -2.17    -2.17    -2.16    -2.16    -2.16    -2.16    -2.16    -2.16    -2.16    -2.16    -2.16    -2.16

F (22x12): 
         |        0        1        2        3        4        5        6        7        8        9       10       11       12       13       14       15       16       17       18       19       20
-------------------------------------------------------------------------------------------------------------------------------------------------------------------------------------------------------------------------
       11|        0        0        0        0        0        0        0        0        0        0        0        0        0        0        0        0        0        0        0        0        0
       10|        0 -0.00254 -0.00538 -0.00803  -0.0104  -0.0124  -0.0141  -0.0154  -0.0164   -0.017  -0.0173  -0.0173  -0.0169  -0.0162   -0.015  -0.0134  -0.0114 -0.00895  -0.0061   -0.003        0
        9|        0 -0.00219 -0.00461 -0.00689 -0.00896  -0.0107  -0.0123  -0.0135  -0.0143  -0.0149  -0.0152  -0.0151  -0.0148   -0.014   -0.013  -0.0115 -0.00973 -0.00758 -0.00514 -0.00249        0
        8|        0  -0.0019   -0.004 -0.00599 -0.00779 -0.00939  -0.0107  -0.0118  -0.0126  -0.0131  -0.0134  -0.0133  -0.0129  -0.0123  -0.0113 -0.00997 -0.00836 -0.00648 -0.00437  -0.0021        0
        7|        0 -0.00167 -0.00351 -0.00525 -0.00686 -0.00827 -0.00948  -0.0104  -0.0112  -0.0116  -0.0118  -0.0118  -0.0114  -0.0108 -0.00987  -0.0087 -0.00727 -0.00561 -0.00377  -0.0018        0
        6|        0 -0.00148 -0.00311 -0.00467  -0.0061 -0.00737 -0.00846 -0.00933 -0.00998  -0.0104  -0.0106  -0.0105  -0.0102 -0.00958 -0.00875 -0.00769  -0.0064 -0.00493  -0.0033 -0.00158        0
        5|        0 -0.00133  -0.0028 -0.00421 -0.00551 -0.00666 -0.00765 -0.00844 -0.00904 -0.00941 -0.00956 -0.00948 -0.00917 -0.00863 -0.00787 -0.00689 -0.00573  -0.0044 -0.00294  -0.0014        0
        4|        0 -0.00122 -0.00257 -0.00386 -0.00505 -0.00611 -0.00702 -0.00776  -0.0083 -0.00865 -0.00878  -0.0087  -0.0084  -0.0079 -0.00719 -0.00629 -0.00522 -0.00401 -0.00267 -0.00128        0
        3|        0 -0.00114  -0.0024  -0.0036 -0.00472 -0.00571 -0.00657 -0.00726 -0.00777 -0.00809 -0.00822 -0.00813 -0.00786 -0.00737  -0.0067 -0.00586 -0.00486 -0.00372 -0.00248 -0.00118        0
        2|        0 -0.00108 -0.00228 -0.00343 -0.00448 -0.00544 -0.00625 -0.00691 -0.00739  -0.0077 -0.00781 -0.00774 -0.00746   -0.007 -0.00636 -0.00556  -0.0046 -0.00352 -0.00235 -0.00112        0
        1|        0-0.000924 -0.00196 -0.00294 -0.00386 -0.00467 -0.00537 -0.00594 -0.00636 -0.00663 -0.00673 -0.00666 -0.00643 -0.00603 -0.00548 -0.00478 -0.00396 -0.00303 -0.00202-0.000956        0
        0|        0 0.000928  0.00197  0.00295  0.00387  0.00469   0.0054  0.00597   0.0064  0.00666  0.00676  0.00669  0.00646  0.00606  0.00551   0.0048  0.00398  0.00304  0.00203 0.000961        0

G (22x12): 
         |        0        1        2        3        4        5        6        7        8        9       10       11       12       13       14       15       16       17       18       19       20       21
-------------------------------------------------------------------------------------------------------------------------------------------------------------------------------------------------------------------------
       10|  -0.0155   0.0154   0.0172   0.0163   0.0149   0.0131   0.0111  0.00889   0.0066  0.00422  0.00179-0.000681 -0.00318 -0.00571 -0.00823  -0.0107  -0.0131  -0.0152   -0.017  -0.0181  -0.0167   0.0169
        9|   -0.013   0.0129   0.0143   0.0136   0.0125   0.0111  0.00941  0.00759  0.00563   0.0036  0.00149-0.000645 -0.00281 -0.00498 -0.00712 -0.00919  -0.0111  -0.0128  -0.0143  -0.0151  -0.0138   0.0139
        8|  -0.0108   0.0107   0.0119   0.0113   0.0104  0.00927  0.00791  0.00638  0.00475  0.00302  0.00123-0.000596 -0.00243 -0.00427 -0.00605 -0.00776 -0.00933  -0.0107  -0.0118  -0.0125  -0.0113   0.0114
        7| -0.00887  0.00882  0.00979  0.00935  0.00862  0.00768  0.00656  0.00531  0.00394   0.0025    0.001-0.000528 -0.00207 -0.00359 -0.00507 -0.00646 -0.00773 -0.00882 -0.00969  -0.0102 -0.00925  0.00929
        6|  -0.0072  0.00716  0.00795   0.0076  0.00702  0.00626  0.00536  0.00434  0.00322  0.00204 0.000805-0.000457 -0.00172 -0.00296 -0.00416 -0.00528 -0.00629 -0.00716 -0.00784 -0.00826 -0.00746  0.00749
        5| -0.00572  0.00569  0.00632  0.00604  0.00558  0.00499  0.00427  0.00346  0.00257  0.00162 0.000631-0.000376 -0.00139 -0.00238 -0.00333 -0.00422 -0.00501 -0.00568 -0.00621 -0.00653  -0.0059  0.00592
        4| -0.00438  0.00436  0.00485  0.00464  0.00429  0.00383  0.00329  0.00266  0.00198  0.00124 0.000482  -0.0003 -0.00108 -0.00184 -0.00257 -0.00325 -0.00385 -0.00436 -0.00475 -0.00499  -0.0045  0.00452
        3| -0.00316  0.00315   0.0035  0.00335   0.0031  0.00277  0.00237  0.00193  0.00143   0.0009 0.000344-0.000218-0.000785 -0.00133 -0.00186 -0.00235 -0.00278 -0.00314 -0.00343 -0.00359 -0.00324  0.00325
        2| -0.00202  0.00201  0.00224  0.00214  0.00198  0.00177  0.00152  0.00123 0.000917 0.000574 0.000222-0.000143-0.000502-0.000858 -0.00119  -0.0015 -0.00178 -0.00201 -0.00219  -0.0023 -0.00206  0.00207
        1|-0.000935 0.000931  0.00104 0.000996 0.000919 0.000826 0.000706 0.000575 0.000425  0.00027 0.000102-6.29e-05-0.000234-0.000395-0.000554-0.000695-0.000826 -0.00093 -0.00102 -0.00106-0.000955 0.000959
        0|        0        0        0        0        0        0        0        0        0        0        0        0        0        0        0        0        0        0        0        0        0        0

rhs (22x12): 
         |        0        1        2        3        4        5        6        7        8        9       10       11       12       13       14       15       16       17       18       19       20       21
-------------------------------------------------------------------------------------------------------------------------------------------------------------------------------------------------------------------------
       11|        0        0        0        0        0        0        0        0        0        0        0        0        0        0        0        0        0        0        0        0        0        0
       10|        0 -0.00623  0.00402 -0.00167  0.00128 -0.00466 -0.00136 -0.00646 -0.00199 -0.00572 0.000221 -0.00201  0.00583  0.00601   0.0163   0.0189   0.0311   0.0348   0.0467   0.0477   0.0522        0
        9|        0 -0.00261 -0.00279  0.00166 -0.00274   0.0018 -0.00259  0.00194 -0.00247  0.00203 -0.00242  0.00199 -0.00254  0.00186 -0.00269  0.00166 -0.00292  0.00141 -0.00316  0.00139   0.0033        0
        8|        0 -0.00514  0.00196 -0.00251    0.002  -0.0024  0.00212 -0.00229  0.00222 -0.00222  0.00226 -0.00225  0.00218 -0.00234  0.00206 -0.00249  0.00188 -0.00267  0.00172  -0.0027  0.00621        0
        7|        0 -0.00113 -0.00232  0.00216 -0.00227  0.00225 -0.00216  0.00235 -0.00208  0.00242 -0.00204   0.0024 -0.00211  0.00233  -0.0022  0.00221 -0.00234  0.00206 -0.00247  0.00204  0.00247        0
        6|        0 -0.00399   0.0023 -0.00217  0.00234 -0.00208  0.00244 -0.00199  0.00252 -0.00192  0.00256 -0.00194  0.00251   -0.002  0.00243  -0.0021  0.00231 -0.00222   0.0022 -0.00226  0.00552        0
        5|        0-0.000243 -0.00208  0.00241 -0.00203  0.00249 -0.00194  0.00258 -0.00186  0.00264 -0.00182  0.00264 -0.00186  0.00258 -0.00193  0.00249 -0.00204  0.00238 -0.00214  0.00235   0.0019        0
        4|        0 -0.00332  0.00246   -0.002  0.00251 -0.00192   0.0026 -0.00183  0.00268 -0.00177  0.00272 -0.00177  0.00269 -0.00181  0.00262  -0.0019  0.00252 -0.00201  0.00243 -0.00205  0.00507        0
        3|        0 0.000244 -0.00198  0.00252 -0.00192   0.0026 -0.00183  0.00269 -0.00175  0.00275 -0.00171  0.00276 -0.00174  0.00271  -0.0018  0.00263  -0.0019  0.00253 -0.00199  0.00249  0.00157        0
        2|        0 -0.00297  0.00255 -0.00192   0.0026 -0.00185  0.00267 -0.00177  0.00274 -0.00171  0.00278  -0.0017  0.00277 -0.00174   0.0027 -0.00182  0.00261 -0.00191  0.00253 -0.00196  0.00484        0
        1|        0  0.00265  0.00134  0.00464  0.00115  0.00435 0.000779   0.0039 0.000269  0.00333 -0.00035  0.00267 -0.00104  0.00197 -0.00174  0.00129 -0.00237 0.000743 -0.00282 0.000438 0.000384        0
        0|        0        0        0        0        0        0        0        0        0        0        0        0        0        0        0        0        0        0        0        0        0        0

