t: 1.61996
nCells: 20x10, dx: 0.1, dy: 0.1

u (22x12): 
         |        0        1        2        3        4        5        6        7        8        9       10       11       12       13       14       15       16       17       18       19       20
-------------------------------------------------------------------------------------------------------------------------------------------------------------------------------------------------------------------------
       11|        0 -0.00357 -0.00776  -0.0115  -0.0148  -0.0175  -0.0196  -0.0212  -0.0223  -0.0229  -0.0231  -0.0229  -0.0223  -0.0213  -0.0198  -0.0178  -0.0152  -0.0119 -0.00812 -0.00384        0
       10|        0  -0.0028 -0.00605 -0.00911  -0.0119  -0.0142  -0.0162  -0.0178   -0.019  -0.0198  -0.0202  -0.0202  -0.0198   -0.019  -0.0177  -0.0159  -0.0135  -0.0106 -0.00723 -0.00356        0
        9|        0 -0.00243 -0.00521 -0.00784  -0.0102  -0.0123  -0.0141  -0.0155  -0.0166  -0.0173  -0.0177  -0.0177  -0.0173  -0.0165  -0.0153  -0.0136  -0.0115 -0.00897 -0.00607 -0.00292        0
        8|        0 -0.00213 -0.00453 -0.00683 -0.00893  -0.0108  -0.0124  -0.0137  -0.0146  -0.0153  -0.0156  -0.0155  -0.0151  -0.0144  -0.0132  -0.0117 -0.00986 -0.00764 -0.00514 -0.00245        0
        7|        0 -0.00187 -0.00399 -0.00601 -0.00787 -0.00952  -0.0109  -0.0121   -0.013  -0.0135  -0.0138  -0.0137  -0.0133  -0.0126  -0.0116  -0.0102 -0.00855 -0.00659 -0.00442 -0.00209        0
        6|        0 -0.00167 -0.00355 -0.00535 -0.00701  -0.0085 -0.00977  -0.0108  -0.0116  -0.0121  -0.0123  -0.0122  -0.0119  -0.0112  -0.0103 -0.00902 -0.00751 -0.00578 -0.00385 -0.00182        0
        5|        0  -0.0015  -0.0032 -0.00483 -0.00634 -0.00768 -0.00885 -0.00978  -0.0105  -0.0109  -0.0111  -0.0111  -0.0107  -0.0101 -0.00921 -0.00807 -0.00671 -0.00515 -0.00343 -0.00161        0
        4|        0 -0.00138 -0.00294 -0.00444 -0.00582 -0.00707 -0.00813   -0.009 -0.00964  -0.0101  -0.0102  -0.0102 -0.00982 -0.00924 -0.00841 -0.00736  -0.0061 -0.00468 -0.00311 -0.00147        0
        3|        0 -0.00129 -0.00275 -0.00415 -0.00545 -0.00661 -0.00762 -0.00842 -0.00904 -0.00942 -0.00958 -0.00949 -0.00917 -0.00861 -0.00784 -0.00685 -0.00568 -0.00434 -0.00289 -0.00135        0
        2|        0 -0.00123 -0.00261 -0.00394 -0.00517 -0.00628 -0.00723 -0.00801 -0.00858 -0.00895 -0.00909 -0.00901  -0.0087 -0.00817 -0.00742 -0.00648 -0.00536  -0.0041 -0.00272 -0.00128        0
        1|        0 -0.00102  -0.0022 -0.00332 -0.00437  -0.0053 -0.00611 -0.00676 -0.00726 -0.00757 -0.00769 -0.00762 -0.00736 -0.00691 -0.00628 -0.00548 -0.00454 -0.00346  -0.0023 -0.00107        0
        0|        0  0.00101  0.00218  0.00329  0.00432  0.00524  0.00604  0.00669  0.00718  0.00748  0.00761  0.00753  0.00728  0.00683  0.00621  0.00542  0.00449  0.00342  0.00228  0.00106        0

v (22x12): 
         |        0        1        2        3        4        5        6        7        8        9       10       11       12       13       14       15       16       17       18       19       20       21
-------------------------------------------------------------------------------------------------------------------------------------------------------------------------------------------------------------------------
       10|  -0.0172   0.0173   0.0197   0.0188   0.0173   0.0153    0.013   0.0106  0.00793  0.00519  0.00237-0.000521 -0.00347 -0.00647 -0.00949  -0.0125  -0.0154   -0.018  -0.0201  -0.0215  -0.0196   0.0193
        9|  -0.0144   0.0146   0.0165   0.0158   0.0145   0.0129    0.011  0.00897  0.00674  0.00439  0.00195-0.000541 -0.00309 -0.00565  -0.0082  -0.0107   -0.013  -0.0151  -0.0168  -0.0178   -0.016   0.0158
        8|   -0.012   0.0121   0.0137   0.0131   0.0121   0.0108  0.00927  0.00754  0.00566  0.00366  0.00159-0.000539 -0.00269 -0.00486 -0.00697 -0.00901  -0.0109  -0.0125  -0.0139  -0.0147  -0.0131   0.0129
        7| -0.00988  0.00998   0.0113   0.0108     0.01  0.00895  0.00769  0.00626  0.00469  0.00303  0.00128-0.000499 -0.00231  -0.0041 -0.00585  -0.0075 -0.00902  -0.0103  -0.0114   -0.012  -0.0107   0.0105
        6| -0.00802  0.00811  0.00918   0.0088  0.00815  0.00729  0.00627   0.0051  0.00382  0.00245  0.00102-0.000448 -0.00192 -0.00339  -0.0048 -0.00614 -0.00734 -0.00838 -0.00919 -0.00968 -0.00858  0.00848
        5| -0.00637  0.00644  0.00729    0.007  0.00648  0.00581  0.00499  0.00407  0.00304  0.00195 0.000796-0.000376 -0.00156 -0.00273 -0.00385  -0.0049 -0.00585 -0.00664 -0.00728 -0.00764 -0.00677  0.00669
        4| -0.00488  0.00493  0.00559  0.00537  0.00498  0.00446  0.00384  0.00312  0.00234  0.00149 0.000606-0.000306 -0.00121 -0.00211 -0.00297 -0.00377 -0.00448 -0.00509 -0.00555 -0.00583 -0.00516   0.0051
        3| -0.00352  0.00355  0.00403  0.00387  0.00358  0.00322  0.00276  0.00225  0.00168  0.00107 0.000429-0.000223-0.000885 -0.00153 -0.00215 -0.00272 -0.00323 -0.00366 -0.00399 -0.00418  -0.0037  0.00366
        2| -0.00223  0.00226  0.00257  0.00246  0.00229  0.00205  0.00177  0.00143  0.00108 0.000681 0.000277-0.000147-0.000563-0.000978 -0.00137 -0.00173 -0.00205 -0.00233 -0.00254 -0.00266 -0.00235  0.00232
        1| -0.00102  0.00103  0.00117  0.00113  0.00105 0.000943 0.000809 0.000663 0.000492 0.000318 0.000126-6.19e-05-0.000259-0.000444-0.000629-0.000792-0.000944 -0.00106 -0.00117 -0.00122 -0.00107  0.00106
        0|        0        0        0        0        0        0        0        0        0        0        0        0        0        0        0        0        0        0        0        0        0        0

p (22x12): 
         |        0        1        2        3        4        5        6        7        8        9       10       11       12       13       14       15       16       17       18       19       20       21
-------------------------------------------------------------------------------------------------------------------------------------------------------------------------------------------------------------------------
       11|    -3.44    -3.44    -3.44    -3.44    -3.44    -3.44    -3.44    -3.44    -3.44    -3.43    -3.43    -3.43    -3.43    -3.43    -3.43    -3.43    -3.43    -3.42    -3.42    -3.42    -3.42    -3.42
       10|    -3.44    -3.44    -3.44    -3.44    -3.44    -3.44    -3.44    -3.44    -3.44    -3.43    -3.43    -3.43    -3.43    -3.43    -3.43    -3.43    -3.43    -3.43    -3.43    -3.43    -3.42    -3.42
        9|    -3.44    -3.44    -3.44    -3.44    -3.44    -3.44    -3.44    -3.44    -3.43    -3.43    -3.43    -3.43    -3.43    -3.43    -3.43    -3.43    -3.43    -3.43    -3.43    -3.43    -3.43    -3.43
        8|    -3.44    -3.44    -3.44    -3.44    -3.44    -3.44    -3.44    -3.44    -3.43    -3.43    -3.43    -3.43    -3.43    -3.43    -3.43    -3.43    -3.43    -3.43    -3.43    -3.43    -3.43    -3.43
        7|    -3.44    -3.44    -3.44    -3.44    -3.44    -3.44    -3.44    -3.43    -3.43    -3.43    -3.43    -3.43    -3.43    -3.43    -3.43    -3.43    -3.43    -3.43    -3.43    -3.43    -3.43    -3.43
        6|    -3.44    -3.44    -3.44    -3.44    -3.44    -3.44    -3.43    -3.43    -3.43    -3.43    -3.43    -3.43    -3.43    -3.43    -3.43    -3.43    -3.43    -3.43    -3.43    -3.43    -3.43    -3.43
        5|    -3.44    -3.44    -3.44    -3.44    -3.44    -3.43    -3.43    -3.43    -3.43    -3.43    -3.43    -3.43    -3.43    -3.43    -3.43    -3.43    -3.43    -3.43    -3.43    -3.43    -3.43    -3.43
        4|    -3.44    -3.44    -3.44    -3.44    -3.44    -3.43    -3.43    -3.43    -3.43    -3.43    -3.43    -3.43    -3.43    -3.43    -3.43    -3.43    -3.43    -3.43    -3.43    -3.43    -3.43    -3.43
        3|    -3.44    -3.44    -3.44    -3.44    -3.43    -3.43    -3.43    -3.43    -3.43    -3.43    -3.43    -3.43    -3.43    -3.43    -3.43    -3.43    -3.43    -3.43    -3.43    -3.43    -3.43    -3.43
        2|    -3.44    -3.44    -3.44    -3.43    -3.43    -3.43    -3.43    -3.43    -3.43    -3.43    -3.43    -3.43    -3.43    -3.43    -3.43    -3.43    -3.43    -3.43    -3.43    -3.43    -3.43    -3.43
        1|    -3.44    -3.44    -3.43    -3.43    -3.43    -3.43    -3.43    -3.43    -3.43    -3.43    -3.43    -3.43    -3.43    -3.43    -3.43    -3.43    -3.43    -3.43    -3.43    -3.43    -3.43    -3.43
        0|    -3.44    -3.44    -3.43    -3.43    -3.43    -3.43    -3.43    -3.43    -3.43    -3.43    -3.43    -3.43    -3.43    -3.43    -3.43    -3.43    -3.43    -3.43    -3.43    -3.43    -3.43    -3.43

F (22x12): 
         |        0        1        2        3        4        5        6        7        8        9       10       11       12       13       14       15       16       17       18       19       20
-------------------------------------------------------------------------------------------------------------------------------------------------------------------------------------------------------------------------
       11|        0        0        0        0        0        0        0        0        0        0        0        0        0        0        0        0        0        0        0        0        0
       10|        0 -0.00278 -0.00599 -0.00902  -0.0117  -0.0141   -0.016  -0.0176  -0.0187  -0.0195  -0.0199  -0.0199  -0.0195  -0.0187  -0.0174  -0.0156  -0.0133  -0.0104 -0.00712 -0.00351        0
        9|        0 -0.00241 -0.00516 -0.00775  -0.0101  -0.0122  -0.0139  -0.0153  -0.0164  -0.0171  -0.0175  -0.0174   -0.017  -0.0163  -0.0151  -0.0134  -0.0113 -0.00883 -0.00598 -0.00288        0
        8|        0 -0.00211 -0.00448 -0.00675 -0.00882  -0.0107  -0.0122  -0.0135  -0.0144  -0.0151  -0.0154  -0.0153  -0.0149  -0.0142  -0.0131  -0.0116 -0.00971 -0.00753 -0.00506 -0.00241        0
        7|        0 -0.00185 -0.00394 -0.00594 -0.00778 -0.00941  -0.0108  -0.0119  -0.0128  -0.0133  -0.0136  -0.0135  -0.0132  -0.0124  -0.0114  -0.0101 -0.00842  -0.0065 -0.00435 -0.00206        0
        6|        0 -0.00165 -0.00351 -0.00529 -0.00693  -0.0084 -0.00965  -0.0107  -0.0114  -0.0119  -0.0121  -0.0121  -0.0117  -0.0111  -0.0101 -0.00889  -0.0074  -0.0057  -0.0038  -0.0018        0
        5|        0 -0.00149 -0.00317 -0.00477 -0.00626 -0.00759 -0.00873 -0.00966  -0.0104  -0.0108   -0.011  -0.0109  -0.0106 -0.00995 -0.00908 -0.00796 -0.00661 -0.00507 -0.00338 -0.00159        0
        4|        0 -0.00137  -0.0029 -0.00438 -0.00575 -0.00698 -0.00802 -0.00888 -0.00952 -0.00993  -0.0101    -0.01 -0.00968 -0.00911 -0.00829 -0.00726 -0.00602 -0.00461 -0.00307 -0.00145        0
        3|        0 -0.00127 -0.00272  -0.0041 -0.00538 -0.00653 -0.00752 -0.00831 -0.00891 -0.00929 -0.00944 -0.00936 -0.00904 -0.00849 -0.00773 -0.00675 -0.00559 -0.00428 -0.00285 -0.00134        0
        2|        0 -0.00121 -0.00258 -0.00389 -0.00511  -0.0062 -0.00714  -0.0079 -0.00846 -0.00883 -0.00896 -0.00888 -0.00857 -0.00805 -0.00731 -0.00639 -0.00529 -0.00405 -0.00268 -0.00127        0
        1|        0 -0.00101 -0.00217 -0.00327  -0.0043 -0.00522 -0.00602 -0.00666 -0.00714 -0.00744 -0.00757  -0.0075 -0.00724  -0.0068 -0.00618 -0.00539 -0.00446 -0.00341 -0.00226 -0.00106        0
        0|        0  0.00101  0.00218  0.00329  0.00432  0.00524  0.00604  0.00669  0.00718  0.00748  0.00761  0.00753  0.00728  0.00683  0.00621  0.00542  0.00449  0.00342  0.00228  0.00106        0

G (22x12): 
         |        0        1        2        3        4        5        6        7        8        9       10       11       12       13       14       15       16       17       18       19       20       21
-------------------------------------------------------------------------------------------------------------------------------------------------------------------------------------------------------------------------
       10|  -0.0172   0.0171   0.0195   0.0186    0.017   0.0151   0.0128   0.0104  0.00777  0.00507  0.00229-0.000556 -0.00345  -0.0064 -0.00935  -0.0123  -0.0151  -0.0176  -0.0197   -0.021  -0.0191   0.0193
        9|  -0.0144   0.0143   0.0163   0.0155   0.0143   0.0127   0.0109  0.00882  0.00661   0.0043  0.00189-0.000567 -0.00308  -0.0056 -0.00811  -0.0105  -0.0128  -0.0149  -0.0165  -0.0176  -0.0158   0.0158
        8|   -0.012   0.0119   0.0135   0.0129   0.0119   0.0107  0.00913  0.00741  0.00556  0.00359  0.00155-0.000556 -0.00268 -0.00481  -0.0069  -0.0089  -0.0108  -0.0124  -0.0137  -0.0145  -0.0129   0.0129
        7| -0.00988  0.00983   0.0111   0.0107  0.00987  0.00882  0.00757  0.00616  0.00461  0.00297  0.00125 -0.00051 -0.00229 -0.00406 -0.00578 -0.00741  -0.0089  -0.0102  -0.0112  -0.0118  -0.0105   0.0105
        6| -0.00802  0.00798  0.00906  0.00868  0.00804  0.00719  0.00618  0.00502  0.00376   0.0024 0.000997-0.000455 -0.00191 -0.00336 -0.00475 -0.00606 -0.00725 -0.00827 -0.00906 -0.00954 -0.00844  0.00848
        5| -0.00637  0.00634  0.00719  0.00691  0.00639  0.00573  0.00492    0.004  0.00299  0.00191 0.000776-0.000381 -0.00155  -0.0027 -0.00381 -0.00484 -0.00577 -0.00655 -0.00718 -0.00753 -0.00666  0.00669
        4| -0.00488  0.00486  0.00552  0.00529  0.00491  0.00439  0.00378  0.00307   0.0023  0.00146  0.00059-0.000308  -0.0012 -0.00209 -0.00293 -0.00372 -0.00442 -0.00502 -0.00548 -0.00575 -0.00508   0.0051
        3| -0.00352   0.0035  0.00397  0.00382  0.00353  0.00317  0.00272  0.00222  0.00165  0.00105 0.000419-0.000225-0.000878 -0.00151 -0.00212 -0.00268 -0.00319 -0.00361 -0.00394 -0.00413 -0.00364  0.00366
        2| -0.00223  0.00222  0.00253  0.00243  0.00226  0.00202  0.00174  0.00141  0.00106  0.00067  0.00027-0.000148-0.000558-0.000968 -0.00135 -0.00171 -0.00203  -0.0023  -0.0025 -0.00263 -0.00231  0.00232
        1| -0.00102  0.00102  0.00116  0.00112  0.00103 0.000932 0.000799 0.000654 0.000486 0.000313 0.000123-6.27e-05-0.000257 -0.00044-0.000622-0.000783-0.000934 -0.00105 -0.00115  -0.0012 -0.00106  0.00106
        0|        0        0        0        0        0        0        0        0        0        0        0        0        0        0        0        0        0        0        0        0        0        0

rhs (22x12): 
         |        0        1        2        3        4        5        6        7        8        9       10       11       12       13       14       15       16       17       18       19       20       21
-------------------------------------------------------------------------------------------------------------------------------------------------------------------------------------------------------------------------
       11|        0        0        0        0        0        0        0        0        0        0        0        0        0        0        0        0        0        0        0        0        0        0
       10|        0 -0.00515  0.00802 0.000374  0.00421 -0.00397 0.000177 -0.00705 -0.00148 -0.00699 0.000477 -0.00304  0.00692  0.00662     0.02    0.023   0.0392    0.044     0.06   0.0611    0.065        0
        9|        0 -0.00231 -0.00367   0.0023 -0.00363  0.00247 -0.00344  0.00264 -0.00329  0.00275 -0.00325  0.00269  -0.0034  0.00251 -0.00362  0.00223 -0.00395  0.00187 -0.00428  0.00187  0.00352        0
        8|        0 -0.00591   0.0027 -0.00334  0.00273  -0.0032  0.00288 -0.00305  0.00301 -0.00297  0.00305 -0.00302  0.00293 -0.00315  0.00277 -0.00336  0.00252 -0.00361  0.00229 -0.00363  0.00755        0
        7|        0-0.000673 -0.00307  0.00294 -0.00302  0.00305 -0.00289  0.00318 -0.00278  0.00326 -0.00274  0.00323 -0.00283  0.00313 -0.00295  0.00296 -0.00315  0.00276 -0.00333  0.00275  0.00262        0
        6|        0 -0.00463  0.00312  -0.0029  0.00317 -0.00278  0.00329 -0.00266   0.0034 -0.00258  0.00345  -0.0026  0.00338 -0.00268  0.00327 -0.00282   0.0031 -0.00299  0.00296 -0.00303   0.0068        0
        5|        0  0.00032 -0.00278  0.00325 -0.00272  0.00336  -0.0026  0.00348 -0.00249  0.00356 -0.00244  0.00355  -0.0025  0.00348  -0.0026  0.00335 -0.00274   0.0032 -0.00288  0.00316    0.002        0
        4|        0 -0.00389  0.00333 -0.00268  0.00339 -0.00257  0.00351 -0.00246  0.00361 -0.00237  0.00366 -0.00237  0.00362 -0.00244  0.00353 -0.00256  0.00339  -0.0027  0.00327 -0.00276  0.00631        0
        3|        0 0.000868 -0.00264  0.00341 -0.00257  0.00351 -0.00246  0.00362 -0.00235   0.0037  -0.0023  0.00371 -0.00233  0.00365 -0.00242  0.00353 -0.00256   0.0034 -0.00268  0.00335  0.00162        0
        2|        0 -0.00348  0.00345 -0.00257   0.0035 -0.00248   0.0036 -0.00238  0.00369 -0.00231  0.00374 -0.00229  0.00372 -0.00234  0.00364 -0.00245  0.00352 -0.00257  0.00341 -0.00263  0.00605        0
        1|        0  0.00359  0.00136  0.00581  0.00115   0.0055  0.00075  0.00501  0.00019  0.00438-0.000501  0.00363 -0.00129  0.00283 -0.00209  0.00205 -0.00282  0.00141 -0.00335  0.00106 0.000538        0
        0|        0        0        0        0        0        0        0        0        0        0        0        0        0        0        0        0        0        0        0        0        0        0

