t: 1.61996
nCells: 20x10, dx: 0.1, dy: 0.1

u (22x12): 
         |        0        1        2        3        4        5        6        7        8        9       10       11       12       13       14       15       16       17       18       19       20
-------------------------------------------------------------------------------------------------------------------------------------------------------------------------------------------------------------------------
       11|        0     1.91     1.86     1.83     1.81      1.8     1.79     1.78     1.78     1.78     1.78     1.77     1.77     1.77     1.77     1.78     1.78     1.79     1.82     1.88        0
       10|        0   0.0876    0.139     0.17     0.19    0.203    0.212    0.218    0.222    0.225    0.228    0.229     0.23     0.23    0.229    0.227    0.222    0.212    0.187    0.127        0
        9|        0  -0.0331  -0.0355  -0.0313  -0.0264  -0.0223   -0.019  -0.0165  -0.0147  -0.0135  -0.0128  -0.0125  -0.0126  -0.0131  -0.0141  -0.0156  -0.0176  -0.0198  -0.0215  -0.0192        0
        8|        0   -0.016  -0.0266  -0.0312  -0.0325  -0.0325   -0.032  -0.0314  -0.0309  -0.0306  -0.0305  -0.0307  -0.0313  -0.0324   -0.034  -0.0366  -0.0403  -0.0448  -0.0472  -0.0379        0
        7|        0  -0.0101  -0.0187  -0.0241  -0.0271  -0.0286  -0.0293  -0.0296  -0.0297  -0.0298    -0.03  -0.0304  -0.0309  -0.0317  -0.0328  -0.0343  -0.0359   -0.037  -0.0352   -0.025        0
        6|        0 -0.00711   -0.014  -0.0191  -0.0225  -0.0248  -0.0262  -0.0271  -0.0277  -0.0281  -0.0285  -0.0288  -0.0292  -0.0295  -0.0299  -0.0301  -0.0298  -0.0283  -0.0239  -0.0145        0
        5|        0 -0.00545  -0.0111  -0.0157  -0.0192  -0.0218  -0.0236  -0.0249  -0.0258  -0.0265  -0.0269  -0.0272  -0.0274  -0.0273   -0.027  -0.0263  -0.0248   -0.022   -0.017 -0.00923        0
        4|        0 -0.00448 -0.00927  -0.0134  -0.0169  -0.0195  -0.0216  -0.0231  -0.0242   -0.025  -0.0255  -0.0257  -0.0257  -0.0254  -0.0246  -0.0233  -0.0212  -0.0179  -0.0131 -0.00665        0
        3|        0 -0.00388 -0.00812  -0.0119  -0.0152  -0.0179  -0.0201  -0.0217   -0.023  -0.0238  -0.0244  -0.0245  -0.0244  -0.0238  -0.0228  -0.0211  -0.0187  -0.0153  -0.0108 -0.00531        0
        2|        0 -0.00357 -0.00743   -0.011  -0.0142  -0.0169  -0.0191  -0.0208  -0.0221   -0.023  -0.0235  -0.0237  -0.0234  -0.0227  -0.0215  -0.0197  -0.0171  -0.0137  -0.0095 -0.00459        0
        1|        0 -0.00357 -0.00776  -0.0115  -0.0148  -0.0175  -0.0196  -0.0212  -0.0223  -0.0229  -0.0231  -0.0229  -0.0223  -0.0213  -0.0198  -0.0178  -0.0152  -0.0119 -0.00812 -0.00384        0
        0|        0  -0.0028 -0.00605 -0.00911  -0.0119  -0.0142  -0.0162  -0.0178   -0.019  -0.0198  -0.0202  -0.0202  -0.0198   -0.019  -0.0177  -0.0159  -0.0135  -0.0106 -0.00723 -0.00356        0

v (22x12): 
         |        0        1        2        3        4        5        6        7        8        9       10       11       12       13       14       15       16       17       18       19       20       21
-------------------------------------------------------------------------------------------------------------------------------------------------------------------------------------------------------------------------
       10|        0        0        0        0        0        0        0        0        0        0        0        0        0        0        0        0        0        0        0        0        0        0
        9|  -0.0872   0.0876   0.0515   0.0311   0.0198   0.0131  0.00891  0.00614  0.00427  0.00297  0.00204  0.00133 0.000682-5.72e-06-0.000786 -0.00198 -0.00444  -0.0102  -0.0248  -0.0607   -0.127    0.125
        8|  -0.0542   0.0545   0.0491   0.0353   0.0247   0.0173   0.0122  0.00861  0.00605  0.00417  0.00275   0.0016 0.000577-0.000475 -0.00173  -0.0035 -0.00646  -0.0125  -0.0265  -0.0583   -0.107    0.105
        7|  -0.0382   0.0384   0.0385   0.0307   0.0233   0.0173   0.0127  0.00922  0.00655  0.00449  0.00282  0.00138-1.43e-05 -0.00153 -0.00342 -0.00606  -0.0101   -0.017  -0.0289   -0.049  -0.0696   0.0681
        6|  -0.0281   0.0283   0.0299   0.0253   0.0203   0.0158    0.012  0.00891  0.00642  0.00437  0.00263  0.00104-0.000543 -0.00233 -0.00454 -0.00753  -0.0118  -0.0181  -0.0271  -0.0387  -0.0446   0.0437
        5|  -0.0211   0.0212    0.023   0.0203   0.0169   0.0136   0.0106    0.008  0.00581  0.00394  0.00228 0.000715-0.000895  -0.0027 -0.00491 -0.00775  -0.0115  -0.0165  -0.0228  -0.0293  -0.0301   0.0296
        4|  -0.0156   0.0158   0.0173   0.0156   0.0134    0.011  0.00875   0.0067   0.0049   0.0033  0.00184 0.000421 -0.00104 -0.00268 -0.00462 -0.00704    -0.01  -0.0137  -0.0178  -0.0215  -0.0209   0.0205
        3|  -0.0112   0.0113   0.0125   0.0115  0.00996  0.00832  0.00669  0.00517  0.00378  0.00252  0.00134 0.000187 -0.00102 -0.00234 -0.00389 -0.00572 -0.00791  -0.0104   -0.013  -0.0151  -0.0142    0.014
        2| -0.00734  0.00741   0.0083  0.00764  0.00668  0.00561  0.00453   0.0035  0.00254  0.00165 0.000818-8.44e-06-0.000857 -0.00179 -0.00285 -0.00407 -0.00547 -0.00699 -0.00849 -0.00965 -0.00892  0.00879
        1|  -0.0038  0.00384  0.00444  0.00405  0.00351  0.00293  0.00233  0.00177  0.00124 0.000754  0.00029-0.000154-0.000615  -0.0011 -0.00164 -0.00224 -0.00291  -0.0036 -0.00426 -0.00474 -0.00433  0.00428
        0|  -0.0172   0.0173   0.0197   0.0188   0.0173   0.0153    0.013   0.0106  0.00793  0.00519  0.00237-0.000521 -0.00347 -0.00647 -0.00949  -0.0125  -0.0154   -0.018  -0.0201  -0.0215  -0.0196   0.0193

p (22x12): 
         |        0        1        2        3        4        5        6        7        8        9       10       11       12       13       14       15       16       17       18       19       20       21
-------------------------------------------------------------------------------------------------------------------------------------------------------------------------------------------------------------------------
       11|    -3.45    -3.45    -3.45    -3.45    -3.45    -3.45    -3.44    -3.44    -3.44    -3.44    -3.44    -3.43    -3.43    -3.43    -3.43    -3.43    -3.42    -3.42    -3.42     -3.4    -3.38    -3.38
       10|    -3.45    -3.45    -3.45    -3.45    -3.45    -3.45    -3.44    -3.44    -3.44    -3.44    -3.44    -3.43    -3.43    -3.43    -3.43    -3.43    -3.42    -3.42    -3.42     -3.4    -3.38    -3.38
        9|    -3.45    -3.45    -3.45    -3.45    -3.45    -3.44    -3.44    -3.44    -3.44    -3.44    -3.44    -3.43    -3.43    -3.43    -3.43    -3.43    -3.43    -3.42    -3.42    -3.41     -3.4     -3.4
        8|    -3.45    -3.45    -3.45    -3.45    -3.44    -3.44    -3.44    -3.44    -3.44    -3.44    -3.44    -3.43    -3.43    -3.43    -3.43    -3.43    -3.42    -3.42    -3.42    -3.41    -3.41    -3.41
        7|    -3.44    -3.44    -3.44    -3.44    -3.44    -3.44    -3.44    -3.44    -3.44    -3.44    -3.43    -3.43    -3.43    -3.43    -3.43    -3.43    -3.42    -3.42    -3.42    -3.42    -3.41    -3.41
        6|    -3.44    -3.44    -3.44    -3.44    -3.44    -3.44    -3.44    -3.44    -3.44    -3.44    -3.43    -3.43    -3.43    -3.43    -3.43    -3.43    -3.42    -3.42    -3.42    -3.42    -3.42    -3.42
        5|    -3.44    -3.44    -3.44    -3.44    -3.44    -3.44    -3.44    -3.44    -3.44    -3.44    -3.43    -3.43    -3.43    -3.43    -3.43    -3.43    -3.42    -3.42    -3.42    -3.42    -3.42    -3.42
        4|    -3.44    -3.44    -3.44    -3.44    -3.44    -3.44    -3.44    -3.44    -3.44    -3.44    -3.43    -3.43    -3.43    -3.43    -3.43    -3.43    -3.43    -3.42    -3.42    -3.42    -3.42    -3.42
        3|    -3.44    -3.44    -3.44    -3.44    -3.44    -3.44    -3.44    -3.44    -3.44    -3.43    -3.43    -3.43    -3.43    -3.43    -3.43    -3.43    -3.43    -3.42    -3.42    -3.42    -3.42    -3.42
        2|    -3.44    -3.44    -3.44    -3.44    -3.44    -3.44    -3.44    -3.44    -3.44    -3.43    -3.43    -3.43    -3.43    -3.43    -3.43    -3.43    -3.43    -3.42    -3.42    -3.42    -3.42    -3.42
        1|    -3.44    -3.44    -3.44    -3.44    -3.44    -3.44    -3.44    -3.44    -3.44    -3.43    -3.43    -3.43    -3.43    -3.43    -3.43    -3.43    -3.43    -3.42    -3.42    -3.42    -3.42    -3.42
        0|    -3.44    -3.44    -3.44    -3.44    -3.44    -3.44    -3.44    -3.44    -3.44    -3.43    -3.43    -3.43    -3.43    -3.43    -3.43    -3.43    -3.43    -3.43    -3.43    -3.43    -3.42    -3.42

F (22x12): 
         |        0        1        2        3        4        5        6        7        8        9       10       11       12       13       14       15       16       17       18       19       20
-------------------------------------------------------------------------------------------------------------------------------------------------------------------------------------------------------------------------
       11|        0     1.91     1.86     1.83     1.81      1.8     1.79     1.78     1.78     1.78     1.78     1.77     1.77     1.77     1.77     1.78     1.78     1.79     1.82     1.88        0
       10|        0   0.0888    0.139    0.171     0.19    0.204    0.213    0.219    0.223    0.226    0.228    0.229     0.23     0.23    0.229    0.227    0.223    0.214     0.19    0.132        0
        9|        0  -0.0329  -0.0353   -0.031   -0.026  -0.0218  -0.0185   -0.016  -0.0143  -0.0131  -0.0124  -0.0121  -0.0122  -0.0126  -0.0136  -0.0151   -0.017  -0.0189  -0.0198  -0.0165        0
        8|        0   -0.016  -0.0264  -0.0309  -0.0322  -0.0322  -0.0316   -0.031  -0.0305  -0.0302  -0.0301  -0.0303  -0.0309  -0.0319  -0.0336  -0.0361  -0.0396  -0.0439  -0.0461  -0.0367        0
        7|        0  -0.0101  -0.0186  -0.0239  -0.0268  -0.0283  -0.0289  -0.0292  -0.0293  -0.0294  -0.0296  -0.0299  -0.0305  -0.0312  -0.0323  -0.0337  -0.0353  -0.0363  -0.0345  -0.0244        0
        6|        0 -0.00708  -0.0139  -0.0189  -0.0223  -0.0245  -0.0259  -0.0268  -0.0274  -0.0278  -0.0281  -0.0284  -0.0287  -0.0291  -0.0294  -0.0296  -0.0293  -0.0277  -0.0234  -0.0142        0
        5|        0 -0.00543   -0.011  -0.0156   -0.019  -0.0216  -0.0234  -0.0246  -0.0255  -0.0261  -0.0266  -0.0268   -0.027  -0.0269  -0.0266  -0.0259  -0.0244  -0.0216  -0.0167 -0.00905        0
        4|        0 -0.00445  -0.0092  -0.0133  -0.0167  -0.0193  -0.0213  -0.0228  -0.0239  -0.0247  -0.0252  -0.0254  -0.0253   -0.025  -0.0242  -0.0229  -0.0208  -0.0176  -0.0128 -0.00653        0
        3|        0 -0.00386 -0.00805  -0.0118  -0.0151  -0.0177  -0.0198  -0.0215  -0.0227  -0.0235   -0.024  -0.0242   -0.024  -0.0235  -0.0224  -0.0208  -0.0184   -0.015  -0.0106 -0.00522        0
        2|        0 -0.00355 -0.00737  -0.0109  -0.0141  -0.0167  -0.0189  -0.0206  -0.0218  -0.0227  -0.0232  -0.0233  -0.0231  -0.0224  -0.0212  -0.0194  -0.0168  -0.0135 -0.00933 -0.00452        0
        1|        0 -0.00355  -0.0077  -0.0114  -0.0147  -0.0173  -0.0194  -0.0209   -0.022  -0.0226  -0.0228  -0.0226   -0.022   -0.021  -0.0195  -0.0175  -0.0149  -0.0117 -0.00796 -0.00377        0
        0|        0        0        0        0        0        0        0        0        0        0        0        0        0        0        0        0        0        0        0        0        0

G (22x12): 
         |        0        1        2        3        4        5        6        7        8        9       10       11       12       13       14       15       16       17       18       19       20       21
-------------------------------------------------------------------------------------------------------------------------------------------------------------------------------------------------------------------------
       10|        0        0        0        0        0        0        0        0        0        0        0        0        0        0        0        0        0        0        0        0        0        0
        9|  -0.0872   0.0862   0.0513   0.0309   0.0196    0.013  0.00876  0.00602  0.00417   0.0029  0.00198  0.00128 0.000637-3.93e-05-0.000806 -0.00198 -0.00437 -0.00995  -0.0239  -0.0585   -0.122    0.125
        8|  -0.0542   0.0537   0.0484   0.0347   0.0242   0.0169   0.0119  0.00837  0.00586  0.00403  0.00264   0.0015 0.000495-0.000553 -0.00182  -0.0036 -0.00659  -0.0126  -0.0265  -0.0578   -0.105    0.105
        7|  -0.0382   0.0379    0.038   0.0302   0.0229    0.017   0.0124  0.00899  0.00637  0.00435   0.0027  0.00128-9.23e-05 -0.00159 -0.00349 -0.00612  -0.0102   -0.017  -0.0288  -0.0484  -0.0685   0.0681
        6|  -0.0281    0.028   0.0295    0.025     0.02   0.0155   0.0118  0.00871  0.00625  0.00424  0.00253 0.000959-0.000607 -0.00238 -0.00457 -0.00754  -0.0118   -0.018  -0.0269  -0.0382  -0.0438   0.0437
        5|  -0.0211   0.0209   0.0227     0.02   0.0166   0.0133   0.0104  0.00784  0.00568  0.00383  0.00219 0.000649-0.000942 -0.00273 -0.00491 -0.00772  -0.0114  -0.0164  -0.0225  -0.0289  -0.0295   0.0296
        4|  -0.0156   0.0156   0.0171   0.0154   0.0132   0.0108  0.00859  0.00657  0.00479  0.00321  0.00177 0.000372 -0.00107 -0.00269 -0.00461 -0.00699 -0.00995  -0.0135  -0.0176  -0.0212  -0.0205   0.0205
        3|  -0.0112   0.0111   0.0124   0.0113  0.00981  0.00819  0.00658  0.00507   0.0037  0.00246  0.00129 0.000154 -0.00103 -0.00234 -0.00387 -0.00568 -0.00783  -0.0103  -0.0128  -0.0149   -0.014    0.014
        2| -0.00734   0.0073   0.0082  0.00754  0.00659  0.00553  0.00446  0.00344  0.00249  0.00161 0.000791-2.51e-05-0.000863 -0.00179 -0.00283 -0.00404 -0.00541 -0.00691 -0.00838 -0.00951 -0.00876  0.00879
        1|  -0.0038  0.00386  0.00447  0.00408  0.00354  0.00295  0.00235  0.00178  0.00125 0.000758  0.00029-0.000156-0.000619  -0.0011 -0.00165 -0.00224  -0.0029 -0.00358 -0.00424 -0.00471 -0.00429  0.00428
        0|  -0.0172        0        0        0        0        0        0        0        0        0        0        0        0        0        0        0        0        0        0        0        0   0.0193

rhs (22x12): 
         |        0        1        2        3        4        5        6        7        8        9       10       11       12       13       14       15       16       17       18       19       20       21
-------------------------------------------------------------------------------------------------------------------------------------------------------------------------------------------------------------------------
       11|        0        0        0        0        0        0        0        0        0        0        0        0        0        0        0        0        0        0        0        0        0        0
       10|        0        1   -0.251   0.0843    0.113   0.0881   0.0696   0.0471   0.0382   0.0247   0.0232   0.0165   0.0219   0.0156   0.0216   0.0315   0.0718    0.149    0.283      0.1    -4.01        0
        9|        0   -0.155    0.215    0.197    0.131   0.0952   0.0611    0.048   0.0292   0.0265    0.015   0.0181   0.0118   0.0235   0.0283   0.0586    0.119    0.293    0.656    0.959   0.0565        0
        8|        0  -0.0943  -0.0272  -0.0171-0.000219  -0.0019  0.00547-0.000227  0.00563-0.000583  0.00519-0.000941  0.00504 0.000176  0.00674   0.0022   0.0126    0.021    0.059   0.0187  -0.0649        0
        7|        0  -0.0378  -0.0194 -0.00853 -0.00962-0.000544 -0.00469  0.00232 -0.00308  0.00321 -0.00262   0.0034 -0.00257  0.00317 -0.00339  0.00123   -0.008  -0.0103  -0.0371    -0.07  -0.0889        0
        6|        0  -0.0254 -0.00597  -0.0099 -0.00145 -0.00559  0.00161  -0.0036  0.00284 -0.00288  0.00324 -0.00272  0.00318 -0.00308  0.00232 -0.00492 -0.00166  -0.0134  -0.0181  -0.0349  -0.0178        0
        5|        0  -0.0134 -0.00841  -0.0014 -0.00598  0.00117 -0.00396   0.0026 -0.00302  0.00319  -0.0027  0.00333 -0.00278  0.00299 -0.00346   0.0016 -0.00615 -0.00333  -0.0141  -0.0118-0.000738        0
        4|        0   -0.014-0.000592 -0.00599 0.000906 -0.00428  0.00235 -0.00318  0.00312 -0.00268  0.00341 -0.00256  0.00334 -0.00283   0.0028 -0.00387  0.00093 -0.00695 -0.00351  -0.0113  0.00826        0
        3|        0 -0.00728 -0.00561  0.00082 -0.00454  0.00208  -0.0034  0.00299 -0.00273  0.00344 -0.00246  0.00357  -0.0025  0.00335 -0.00294  0.00252 -0.00436 0.000344 -0.00727 -0.00231  0.00451        0
        2|        0  -0.0419  -0.0369  -0.0397  -0.0287  -0.0291  -0.0174  -0.0179 -0.00695 -0.00854   0.0012 -0.00176  0.00678  0.00294   0.0106   0.0056   0.0119  0.00535   0.0103  0.00338   0.0192        0
        1|        0    0.118    0.125    0.129    0.118    0.116      0.1   0.0932   0.0723   0.0612   0.0364   0.0218 -0.00726  -0.0275  -0.0623  -0.0877   -0.126   -0.153   -0.187   -0.202     -0.2        0
        0|        0        0        0        0        0        0        0        0        0        0        0        0        0        0        0        0        0        0        0        0        0        0

