t: 0.175644
nCells: 20x10, dx: 0.1, dy: 0.1

u (22x12): 
         |        0        1        2        3        4        5        6        7        8        9       10       11       12       13       14       15       16       17       18       19       20
-------------------------------------------------------------------------------------------------------------------------------------------------------------------------------------------------------------------------
       11|        0     1.99     1.98     1.98     1.98     1.97     1.97     1.97     1.97     1.97     1.97     1.97     1.97     1.97     1.97     1.97     1.98     1.98     1.98     1.99        0
       10|        0   0.0168   0.0236   0.0266   0.0282   0.0292   0.0297   0.0301   0.0303   0.0304   0.0305   0.0304   0.0303   0.0301   0.0298   0.0292   0.0283   0.0267   0.0236   0.0169        0
        9|        0 -0.00678 -0.00695 -0.00606 -0.00523 -0.00462  -0.0042 -0.00391 -0.00373 -0.00363  -0.0036 -0.00363 -0.00373 -0.00391 -0.00419 -0.00461 -0.00522 -0.00604 -0.00693 -0.00675        0
        8|        0 -0.00336  -0.0046 -0.00477 -0.00458 -0.00433  -0.0041 -0.00393 -0.00381 -0.00374 -0.00372 -0.00374 -0.00381 -0.00393 -0.00411 -0.00434  -0.0046 -0.00479 -0.00464 -0.00342        0
        7|        0 -0.00191 -0.00307 -0.00359 -0.00375 -0.00376  -0.0037 -0.00364 -0.00358 -0.00355 -0.00354 -0.00355 -0.00359 -0.00364 -0.00371 -0.00377 -0.00377 -0.00361 -0.00309 -0.00193        0
        6|        0 -0.00124 -0.00218 -0.00277 -0.00309 -0.00324 -0.00331 -0.00333 -0.00333 -0.00333 -0.00333 -0.00333 -0.00334 -0.00333 -0.00331 -0.00325  -0.0031 -0.00278  -0.0022 -0.00125        0
        5|        0-0.000895 -0.00165 -0.00221 -0.00258 -0.00282 -0.00296 -0.00304 -0.00309 -0.00312 -0.00312 -0.00312 -0.00309 -0.00305 -0.00296 -0.00282 -0.00259 -0.00222 -0.00166  -0.0009        0
        4|        0-0.000697 -0.00132 -0.00183 -0.00221 -0.00248 -0.00267 -0.00279 -0.00287 -0.00291 -0.00293 -0.00291 -0.00287  -0.0028 -0.00267 -0.00249 -0.00222 -0.00184 -0.00133  -0.0007        0
        3|        0-0.000578 -0.00112 -0.00158 -0.00195 -0.00223 -0.00244 -0.00259 -0.00269 -0.00274 -0.00276 -0.00274 -0.00269 -0.00259 -0.00245 -0.00224 -0.00195 -0.00158 -0.00112 -0.00058        0
        2|        0-0.000506-0.000989 -0.00142 -0.00177 -0.00206 -0.00228 -0.00244 -0.00254 -0.00261 -0.00263 -0.00261 -0.00254 -0.00244 -0.00228 -0.00206 -0.00178 -0.00142-0.000992-0.000508        0
        1|        0-0.000466-0.000919 -0.00132 -0.00167 -0.00195 -0.00217 -0.00234 -0.00245 -0.00251 -0.00253 -0.00251 -0.00245 -0.00234 -0.00217 -0.00195 -0.00167 -0.00132-0.000919-0.000466        0
        0|        0 -0.00039-0.000769 -0.00112 -0.00142 -0.00167 -0.00187 -0.00203 -0.00214  -0.0022 -0.00222  -0.0022 -0.00214 -0.00203 -0.00188 -0.00167 -0.00142 -0.00112 -0.00077-0.000391        0

v (22x12): 
         |        0        1        2        3        4        5        6        7        8        9       10       11       12       13       14       15       16       17       18       19       20       21
-------------------------------------------------------------------------------------------------------------------------------------------------------------------------------------------------------------------------
       10|        0        0        0        0        0        0        0        0        0        0        0        0        0        0        0        0        0        0        0        0        0        0
        9|  -0.0145   0.0168  0.00674  0.00308  0.00161 0.000928 0.000568 0.000356 0.000219  0.00012 3.95e-05-3.51e-05-0.000115-0.000213-0.000349-0.000558-0.000914 -0.00159 -0.00306 -0.00674  -0.0169   0.0145
        8| -0.00864     0.01  0.00656  0.00397  0.00244  0.00154 0.000991  0.00064 0.000399  0.00022 7.21e-05-6.61e-05-0.000214-0.000392 -0.00063-0.000978 -0.00152 -0.00242 -0.00395 -0.00656  -0.0101  0.00871
        7| -0.00576  0.00668  0.00533   0.0038  0.00262  0.00179  0.00122 0.000813 0.000518 0.000289 9.46e-05-8.87e-05-0.000283-0.000511-0.000805 -0.00121 -0.00178 -0.00261  -0.0038 -0.00534 -0.00672  0.00579
        6| -0.00412  0.00476  0.00417  0.00328  0.00246  0.00179  0.00127 0.000878 0.000572 0.000323 0.000106-0.000101-0.000317-0.000566-0.000872 -0.00127 -0.00178 -0.00245 -0.00328 -0.00418 -0.00479  0.00413
        5| -0.00305  0.00352  0.00323   0.0027  0.00214  0.00163  0.00121 0.000856 0.000568 0.000325 0.000107-0.000102 -0.00032-0.000564-0.000851  -0.0012 -0.00163 -0.00214  -0.0027 -0.00324 -0.00354  0.00306
        4| -0.00228  0.00263  0.00247  0.00214  0.00176   0.0014  0.00106 0.000771 0.000521 0.000301 9.93e-05-9.59e-05-0.000297-0.000517-0.000768 -0.00106 -0.00139 -0.00177 -0.00215 -0.00248 -0.00264  0.00229
        3| -0.00169  0.00193  0.00184  0.00164  0.00138  0.00112 0.000874 0.000647 0.000443 0.000258 8.55e-05-8.29e-05-0.000256-0.000441-0.000645-0.000873 -0.00112 -0.00139 -0.00164 -0.00185 -0.00194  0.00169
        2|  -0.0012  0.00135   0.0013  0.00118  0.00101 0.000839 0.000665   0.0005 0.000346 0.000203 6.76e-05-6.58e-05-0.000202-0.000345-0.000498-0.000664-0.000839 -0.00102 -0.00118 -0.00131 -0.00136   0.0012
        1|-0.000771 0.000846 0.000821  0.00075 0.000657 0.000553 0.000446  0.00034 0.000239 0.000142 4.72e-05-4.61e-05 -0.00014-0.000238 -0.00034-0.000446-0.000553-0.000658-0.000751-0.000823-0.000848 0.000772
        0| -0.00195  0.00232  0.00227  0.00212  0.00192  0.00166  0.00138  0.00109  0.00078  0.00047 0.000157-0.000155-0.000468-0.000779 -0.00109 -0.00138 -0.00166 -0.00192 -0.00212 -0.00227 -0.00232  0.00195

p (22x12): 
         |        0        1        2        3        4        5        6        7        8        9       10       11       12       13       14       15       16       17       18       19       20       21
-------------------------------------------------------------------------------------------------------------------------------------------------------------------------------------------------------------------------
       11|  -0.0388  -0.0388  -0.0289  -0.0228  -0.0184  -0.0148  -0.0118 -0.00912 -0.00662 -0.00424 -0.00192 0.000377  0.00269  0.00507  0.00757   0.0103   0.0133   0.0168   0.0213   0.0275   0.0378   0.0378
       10|  -0.0388  -0.0388  -0.0289  -0.0228  -0.0184  -0.0148  -0.0118 -0.00912 -0.00662 -0.00424 -0.00192 0.000377  0.00269  0.00507  0.00757   0.0103   0.0133   0.0168   0.0213   0.0275   0.0378   0.0378
        9|   -0.029   -0.029  -0.0251  -0.0211  -0.0175  -0.0143  -0.0115 -0.00893  -0.0065 -0.00417  -0.0019  0.00036  0.00263  0.00496  0.00739  0.00996   0.0128   0.0159   0.0195   0.0237   0.0278   0.0278
        8|  -0.0233  -0.0233  -0.0214  -0.0188  -0.0161  -0.0135   -0.011 -0.00858 -0.00629 -0.00405 -0.00186 0.000328  0.00252  0.00476  0.00705  0.00944   0.0119   0.0146   0.0173     0.02    0.022    0.022
        7|  -0.0195  -0.0195  -0.0185  -0.0167  -0.0146  -0.0125  -0.0103 -0.00814 -0.00601  -0.0039  -0.0018 0.000285  0.00238  0.00449  0.00663  0.00879    0.011   0.0132   0.0153    0.017   0.0181   0.0181
        6|  -0.0169  -0.0169  -0.0162  -0.0149  -0.0133  -0.0115 -0.00962 -0.00767  -0.0057 -0.00373 -0.00175 0.000236  0.00222   0.0042  0.00617  0.00812     0.01   0.0118   0.0135   0.0147   0.0154   0.0154
        5|  -0.0149  -0.0149  -0.0144  -0.0135  -0.0122  -0.0106 -0.00898 -0.00722 -0.00541 -0.00356 -0.00169 0.000186  0.00206  0.00391  0.00573   0.0075  0.00917   0.0107    0.012    0.013   0.0135   0.0135
        4|  -0.0135  -0.0135  -0.0131  -0.0123  -0.0113 -0.00993 -0.00844 -0.00684 -0.00515 -0.00341 -0.00164 0.000142  0.00191  0.00366  0.00535  0.00696  0.00846  0.00979   0.0109   0.0117   0.0121   0.0121
        3|  -0.0125  -0.0125  -0.0122  -0.0115  -0.0106 -0.00939 -0.00802 -0.00653 -0.00494 -0.00329  -0.0016 0.000105   0.0018  0.00345  0.00505  0.00655  0.00791  0.00911   0.0101   0.0107   0.0111   0.0111
        2|  -0.0119  -0.0119  -0.0116   -0.011  -0.0101 -0.00902 -0.00774 -0.00632 -0.00479  -0.0032 -0.00157 7.95e-05  0.00171  0.00331  0.00484  0.00626  0.00755  0.00865  0.00953   0.0101   0.0105   0.0105
        1|  -0.0116  -0.0116  -0.0113  -0.0107  -0.0099 -0.00884  -0.0076 -0.00621 -0.00472 -0.00316 -0.00155 6.72e-05  0.00167  0.00324  0.00473  0.00612  0.00737  0.00844  0.00928  0.00986   0.0102   0.0102
        0|  -0.0101  -0.0101 -0.00986 -0.00938 -0.00867 -0.00777  -0.0067 -0.00551 -0.00422 -0.00285 -0.00145-3.21e-05  0.00137  0.00274  0.00403  0.00523  0.00629   0.0072  0.00791   0.0084  0.00864  0.00864

F (22x12): 
         |        0        1        2        3        4        5        6        7        8        9       10       11       12       13       14       15       16       17       18       19       20
-------------------------------------------------------------------------------------------------------------------------------------------------------------------------------------------------------------------------
       11|        0     1.99     1.98     1.98     1.98     1.97     1.97     1.97     1.97     1.97     1.97     1.97     1.97     1.97     1.97     1.97     1.98     1.98     1.98     1.99        0
       10|        0   0.0193   0.0251   0.0277   0.0291   0.0299   0.0304   0.0307   0.0309    0.031    0.031    0.031   0.0309   0.0307   0.0304     0.03   0.0292   0.0278   0.0252   0.0195        0
        9|        0 -0.00579 -0.00593 -0.00515 -0.00444 -0.00391 -0.00355  -0.0033 -0.00315 -0.00306 -0.00303 -0.00306 -0.00314  -0.0033 -0.00354  -0.0039 -0.00443 -0.00513 -0.00589 -0.00572        0
        8|        0 -0.00289 -0.00394 -0.00408 -0.00392  -0.0037  -0.0035 -0.00335 -0.00325 -0.00319 -0.00317 -0.00319 -0.00325 -0.00335 -0.00351  -0.0037 -0.00393  -0.0041 -0.00397 -0.00293        0
        7|        0 -0.00164 -0.00263 -0.00307 -0.00321 -0.00321 -0.00316  -0.0031 -0.00305 -0.00302 -0.00301 -0.00302 -0.00305  -0.0031 -0.00316 -0.00321 -0.00322 -0.00308 -0.00265 -0.00166        0
        6|        0 -0.00107 -0.00187 -0.00236 -0.00263 -0.00276 -0.00282 -0.00284 -0.00284 -0.00283 -0.00283 -0.00283 -0.00284 -0.00284 -0.00282 -0.00277 -0.00264 -0.00237 -0.00188 -0.00107        0
        5|        0-0.000765 -0.00141 -0.00188  -0.0022  -0.0024 -0.00252 -0.00259 -0.00263 -0.00264 -0.00265 -0.00265 -0.00263 -0.00259 -0.00252  -0.0024  -0.0022 -0.00189 -0.00142-0.000769        0
        4|        0-0.000594 -0.00113 -0.00156 -0.00188 -0.00211 -0.00226 -0.00237 -0.00243 -0.00247 -0.00248 -0.00247 -0.00243 -0.00237 -0.00227 -0.00211 -0.00188 -0.00156 -0.00113-0.000596        0
        3|        0-0.000491-0.000948 -0.00134 -0.00165 -0.00189 -0.00207 -0.00219 -0.00227 -0.00232 -0.00233 -0.00232 -0.00227 -0.00219 -0.00207 -0.00189 -0.00165 -0.00134 -0.00095-0.000492        0
        2|        0-0.000429-0.000836  -0.0012  -0.0015 -0.00174 -0.00192 -0.00205 -0.00214 -0.00219 -0.00221 -0.00219 -0.00214 -0.00205 -0.00192 -0.00174  -0.0015  -0.0012-0.000837-0.000429        0
        1|        0-0.000392-0.000773 -0.00111  -0.0014 -0.00164 -0.00182 -0.00196 -0.00205 -0.00211 -0.00212 -0.00211 -0.00205 -0.00196 -0.00182 -0.00164  -0.0014 -0.00111-0.000772-0.000392        0
        0|        0        0        0        0        0        0        0        0        0        0        0        0        0        0        0        0        0        0        0        0        0

G (22x12): 
         |        0        1        2        3        4        5        6        7        8        9       10       11       12       13       14       15       16       17       18       19       20       21
-------------------------------------------------------------------------------------------------------------------------------------------------------------------------------------------------------------------------
       10|        0        0        0        0        0        0        0        0        0        0        0        0        0        0        0        0        0        0        0        0        0        0
        9|  -0.0145   0.0143  0.00579  0.00265  0.00138 0.000799  0.00049 0.000307 0.000189 0.000103 3.38e-05-3.07e-05-9.98e-05-0.000185-0.000302-0.000482-0.000788 -0.00137 -0.00263 -0.00577  -0.0144   0.0145
        8| -0.00864  0.00859  0.00563  0.00341  0.00209  0.00132 0.000853 0.000552 0.000345  0.00019 6.16e-05-5.81e-05-0.000186 -0.00034-0.000546-0.000846 -0.00131 -0.00208  -0.0034 -0.00564 -0.00868  0.00871
        7| -0.00576  0.00572  0.00458  0.00327  0.00226  0.00154  0.00105 0.000702 0.000448  0.00025 8.12e-05-7.79e-05-0.000246-0.000444-0.000698 -0.00104 -0.00154 -0.00225 -0.00327 -0.00459 -0.00576  0.00579
        6| -0.00412  0.00409  0.00359  0.00283  0.00212  0.00154   0.0011  0.00076 0.000496  0.00028 9.13e-05-8.83e-05-0.000277-0.000492-0.000757  -0.0011 -0.00154 -0.00212 -0.00283  -0.0036 -0.00411  0.00413
        5| -0.00305  0.00303  0.00279  0.00233  0.00185  0.00141  0.00105 0.000743 0.000494 0.000282 9.25e-05-9.01e-05 -0.00028-0.000492-0.000741 -0.00104 -0.00141 -0.00185 -0.00233  -0.0028 -0.00304  0.00306
        4| -0.00228  0.00227  0.00214  0.00186  0.00153  0.00121 0.000925 0.000673 0.000455 0.000263 8.65e-05-8.46e-05-0.000261-0.000453-0.000672-0.000924 -0.00121 -0.00154 -0.00186 -0.00215 -0.00228  0.00229
        3| -0.00169  0.00168  0.00161  0.00143  0.00121 0.000985 0.000768  0.00057  0.00039 0.000228 7.52e-05-7.37e-05-0.000226-0.000389-0.000569-0.000768-0.000985 -0.00121 -0.00143 -0.00161 -0.00169  0.00169
        2|  -0.0012  0.00119  0.00115  0.00104   0.0009 0.000746 0.000592 0.000446  0.00031 0.000182 6.03e-05-5.93e-05-0.000181-0.000309-0.000445-0.000592-0.000746-0.000901 -0.00104 -0.00116  -0.0012   0.0012
        1|-0.000771 0.000771 0.000751 0.000687 0.000603 0.000509 0.000411 0.000315 0.000221 0.000131 4.37e-05 -4.3e-05-0.000131-0.000221-0.000314-0.000411-0.000509-0.000603-0.000687-0.000752-0.000772 0.000772
        0| -0.00195        0        0        0        0        0        0        0        0        0        0        0        0        0        0        0        0        0        0        0        0  0.00195

rhs (22x12): 
         |        0        1        2        3        4        5        6        7        8        9       10       11       12       13       14       15       16       17       18       19       20       21
-------------------------------------------------------------------------------------------------------------------------------------------------------------------------------------------------------------------------
       11|        0        0        0        0        0        0        0        0        0        0        0        0        0        0        0        0        0        0        0        0        0        0
       10|        0     1.98 -0.00668  0.00041 0.000204-5.85e-05 -8.6e-05-6.96e-05 1.26e-05 7.81e-05 0.000191 0.000207  0.00037 0.000573 0.000899  0.00141  0.00234  0.00414  0.00784   0.0135    -2.02        0
        9|        0   -0.013  0.00761  0.00391  0.00178 0.000931 0.000511 0.000341 0.000217 0.000185 0.000142 0.000252 0.000272 0.000366 0.000513 0.000833  0.00148    0.003  0.00683   0.0136   0.0104        0
        8|        0 -0.00805-0.000888-0.000395-0.000144-8.19e-05-1.75e-05-2.49e-05 5.74e-06-1.17e-05 8.38e-06-7.23e-06 5.74e-06-1.16e-05-1.01e-05-4.06e-05-8.36e-05-0.000222-0.000589 -0.00146  0.00308        0
        7|        0 -0.00391 -0.00037-0.000185-0.000119 -4.1e-05 -4.1e-05-3.19e-06-1.92e-05 4.91e-06-1.29e-05 3.95e-06 -1.3e-05 -4.7e-06-2.48e-05-3.34e-05-7.72e-05-0.000144-0.000287-0.000481  0.00257        0
        6|        0 -0.00239-0.000153-0.000125-5.23e-05-5.21e-05-9.54e-06-2.47e-05 3.04e-06-1.53e-05 4.42e-06-1.28e-05 2.71e-07-1.63e-05-1.22e-05-3.39e-05-4.83e-05-9.17e-05-0.000143-0.000216  0.00188        0
        5|        0 -0.00164-0.000107-5.16e-05-5.79e-05 -1.4e-05-2.95e-05 1.57e-06-1.75e-05 5.27e-06 -1.3e-05 3.29e-06 -1.3e-05 -3.1e-06-1.92e-05-1.87e-05   -4e-05-5.43e-05-8.67e-05-0.000112  0.00141        0
        4|        0 -0.00127-4.12e-05-5.78e-05-1.58e-05-3.31e-05 4.89e-07-1.94e-05 6.23e-06-1.33e-05 6.12e-06-1.15e-05 2.13e-06-1.31e-05-6.06e-06-2.14e-05-2.31e-05-4.17e-05-5.22e-05-7.09e-05  0.00112        0
        3|        0 -0.00102-5.36e-05-1.54e-05-3.58e-05-5.55e-07-2.15e-05 6.93e-06-1.38e-05 8.36e-06-1.02e-05 5.89e-06-9.99e-06 8.44e-07-1.31e-05-8.87e-06-2.29e-05-2.57e-05-4.03e-05-4.53e-05 0.000938        0
        2|        0 -0.00267 -0.00174 -0.00164 -0.00143 -0.00125-0.000998-0.000791-0.000539-0.000335-9.76e-05 9.67e-05 0.000318 0.000507 0.000712 0.000887  0.00106   0.0012  0.00132   0.0014  0.00229        0
        1|        0    0.151    0.147    0.138    0.124    0.108   0.0901   0.0709   0.0509   0.0307   0.0104    -0.01  -0.0304  -0.0506  -0.0706    -0.09   -0.108   -0.125   -0.138   -0.148   -0.151        0
        0|        0        0        0        0        0        0        0        0        0        0        0        0        0        0        0        0        0        0        0        0        0        0

