t: 0.150461
nCells: 20x10, dx: 0.1, dy: 0.1

u (22x12): 
         |        0        1        2        3        4        5        6        7        8        9       10       11       12       13       14       15       16       17       18       19       20
-------------------------------------------------------------------------------------------------------------------------------------------------------------------------------------------------------------------------
       11|        0-0.000392-0.000772 -0.00111  -0.0014 -0.00164 -0.00182 -0.00196 -0.00205 -0.00211 -0.00212 -0.00211 -0.00205 -0.00196 -0.00182 -0.00164  -0.0014 -0.00111-0.000773-0.000393        0
       10|        0-0.000328-0.000647-0.000937 -0.00119  -0.0014 -0.00157  -0.0017 -0.00179 -0.00185 -0.00186 -0.00185 -0.00179  -0.0017 -0.00157  -0.0014 -0.00119-0.000938-0.000647-0.000329        0
        9|        0-0.000278-0.000549-0.000799 -0.00102 -0.00121 -0.00137 -0.00148 -0.00157 -0.00162 -0.00164 -0.00162 -0.00157 -0.00148 -0.00137 -0.00121 -0.00102  -0.0008 -0.00055-0.000279        0
        8|        0-0.000239-0.000472-0.000689-0.000885 -0.00105 -0.00119  -0.0013 -0.00138 -0.00143 -0.00144 -0.00143 -0.00138  -0.0013 -0.00119 -0.00105-0.000885 -0.00069-0.000472-0.000239        0
        7|        0-0.000208-0.000411-0.000602-0.000774-0.000925 -0.00105 -0.00115 -0.00122 -0.00126 -0.00128 -0.00126 -0.00122 -0.00115 -0.00105-0.000925-0.000775-0.000602-0.000411-0.000208        0
        6|        0-0.000183-0.000363-0.000532-0.000686-0.000821-0.000935 -0.00102 -0.00109 -0.00113 -0.00114 -0.00113 -0.00109 -0.00102-0.000935-0.000821-0.000686-0.000532-0.000363-0.000183        0
        5|        0-0.000164-0.000325-0.000477-0.000617-0.000739-0.000843-0.000925-0.000985 -0.00102 -0.00103 -0.00102-0.000985-0.000925-0.000843-0.000739-0.000617-0.000478-0.000325-0.000164        0
        4|        0 -0.00015-0.000297-0.000436-0.000563-0.000676-0.000772-0.000848-0.000904-0.000938-0.000949-0.000938-0.000904-0.000849-0.000772-0.000677-0.000564-0.000436-0.000297 -0.00015        0
        3|        0-0.000139-0.000276-0.000406-0.000525-0.000631-0.000721-0.000792-0.000845-0.000877-0.000887-0.000877-0.000845-0.000793-0.000721-0.000631-0.000525-0.000406-0.000276-0.000139        0
        2|        0-0.000132-0.000263-0.000386  -0.0005-0.000601-0.000687-0.000756-0.000806-0.000837-0.000847-0.000837-0.000806-0.000756-0.000687-0.000601  -0.0005-0.000387-0.000263-0.000132        0
        1|        0-0.000128-0.000253-0.000373-0.000483 -0.00058-0.000663 -0.00073-0.000778-0.000808-0.000818-0.000808-0.000778 -0.00073-0.000663 -0.00058-0.000483-0.000373-0.000254-0.000128        0
        0|        0 0.000104 0.000206 0.000302 0.000391 0.000471 0.000538 0.000592 0.000631 0.000655 0.000663 0.000655 0.000631 0.000592 0.000538 0.000471 0.000391 0.000302 0.000206 0.000104        0

v (22x12): 
         |        0        1        2        3        4        5        6        7        8        9       10       11       12       13       14       15       16       17       18       19       20       21
-------------------------------------------------------------------------------------------------------------------------------------------------------------------------------------------------------------------------
       10| -0.00158  0.00195  0.00191  0.00178  0.00161   0.0014  0.00116 0.000911 0.000654 0.000394 0.000132-0.000131-0.000393-0.000653-0.000911 -0.00116  -0.0014 -0.00161 -0.00178 -0.00191 -0.00195  0.00158
        9| -0.00131  0.00162  0.00159  0.00149  0.00135  0.00118 0.000991 0.000783 0.000565 0.000341 0.000114-0.000113 -0.00034-0.000564-0.000782-0.000991 -0.00118 -0.00135 -0.00149 -0.00159 -0.00162  0.00132
        8| -0.00109  0.00134  0.00132  0.00124  0.00113 0.000994 0.000837 0.000664  0.00048 0.000291 9.75e-05-9.69e-05 -0.00029 -0.00048-0.000663-0.000836-0.000994 -0.00113 -0.00124 -0.00132 -0.00134  0.00109
        7|-0.000895   0.0011  0.00108  0.00102 0.000936 0.000826 0.000697 0.000555 0.000403 0.000244  8.2e-05-8.15e-05-0.000244-0.000402-0.000555-0.000697-0.000826-0.000936 -0.00102 -0.00109  -0.0011 0.000895
        6|-0.000727 0.000896 0.000881 0.000833 0.000764 0.000675 0.000572 0.000456 0.000332 0.000201 6.77e-05-6.73e-05-0.000201-0.000332-0.000456-0.000572-0.000675-0.000764-0.000833-0.000882-0.000896 0.000727
        5|-0.000578 0.000713 0.000702 0.000664 0.000609  0.00054 0.000458 0.000366 0.000267 0.000162 5.45e-05-5.42e-05-0.000162-0.000267-0.000366-0.000458 -0.00054 -0.00061-0.000664-0.000702-0.000713 0.000578
        4|-0.000445 0.000549  0.00054 0.000512  0.00047 0.000417 0.000354 0.000284 0.000207 0.000126 4.23e-05-4.21e-05-0.000126-0.000207-0.000284-0.000354-0.000417 -0.00047-0.000512-0.000541-0.000549 0.000445
        3|-0.000324 0.000399 0.000393 0.000373 0.000343 0.000304 0.000259 0.000207 0.000151 9.21e-05  3.1e-05-3.08e-05 -9.2e-05-0.000151-0.000207-0.000259-0.000304-0.000343-0.000373-0.000393-0.000399 0.000324
        2|-0.000211  0.00026 0.000256 0.000243 0.000224 0.000199 0.000169 0.000135 9.89e-05 6.02e-05 2.03e-05-2.02e-05-6.01e-05-9.88e-05-0.000135-0.000169-0.000199-0.000224-0.000243-0.000256 -0.00026 0.000211
        1|-0.000104 0.000128 0.000126 0.000119  0.00011 9.76e-05 8.31e-05 6.66e-05 4.86e-05 2.96e-05 9.96e-06-9.91e-06-2.96e-05-4.86e-05-6.66e-05 -8.3e-05-9.76e-05 -0.00011-0.000119-0.000126-0.000128 0.000104
        0|        0        0        0        0        0        0        0        0        0        0        0        0        0        0        0        0        0        0        0        0        0        0

p (22x12): 
         |        0        1        2        3        4        5        6        7        8        9       10       11       12       13       14       15       16       17       18       19       20       21
-------------------------------------------------------------------------------------------------------------------------------------------------------------------------------------------------------------------------
       11|  -0.0108  -0.0108  -0.0105 -0.00997 -0.00913 -0.00806 -0.00682 -0.00544 -0.00395 -0.00238 -0.00078 0.000838  0.00244  0.00401   0.0055  0.00689  0.00813   0.0092     0.01   0.0106   0.0109   0.0109
       10| -0.00934 -0.00934 -0.00909  -0.0086 -0.00789 -0.00699 -0.00593 -0.00474 -0.00344 -0.00208-0.000678 0.000739  0.00214   0.0035   0.0048  0.00599  0.00706  0.00796  0.00867  0.00916  0.00941  0.00941
        9| -0.00809 -0.00809 -0.00788 -0.00747 -0.00687 -0.00609 -0.00517 -0.00414 -0.00301 -0.00182 -0.00059 0.000653  0.00188  0.00308   0.0042  0.00524  0.00616  0.00693  0.00754  0.00795  0.00816  0.00816
        8| -0.00706 -0.00706 -0.00688 -0.00653 -0.00601 -0.00534 -0.00454 -0.00363 -0.00265  -0.0016-0.000515  0.00058  0.00166  0.00271   0.0037   0.0046   0.0054  0.00607   0.0066  0.00695  0.00713  0.00713
        7| -0.00622 -0.00622 -0.00606 -0.00575 -0.00529 -0.00471 -0.00401 -0.00321 -0.00234 -0.00141-0.000452 0.000518  0.00148   0.0024  0.00328  0.00407  0.00478  0.00536  0.00582  0.00613  0.00629  0.00629
        6| -0.00553 -0.00553 -0.00539 -0.00512 -0.00471 -0.00419 -0.00357 -0.00286 -0.00209 -0.00126  -0.0004 0.000467  0.00132  0.00215  0.00293  0.00364  0.00426  0.00478  0.00519  0.00546   0.0056   0.0056
        5| -0.00498 -0.00498 -0.00486 -0.00461 -0.00425 -0.00378 -0.00322 -0.00258 -0.00188 -0.00113-0.000359 0.000426   0.0012  0.00195  0.00265  0.00329  0.00385  0.00432  0.00468  0.00493  0.00505  0.00505
        4| -0.00456 -0.00456 -0.00445 -0.00422 -0.00389 -0.00347 -0.00295 -0.00237 -0.00172 -0.00104-0.000326 0.000394  0.00111  0.00179  0.00244  0.00302  0.00354  0.00396  0.00429  0.00452  0.00463  0.00463
        3| -0.00426 -0.00426 -0.00415 -0.00394 -0.00363 -0.00324 -0.00276 -0.00221 -0.00161-0.000969-0.000303 0.000371  0.00104  0.00168  0.00228  0.00283  0.00331   0.0037  0.00401  0.00422  0.00433  0.00433
        2| -0.00406 -0.00406 -0.00396 -0.00376 -0.00347 -0.00309 -0.00263 -0.00211 -0.00154-0.000923-0.000287 0.000356 0.000992   0.0016  0.00218   0.0027  0.00316  0.00354  0.00383  0.00403  0.00413  0.00413
        1| -0.00396 -0.00396 -0.00386 -0.00367 -0.00338 -0.00301 -0.00257 -0.00206  -0.0015  -0.0009 -0.00028 0.000349 0.000969  0.00157  0.00213  0.00264  0.00308  0.00345  0.00374  0.00393  0.00403  0.00403
        0| -0.00396 -0.00396 -0.00386 -0.00367 -0.00338 -0.00301 -0.00257 -0.00206  -0.0015  -0.0009 -0.00028 0.000349 0.000969  0.00157  0.00213  0.00264  0.00308  0.00345  0.00374  0.00393  0.00403  0.00403

F (22x12): 
         |        0        1        2        3        4        5        6        7        8        9       10       11       12       13       14       15       16       17       18       19       20
-------------------------------------------------------------------------------------------------------------------------------------------------------------------------------------------------------------------------
       11|        0        0        0        0        0        0        0        0        0        0        0        0        0        0        0        0        0        0        0        0        0
       10|        0-0.000267-0.000524-0.000759-0.000964 -0.00114 -0.00127 -0.00138 -0.00145 -0.00149 -0.00151 -0.00149 -0.00145 -0.00138 -0.00127 -0.00114-0.000965 -0.00076-0.000525-0.000267        0
        9|        0-0.000226-0.000445-0.000647-0.000827 -0.00098  -0.0011  -0.0012 -0.00127 -0.00131 -0.00132 -0.00131 -0.00127  -0.0012 -0.00111 -0.00098-0.000827-0.000648-0.000445-0.000226        0
        8|        0-0.000194-0.000383-0.000558-0.000716-0.000852-0.000965 -0.00105 -0.00112 -0.00115 -0.00117 -0.00115 -0.00112 -0.00105-0.000965-0.000853-0.000716-0.000559-0.000383-0.000194        0
        7|        0-0.000168-0.000333-0.000487-0.000627-0.000748 -0.00085 -0.00093-0.000987 -0.00102 -0.00103 -0.00102-0.000987 -0.00093 -0.00085-0.000749-0.000627-0.000487-0.000333-0.000169        0
        6|        0-0.000149-0.000294-0.000431-0.000555-0.000665-0.000756-0.000829-0.000882-0.000913-0.000924-0.000913-0.000882-0.000829-0.000756-0.000665-0.000555-0.000431-0.000294-0.000149        0
        5|        0-0.000133-0.000263-0.000386-0.000499-0.000598-0.000682-0.000749-0.000797-0.000826-0.000836-0.000826-0.000797-0.000749-0.000682-0.000598-0.000499-0.000387-0.000263-0.000133        0
        4|        0-0.000121 -0.00024-0.000353-0.000456-0.000547-0.000625-0.000686-0.000731-0.000759-0.000768-0.000759-0.000731-0.000687-0.000625-0.000547-0.000456-0.000353 -0.00024-0.000121        0
        3|        0-0.000113-0.000224-0.000329-0.000425 -0.00051-0.000583-0.000641-0.000684-0.000709-0.000718-0.000709-0.000684-0.000641-0.000583-0.000511-0.000425-0.000329-0.000224-0.000113        0
        2|        0-0.000107-0.000213-0.000313-0.000405-0.000486-0.000556-0.000612-0.000652-0.000677-0.000685-0.000677-0.000652-0.000612-0.000556-0.000486-0.000405-0.000313-0.000213-0.000107        0
        1|        0-0.000103-0.000205-0.000301-0.000389-0.000468-0.000535-0.000589-0.000628-0.000652 -0.00066-0.000652-0.000628-0.000589-0.000535-0.000468 -0.00039-0.000301-0.000205-0.000103        0
        0|        0 0.000104 0.000206 0.000302 0.000391 0.000471 0.000538 0.000592 0.000631 0.000655 0.000663 0.000655 0.000631 0.000592 0.000538 0.000471 0.000391 0.000302 0.000206 0.000104        0

G (22x12): 
         |        0        1        2        3        4        5        6        7        8        9       10       11       12       13       14       15       16       17       18       19       20       21
-------------------------------------------------------------------------------------------------------------------------------------------------------------------------------------------------------------------------
       10| -0.00158  0.00157  0.00154  0.00144   0.0013  0.00113 0.000937 0.000735 0.000527 0.000317 0.000106-0.000106-0.000317-0.000527-0.000735-0.000936 -0.00113  -0.0013 -0.00144 -0.00154 -0.00157  0.00158
        9| -0.00131  0.00131  0.00129  0.00121  0.00109 0.000957 0.000801 0.000633 0.000456 0.000275 9.21e-05-9.18e-05-0.000275-0.000456-0.000632-0.000801-0.000957 -0.00109 -0.00121 -0.00129 -0.00131  0.00132
        8| -0.00109  0.00108  0.00107    0.001 0.000915 0.000804 0.000676 0.000536 0.000388 0.000235 7.87e-05-7.84e-05-0.000235-0.000388-0.000536-0.000676-0.000804-0.000915   -0.001 -0.00107 -0.00108  0.00109
        7|-0.000895 0.000891 0.000878 0.000828 0.000757 0.000668 0.000564 0.000449 0.000326 0.000197 6.62e-05 -6.6e-05-0.000197-0.000326-0.000449-0.000564-0.000668-0.000757-0.000828-0.000878-0.000891 0.000895
        6|-0.000727 0.000723 0.000713 0.000674 0.000618 0.000546 0.000462 0.000369 0.000268 0.000163 5.46e-05-5.45e-05-0.000163-0.000268-0.000369-0.000462-0.000546-0.000618-0.000674-0.000713-0.000723 0.000727
        5|-0.000578 0.000575 0.000568 0.000537 0.000493 0.000437 0.000371 0.000296 0.000216 0.000131  4.4e-05-4.39e-05-0.000131-0.000216-0.000296-0.000371-0.000437-0.000493-0.000537-0.000568-0.000575 0.000578
        4|-0.000445 0.000443 0.000437 0.000414 0.000381 0.000338 0.000287 0.000229 0.000167 0.000102 3.42e-05-3.41e-05-0.000102-0.000167-0.000229-0.000287-0.000338-0.000381-0.000414-0.000437-0.000443 0.000445
        3|-0.000324 0.000322 0.000318 0.000302 0.000277 0.000246 0.000209 0.000168 0.000122 7.45e-05  2.5e-05 -2.5e-05-7.44e-05-0.000122-0.000168-0.000209-0.000246-0.000277-0.000302-0.000318-0.000322 0.000324
        2|-0.000211  0.00021 0.000208 0.000197 0.000181 0.000161 0.000137  0.00011    8e-05 4.87e-05 1.64e-05-1.63e-05-4.87e-05   -8e-05 -0.00011-0.000137-0.000161-0.000181-0.000197-0.000208 -0.00021 0.000211
        1|-0.000104 0.000103 0.000102 9.67e-05  8.9e-05 7.91e-05 6.73e-05  5.4e-05 3.94e-05  2.4e-05 8.06e-06-8.04e-06 -2.4e-05-3.94e-05 -5.4e-05-6.73e-05-7.91e-05 -8.9e-05-9.67e-05-0.000102-0.000103 0.000104
        0|        0        0        0        0        0        0        0        0        0        0        0        0        0        0        0        0        0        0        0        0        0        0

rhs (22x12): 
         |        0        1        2        3        4        5        6        7        8        9       10       11       12       13       14       15       16       17       18       19       20       21
-------------------------------------------------------------------------------------------------------------------------------------------------------------------------------------------------------------------------
       11|        0        0        0        0        0        0        0        0        0        0        0        0        0        0        0        0        0        0        0        0        0        0
       10|        0 -0.00163 -0.00105 -0.00102-0.000897-0.000815-0.000665 -0.00055-0.000386 -0.00025-8.19e-05 7.13e-05 0.000243 0.000417 0.000594 0.000782 0.000949  0.00113  0.00125  0.00137  0.00193        0
        9|        0-0.000442-2.21e-05 1.01e-05-1.96e-05  8.7e-06-1.61e-05 6.23e-06-1.25e-05 2.59e-06-9.25e-06-2.48e-06-7.07e-06-7.72e-06-5.32e-06-1.31e-05-4.49e-06 -1.8e-05-4.29e-06-2.15e-05 0.000445        0
        8|        0  -0.0004 1.33e-05-1.86e-05 1.19e-05-1.59e-05  9.6e-06-1.26e-05 6.27e-06-9.22e-06 1.98e-06-6.59e-06-3.33e-06-4.23e-06-8.53e-06-2.64e-06-1.34e-05-1.76e-06-1.74e-05-1.22e-06 0.000369        0
        7|        0-0.000322-1.79e-05 1.45e-05-1.58e-05 1.25e-05-1.29e-05 9.47e-06 -9.6e-06 5.51e-06-6.42e-06 5.19e-07-3.95e-06-4.58e-06-1.83e-06-9.57e-06-4.02e-07-1.39e-05 4.63e-07-1.68e-05 0.000334        0
        6|        0-0.000306 1.66e-05-1.59e-05 1.49e-05-1.34e-05 1.22e-05-1.03e-05 8.62e-06-7.04e-06 4.18e-06-4.24e-06-1.02e-06-1.72e-06-6.11e-06  1.6e-07-1.08e-05 1.42e-06-1.44e-05 2.24e-06 0.000281        0
        5|        0-0.000248 -1.6e-05 1.68e-05 -1.4e-05 1.46e-05-1.12e-05 1.14e-05-7.99e-06 7.23e-06 -4.8e-06 2.26e-06-2.12e-06-2.88e-06 1.51e-07-7.83e-06 1.79e-06 -1.2e-05 2.88e-06-1.49e-05 0.000265        0
        4|        0 -0.00025 1.84e-05-1.47e-05 1.65e-05-1.23e-05 1.37e-05-9.17e-06 9.99e-06-5.89e-06  5.4e-06-2.92e-06 2.03e-07-3.03e-07-4.95e-06 1.71e-06-9.63e-06 3.12e-06-1.32e-05 4.05e-06 0.000228        0
        3|        0-0.000206-1.53e-05 1.82e-05-1.34e-05 1.58e-05-1.05e-05 1.25e-05-7.24e-06 8.18e-06-3.98e-06 3.15e-06-1.13e-06-2.11e-06 1.24e-06-7.15e-06    3e-06-1.14e-05 4.19e-06-1.43e-05 0.000226        0
        2|        0-0.000222 1.95e-05-1.44e-05 1.76e-05-1.19e-05 1.47e-05-8.78e-06 1.07e-05-5.42e-06 5.99e-06-2.28e-06 6.98e-07 4.31e-07 -4.6e-06 2.55e-06-9.38e-06 4.06e-06 -1.3e-05 5.06e-06   0.0002        0
        1|        0 2.07e-05 0.000198 0.000213 0.000173 0.000175 0.000131 0.000121 7.64e-05 5.66e-05 1.49e-05-1.26e-05-4.83e-05-8.08e-05-0.000108-0.000142-0.000158 -0.00019-0.000193-0.000219-4.94e-06        0
        0|        0        0        0        0        0        0        0        0        0        0        0        0        0        0        0        0        0        0        0        0        0        0

