t: 1.51544
nCells: 20x10, dx: 0.1, dy: 0.1

u (22x12): 
         |        0        1        2        3        4        5        6        7        8        9       10       11       12       13       14       15       16       17       18       19       20
-------------------------------------------------------------------------------------------------------------------------------------------------------------------------------------------------------------------------
       11|        0     1.91     1.87     1.84     1.82     1.81      1.8     1.79     1.79     1.79     1.79     1.79     1.79     1.79     1.79     1.79     1.79      1.8     1.83     1.88        0
       10|        0    0.086    0.135    0.165    0.183    0.195    0.203    0.208    0.212    0.214    0.216    0.217    0.218    0.218    0.217    0.214     0.21      0.2    0.177     0.12        0
        9|        0  -0.0325  -0.0349  -0.0308   -0.026   -0.022  -0.0188  -0.0165  -0.0149  -0.0138  -0.0131  -0.0129  -0.0131  -0.0136  -0.0147  -0.0163  -0.0186  -0.0212  -0.0233  -0.0208        0
        8|        0   -0.016  -0.0261  -0.0303  -0.0314  -0.0312  -0.0306  -0.0299  -0.0293   -0.029  -0.0289  -0.0291  -0.0297  -0.0307  -0.0322  -0.0346  -0.0379  -0.0419  -0.0441  -0.0354        0
        7|        0 -0.00996  -0.0183  -0.0233   -0.026  -0.0273  -0.0279  -0.0281  -0.0282  -0.0282  -0.0284  -0.0287  -0.0291  -0.0298  -0.0308  -0.0321  -0.0335  -0.0342  -0.0322  -0.0226        0
        6|        0 -0.00696  -0.0136  -0.0184  -0.0216  -0.0237   -0.025  -0.0258  -0.0263  -0.0266  -0.0269  -0.0272  -0.0275  -0.0278   -0.028  -0.0281  -0.0277  -0.0261  -0.0219  -0.0131        0
        5|        0 -0.00531  -0.0107  -0.0151  -0.0184  -0.0208  -0.0225  -0.0237  -0.0245  -0.0251  -0.0254  -0.0257  -0.0258  -0.0257  -0.0254  -0.0246  -0.0231  -0.0204  -0.0157 -0.00846        0
        4|        0 -0.00434 -0.00894  -0.0129  -0.0161  -0.0187  -0.0206   -0.022   -0.023  -0.0237  -0.0241  -0.0243  -0.0242  -0.0238  -0.0231  -0.0218  -0.0197  -0.0166  -0.0121 -0.00616        0
        3|        0 -0.00375 -0.00781  -0.0114  -0.0145  -0.0171  -0.0191  -0.0206  -0.0218  -0.0225   -0.023  -0.0231  -0.0229  -0.0224  -0.0214  -0.0198  -0.0174  -0.0142    -0.01 -0.00495        0
        2|        0 -0.00344 -0.00713  -0.0106  -0.0136  -0.0161  -0.0181  -0.0198  -0.0209  -0.0218  -0.0222  -0.0223   -0.022  -0.0214  -0.0202  -0.0184   -0.016  -0.0128 -0.00886  -0.0043        0
        1|        0 -0.00342 -0.00737  -0.0109   -0.014  -0.0165  -0.0185    -0.02   -0.021  -0.0216  -0.0218  -0.0216  -0.0211  -0.0201  -0.0187  -0.0168  -0.0143  -0.0113 -0.00766 -0.00364        0
        0|        0  -0.0027  -0.0058  -0.0087  -0.0113  -0.0135  -0.0154  -0.0169   -0.018  -0.0187  -0.0191  -0.0191  -0.0187  -0.0179  -0.0166  -0.0149  -0.0127 -0.00995 -0.00678 -0.00334        0

v (22x12): 
         |        0        1        2        3        4        5        6        7        8        9       10       11       12       13       14       15       16       17       18       19       20       21
-------------------------------------------------------------------------------------------------------------------------------------------------------------------------------------------------------------------------
       10|        0        0        0        0        0        0        0        0        0        0        0        0        0        0        0        0        0        0        0        0        0        0
        9|  -0.0855    0.086   0.0495   0.0292   0.0182   0.0119  0.00795  0.00542  0.00372  0.00256  0.00172  0.00107 0.000451-0.000197-0.000944 -0.00211 -0.00447 -0.00992  -0.0234  -0.0569    -0.12    0.118
        8|  -0.0532   0.0535   0.0471   0.0333    0.023   0.0159   0.0111  0.00774  0.00537  0.00365  0.00234  0.00126 0.000294-0.000733 -0.00199 -0.00378 -0.00675  -0.0126  -0.0255  -0.0544   -0.099   0.0969
        7|  -0.0372   0.0375   0.0369   0.0292   0.0219   0.0161   0.0117  0.00841  0.00591  0.00398  0.00242  0.00106-0.000262 -0.00172 -0.00357 -0.00614  -0.0101  -0.0166  -0.0276  -0.0457  -0.0636   0.0622
        6|  -0.0273   0.0275   0.0286   0.0241   0.0192   0.0148   0.0112   0.0082  0.00584  0.00391  0.00228 0.000775-0.000732 -0.00244 -0.00455 -0.00741  -0.0114  -0.0173  -0.0256   -0.036  -0.0411   0.0402
        5|  -0.0204   0.0206    0.022   0.0193    0.016   0.0128  0.00987  0.00741  0.00533  0.00356  0.00198 0.000506 -0.00102 -0.00273 -0.00483 -0.00751   -0.011  -0.0157  -0.0214  -0.0273   -0.028   0.0275
        4|  -0.0151   0.0152   0.0166   0.0149   0.0127   0.0104  0.00819  0.00623  0.00452  0.00299  0.00161 0.000271 -0.00111 -0.00266  -0.0045 -0.00676 -0.00956  -0.0129  -0.0167  -0.0201  -0.0195   0.0192
        3|  -0.0108   0.0109    0.012   0.0109  0.00943  0.00785  0.00628  0.00483   0.0035   0.0023  0.00118 9.16e-05 -0.00105  -0.0023 -0.00376 -0.00547 -0.00751  -0.0098  -0.0122  -0.0141  -0.0134   0.0131
        2| -0.00706  0.00714  0.00791  0.00726  0.00633   0.0053  0.00427  0.00328  0.00237  0.00152 0.000732 -5.2e-05-0.000856 -0.00174 -0.00273 -0.00389 -0.00518 -0.00659 -0.00797 -0.00904 -0.00841  0.00829
        1| -0.00366   0.0037  0.00421  0.00384  0.00333  0.00277  0.00221  0.00168  0.00117 0.000712 0.000271-0.000151 -0.00059 -0.00105 -0.00157 -0.00213 -0.00276  -0.0034 -0.00402 -0.00448 -0.00412  0.00407
        0|  -0.0165   0.0167   0.0187   0.0178   0.0163   0.0144   0.0123   0.0099   0.0074   0.0048  0.00214-0.000595 -0.00337 -0.00619 -0.00902  -0.0118  -0.0145  -0.0169  -0.0189  -0.0202  -0.0185   0.0182

p (22x12): 
         |        0        1        2        3        4        5        6        7        8        9       10       11       12       13       14       15       16       17       18       19       20       21
-------------------------------------------------------------------------------------------------------------------------------------------------------------------------------------------------------------------------
       11|    -2.85    -2.85    -2.84    -2.84    -2.84    -2.84    -2.84    -2.83    -2.83    -2.83    -2.83    -2.83    -2.82    -2.82    -2.82    -2.82    -2.82    -2.81    -2.81     -2.8    -2.78    -2.78
       10|    -2.85    -2.85    -2.84    -2.84    -2.84    -2.84    -2.84    -2.83    -2.83    -2.83    -2.83    -2.83    -2.82    -2.82    -2.82    -2.82    -2.82    -2.81    -2.81     -2.8    -2.78    -2.78
        9|    -2.84    -2.84    -2.84    -2.84    -2.84    -2.84    -2.84    -2.83    -2.83    -2.83    -2.83    -2.83    -2.82    -2.82    -2.82    -2.82    -2.82    -2.81    -2.81     -2.8    -2.79    -2.79
        8|    -2.84    -2.84    -2.84    -2.84    -2.84    -2.84    -2.83    -2.83    -2.83    -2.83    -2.83    -2.83    -2.82    -2.82    -2.82    -2.82    -2.82    -2.81    -2.81    -2.81     -2.8     -2.8
        7|    -2.84    -2.84    -2.84    -2.84    -2.84    -2.83    -2.83    -2.83    -2.83    -2.83    -2.83    -2.83    -2.82    -2.82    -2.82    -2.82    -2.82    -2.81    -2.81    -2.81    -2.81    -2.81
        6|    -2.84    -2.84    -2.84    -2.83    -2.83    -2.83    -2.83    -2.83    -2.83    -2.83    -2.83    -2.83    -2.82    -2.82    -2.82    -2.82    -2.82    -2.81    -2.81    -2.81    -2.81    -2.81
        5|    -2.83    -2.83    -2.83    -2.83    -2.83    -2.83    -2.83    -2.83    -2.83    -2.83    -2.83    -2.82    -2.82    -2.82    -2.82    -2.82    -2.82    -2.82    -2.81    -2.81    -2.81    -2.81
        4|    -2.83    -2.83    -2.83    -2.83    -2.83    -2.83    -2.83    -2.83    -2.83    -2.83    -2.83    -2.82    -2.82    -2.82    -2.82    -2.82    -2.82    -2.82    -2.81    -2.81    -2.81    -2.81
        3|    -2.83    -2.83    -2.83    -2.83    -2.83    -2.83    -2.83    -2.83    -2.83    -2.83    -2.83    -2.82    -2.82    -2.82    -2.82    -2.82    -2.82    -2.82    -2.82    -2.81    -2.81    -2.81
        2|    -2.83    -2.83    -2.83    -2.83    -2.83    -2.83    -2.83    -2.83    -2.83    -2.83    -2.83    -2.82    -2.82    -2.82    -2.82    -2.82    -2.82    -2.82    -2.82    -2.82    -2.81    -2.81
        1|    -2.83    -2.83    -2.83    -2.83    -2.83    -2.83    -2.83    -2.83    -2.83    -2.83    -2.83    -2.82    -2.82    -2.82    -2.82    -2.82    -2.82    -2.82    -2.82    -2.82    -2.82    -2.82
        0|    -2.83    -2.83    -2.83    -2.83    -2.83    -2.83    -2.83    -2.83    -2.83    -2.83    -2.83    -2.82    -2.82    -2.82    -2.82    -2.82    -2.82    -2.82    -2.82    -2.82    -2.82    -2.82

F (22x12): 
         |        0        1        2        3        4        5        6        7        8        9       10       11       12       13       14       15       16       17       18       19       20
-------------------------------------------------------------------------------------------------------------------------------------------------------------------------------------------------------------------------
       11|        0     1.91     1.87     1.84     1.82     1.81      1.8     1.79     1.79     1.79     1.79     1.79     1.79     1.79     1.79     1.79     1.79      1.8     1.83     1.88        0
       10|        0   0.0873    0.136    0.165    0.183    0.195    0.203    0.209    0.212    0.215    0.217    0.218    0.218    0.218    0.217    0.215    0.211    0.202     0.18    0.125        0
        9|        0  -0.0323  -0.0346  -0.0304  -0.0255  -0.0215  -0.0183   -0.016  -0.0144  -0.0133  -0.0127  -0.0125  -0.0126  -0.0132  -0.0142  -0.0158   -0.018  -0.0203  -0.0216  -0.0183        0
        8|        0  -0.0159  -0.0259    -0.03   -0.031  -0.0308  -0.0301  -0.0295  -0.0289  -0.0286  -0.0285  -0.0287  -0.0292  -0.0302  -0.0317  -0.0341  -0.0373  -0.0411   -0.043  -0.0343        0
        7|        0 -0.00991  -0.0181  -0.0231  -0.0257   -0.027  -0.0275  -0.0277  -0.0278  -0.0278   -0.028  -0.0282  -0.0287  -0.0294  -0.0303  -0.0316  -0.0329  -0.0335  -0.0315   -0.022        0
        6|        0 -0.00693  -0.0135  -0.0182  -0.0214  -0.0234  -0.0247  -0.0254  -0.0259  -0.0262  -0.0265  -0.0268   -0.027  -0.0273  -0.0276  -0.0276  -0.0272  -0.0256  -0.0214  -0.0128        0
        5|        0 -0.00528  -0.0106   -0.015  -0.0182  -0.0206  -0.0222  -0.0234  -0.0242  -0.0247  -0.0251  -0.0253  -0.0254  -0.0253  -0.0249  -0.0242  -0.0227    -0.02  -0.0154 -0.00829        0
        4|        0 -0.00431 -0.00886  -0.0128   -0.016  -0.0184  -0.0203  -0.0217  -0.0227  -0.0233  -0.0237  -0.0239  -0.0238  -0.0235  -0.0227  -0.0214  -0.0194  -0.0163  -0.0119 -0.00605        0
        3|        0 -0.00372 -0.00773  -0.0113  -0.0144  -0.0169  -0.0189  -0.0204  -0.0215  -0.0222  -0.0227  -0.0228  -0.0226   -0.022   -0.021  -0.0194  -0.0171   -0.014 -0.00984 -0.00486        0
        2|        0 -0.00341 -0.00706  -0.0104  -0.0134  -0.0159  -0.0179  -0.0195  -0.0207  -0.0215  -0.0219   -0.022  -0.0217   -0.021  -0.0198  -0.0181  -0.0157  -0.0126  -0.0087 -0.00423        0
        1|        0  -0.0034  -0.0073  -0.0108  -0.0139  -0.0163  -0.0183  -0.0198  -0.0207  -0.0213  -0.0215  -0.0213  -0.0207  -0.0197  -0.0183  -0.0164   -0.014   -0.011 -0.00751 -0.00357        0
        0|        0        0        0        0        0        0        0        0        0        0        0        0        0        0        0        0        0        0        0        0        0

G (22x12): 
         |        0        1        2        3        4        5        6        7        8        9       10       11       12       13       14       15       16       17       18       19       20       21
-------------------------------------------------------------------------------------------------------------------------------------------------------------------------------------------------------------------------
       10|        0        0        0        0        0        0        0        0        0        0        0        0        0        0        0        0        0        0        0        0        0        0
        9|  -0.0855   0.0845   0.0492   0.0289    0.018   0.0117   0.0078   0.0053  0.00363  0.00249  0.00166  0.00102 0.000413-0.000221-0.000957  -0.0021  -0.0044 -0.00965  -0.0226  -0.0549   -0.115    0.118
        8|  -0.0532   0.0526   0.0463   0.0327   0.0225   0.0155   0.0108  0.00751   0.0052  0.00352  0.00224  0.00118 0.000224-0.000799 -0.00206 -0.00386 -0.00684  -0.0127  -0.0255  -0.0537   -0.097   0.0969
        7|  -0.0372   0.0369   0.0364   0.0287   0.0215   0.0158   0.0114  0.00819  0.00574  0.00385  0.00232  0.00098-0.000328 -0.00178 -0.00361 -0.00618  -0.0101  -0.0165  -0.0274  -0.0451  -0.0625   0.0622
        6|  -0.0273   0.0271   0.0282   0.0237   0.0189   0.0145   0.0109  0.00801  0.00569  0.00379  0.00218 0.000704-0.000784 -0.00247 -0.00457  -0.0074  -0.0114  -0.0171  -0.0253  -0.0355  -0.0403   0.0402
        5|  -0.0204   0.0202   0.0217    0.019   0.0157   0.0125  0.00968  0.00725   0.0052  0.00346  0.00191 0.000448 -0.00106 -0.00275 -0.00482 -0.00746  -0.0109  -0.0155  -0.0211  -0.0268  -0.0274   0.0275
        4|  -0.0151    0.015   0.0163   0.0147   0.0125   0.0102  0.00804  0.00611  0.00441  0.00291  0.00155 0.000228 -0.00114 -0.00267 -0.00448 -0.00671 -0.00946  -0.0128  -0.0164  -0.0197  -0.0191   0.0192
        3|  -0.0108   0.0107   0.0118   0.0107  0.00929  0.00772  0.00617  0.00473  0.00342  0.00224  0.00114 6.31e-05 -0.00106 -0.00229 -0.00373 -0.00542 -0.00742 -0.00967   -0.012  -0.0139  -0.0131   0.0131
        2| -0.00706  0.00702   0.0078  0.00715  0.00624  0.00522   0.0042  0.00322  0.00232  0.00149 0.000707-6.62e-05-0.000859 -0.00173 -0.00271 -0.00384 -0.00512  -0.0065 -0.00786  -0.0089 -0.00826  0.00829
        1| -0.00366  0.00372  0.00424  0.00386  0.00335  0.00279  0.00222  0.00168  0.00118 0.000713  0.00027-0.000154-0.000593 -0.00105 -0.00157 -0.00213 -0.00275 -0.00339   -0.004 -0.00444 -0.00408  0.00407
        0|  -0.0165        0        0        0        0        0        0        0        0        0        0        0        0        0        0        0        0        0        0        0        0   0.0182

rhs (22x12): 
         |        0        1        2        3        4        5        6        7        8        9       10       11       12       13       14       15       16       17       18       19       20       21
-------------------------------------------------------------------------------------------------------------------------------------------------------------------------------------------------------------------------
       11|        0        0        0        0        0        0        0        0        0        0        0        0        0        0        0        0        0        0        0        0        0        0
       10|        0     1.05   -0.214    0.097    0.113   0.0831    0.063   0.0416   0.0332   0.0214   0.0204   0.0149     0.02   0.0123   0.0201   0.0295   0.0653    0.134    0.254    0.106    -3.78        0
        9|        0   -0.148    0.213    0.189    0.122    0.086   0.0539   0.0417   0.0249   0.0227   0.0128   0.0159   0.0103   0.0232   0.0261   0.0535    0.106    0.258    0.578    0.857   0.0511        0
        8|        0  -0.0937  -0.0267  -0.0161-0.000655 -0.00197  0.00459  -0.0004   0.0048-0.000649  0.00448-0.000911  0.00462 0.000106   0.0059   0.0018   0.0103   0.0151    0.041-0.000162  -0.0625        0
        7|        0  -0.0375  -0.0183 -0.00817 -0.00879-0.000606 -0.00419  0.00203 -0.00273  0.00283 -0.00233  0.00299 -0.00229  0.00276 -0.00306  0.00099 -0.00721 -0.00926  -0.0326  -0.0592  -0.0715        0
        6|        0  -0.0246  -0.0058 -0.00906 -0.00144 -0.00501  0.00139 -0.00319  0.00251 -0.00254  0.00286  -0.0024  0.00279 -0.00274  0.00202 -0.00436 -0.00142  -0.0115  -0.0151  -0.0291  -0.0116        0
        5|        0  -0.0132  -0.0077 -0.00141 -0.00538 0.000992 -0.00351   0.0023 -0.00266  0.00282 -0.00238  0.00293 -0.00246  0.00263 -0.00307  0.00141 -0.00539 -0.00277   -0.012  -0.0099 0.000894        0
        4|        0  -0.0133-0.000685 -0.00539 0.000741  -0.0038  0.00207 -0.00281  0.00276 -0.00237  0.00301 -0.00227  0.00294 -0.00251  0.00246 -0.00343 0.000839 -0.00605 -0.00291 -0.00971  0.00812        0
        3|        0 -0.00722 -0.00506 0.000651 -0.00405  0.00182   -0.003  0.00265 -0.00241  0.00304 -0.00217  0.00314 -0.00222  0.00295 -0.00261  0.00221 -0.00384 0.000344 -0.00632 -0.00191  0.00458        0
        2|        0  -0.0395  -0.0342  -0.0364  -0.0266  -0.0267  -0.0161  -0.0164 -0.00647 -0.00771  0.00104 -0.00143  0.00626    0.003  0.00989  0.00563   0.0113  0.00571   0.0102   0.0042   0.0185        0
        1|        0    0.122    0.128    0.131     0.12    0.116   0.0997   0.0913   0.0704    0.058   0.0336   0.0181  -0.0102  -0.0306  -0.0639  -0.0887   -0.125    -0.15   -0.182   -0.196   -0.194        0
        0|        0        0        0        0        0        0        0        0        0        0        0        0        0        0        0        0        0        0        0        0        0        0

