t: 0.556708
nCells: 20x10, dx: 0.1, dy: 0.1

u (22x12): 
         |        0        1        2        3        4        5        6        7        8        9       10       11       12       13       14       15       16       17       18       19       20
-------------------------------------------------------------------------------------------------------------------------------------------------------------------------------------------------------------------------
       11|        0     1.95     1.93     1.92     1.92     1.92     1.92     1.91     1.91     1.91     1.91     1.91     1.91     1.91     1.91     1.92     1.92     1.92     1.93     1.95        0
       10|        0   0.0474   0.0684   0.0783   0.0836   0.0867   0.0886   0.0898   0.0905    0.091   0.0911   0.0911   0.0908   0.0903   0.0894   0.0878   0.0852   0.0805   0.0711     0.05        0
        9|        0  -0.0186  -0.0194  -0.0169  -0.0144  -0.0126  -0.0113  -0.0104 -0.00989 -0.00957 -0.00945 -0.00952 -0.00978  -0.0103  -0.0111  -0.0123   -0.014  -0.0163  -0.0188  -0.0179        0
        8|        0  -0.0096  -0.0136  -0.0145  -0.0141  -0.0134  -0.0128  -0.0123   -0.012  -0.0118  -0.0117  -0.0118   -0.012  -0.0124  -0.0129  -0.0136  -0.0145  -0.0152   -0.015  -0.0113        0
        7|        0 -0.00554 -0.00918  -0.0109  -0.0116  -0.0117  -0.0116  -0.0115  -0.0113  -0.0113  -0.0112  -0.0113  -0.0114  -0.0116  -0.0118   -0.012   -0.012  -0.0116    -0.01 -0.00632        0
        6|        0 -0.00365 -0.00659 -0.00848 -0.00956  -0.0101  -0.0104  -0.0105  -0.0106  -0.0106  -0.0106  -0.0107  -0.0107  -0.0107  -0.0106  -0.0104 -0.00991 -0.00892 -0.00707 -0.00401        0
        5|        0 -0.00267 -0.00504 -0.00683 -0.00806 -0.00887 -0.00938  -0.0097 -0.00989 -0.00999    -0.01    -0.01 -0.00996 -0.00981 -0.00954 -0.00908 -0.00832 -0.00713 -0.00533 -0.00285        0
        4|        0 -0.00211  -0.0041 -0.00573 -0.00698 -0.00789 -0.00854 -0.00898 -0.00926 -0.00943 -0.00949 -0.00946 -0.00933 -0.00908 -0.00868 -0.00807 -0.00718 -0.00594 -0.00428 -0.00222        0
        3|        0 -0.00178 -0.00351 -0.00501 -0.00623 -0.00719  -0.0079 -0.00841 -0.00876 -0.00896 -0.00904 -0.00899 -0.00882 -0.00851 -0.00802 -0.00733 -0.00639 -0.00517 -0.00364 -0.00185        0
        2|        0 -0.00159 -0.00316 -0.00457 -0.00576 -0.00672 -0.00747 -0.00802  -0.0084 -0.00862  -0.0087 -0.00865 -0.00845  -0.0081 -0.00757 -0.00685 -0.00589 -0.00469 -0.00326 -0.00164        0
        1|        0  -0.0015 -0.00302 -0.00439 -0.00556 -0.00652 -0.00728 -0.00783 -0.00821 -0.00843 -0.00851 -0.00844 -0.00822 -0.00784 -0.00728 -0.00653 -0.00558 -0.00441 -0.00304 -0.00151        0
        0|        0 -0.00125 -0.00251 -0.00367 -0.00469 -0.00555 -0.00625 -0.00677 -0.00715 -0.00737 -0.00745 -0.00739 -0.00718 -0.00683 -0.00631 -0.00563 -0.00477 -0.00374 -0.00256 -0.00128        0

v (22x12): 
         |        0        1        2        3        4        5        6        7        8        9       10       11       12       13       14       15       16       17       18       19       20       21
-------------------------------------------------------------------------------------------------------------------------------------------------------------------------------------------------------------------------
       10|        0        0        0        0        0        0        0        0        0        0        0        0        0        0        0        0        0        0        0        0        0        0
        9|  -0.0457   0.0474    0.021  0.00993  0.00529  0.00307  0.00189  0.00119 0.000746 0.000433 0.000186-3.94e-05-0.000271-0.000549-0.000935 -0.00154  -0.0026 -0.00469 -0.00937  -0.0212    -0.05   0.0479
        8|  -0.0277   0.0288   0.0202   0.0125  0.00773   0.0049  0.00317  0.00206   0.0013  0.00075 0.000303-0.000103-0.000529 -0.00104 -0.00173 -0.00274 -0.00434 -0.00704  -0.0118  -0.0203  -0.0321   0.0306
        7|  -0.0184   0.0192   0.0161   0.0117   0.0081  0.00556  0.00379  0.00254  0.00164 0.000946 0.000366-0.000172-0.000738  -0.0014 -0.00227 -0.00347  -0.0052 -0.00777  -0.0115  -0.0166  -0.0208   0.0198
        6|  -0.0131   0.0137   0.0125  0.00991  0.00746  0.00544  0.00388  0.00269  0.00177  0.00102 0.000387-0.000215-0.000845 -0.00157 -0.00248 -0.00366 -0.00524 -0.00734 -0.00999  -0.0129  -0.0145   0.0138
        5| -0.00961     0.01  0.00956  0.00802  0.00637  0.00487   0.0036  0.00256  0.00171    0.001 0.000371-0.000229-0.000857 -0.00156 -0.00241 -0.00346 -0.00477 -0.00635 -0.00814 -0.00986  -0.0105     0.01
        4| -0.00705  0.00734  0.00718  0.00624  0.00514  0.00406  0.00308  0.00224  0.00152 0.000896 0.000329-0.000219-0.000786 -0.00141 -0.00214   -0.003 -0.00401 -0.00515 -0.00634 -0.00738 -0.00761  0.00729
        3| -0.00503  0.00523  0.00519  0.00461  0.00389  0.00314  0.00244   0.0018  0.00124 0.000732 0.000265-0.000188-0.000656 -0.00116 -0.00174 -0.00239 -0.00313 -0.00391 -0.00469 -0.00532 -0.00539  0.00517
        2| -0.00332  0.00345  0.00346  0.00311  0.00267  0.00219  0.00172  0.00129 0.000893 0.000529 0.000189-0.000144-0.000485-0.000852 -0.00125  -0.0017 -0.00219 -0.00269 -0.00316 -0.00353 -0.00354   0.0034
        1|  -0.0018  0.00186  0.00188   0.0017  0.00148  0.00123 0.000978 0.000738 0.000514 0.000305 0.000106-8.96e-05 -0.00029  -0.0005-0.000728-0.000973 -0.00123 -0.00149 -0.00173 -0.00191  -0.0019  0.00184
        0| -0.00712  0.00744  0.00758  0.00711  0.00643  0.00561  0.00468  0.00369  0.00267  0.00162  0.00057-0.000488 -0.00155  -0.0026 -0.00364 -0.00465  -0.0056 -0.00646 -0.00716 -0.00766 -0.00753   0.0072

p (22x12): 
         |        0        1        2        3        4        5        6        7        8        9       10       11       12       13       14       15       16       17       18       19       20       21
-------------------------------------------------------------------------------------------------------------------------------------------------------------------------------------------------------------------------
       11|   -0.158   -0.158    -0.15   -0.144    -0.14   -0.137   -0.134   -0.132   -0.129   -0.127   -0.125   -0.123   -0.121   -0.118   -0.116   -0.114   -0.111   -0.107   -0.103   -0.096  -0.0844  -0.0844
       10|   -0.158   -0.158    -0.15   -0.144    -0.14   -0.137   -0.134   -0.132   -0.129   -0.127   -0.125   -0.123   -0.121   -0.118   -0.116   -0.114   -0.111   -0.107   -0.103   -0.096  -0.0844  -0.0844
        9|   -0.149   -0.149   -0.146   -0.143    -0.14   -0.137   -0.134   -0.132   -0.129   -0.127   -0.125   -0.123   -0.121   -0.119   -0.116   -0.114   -0.111   -0.108   -0.105     -0.1  -0.0955  -0.0955
        8|   -0.144   -0.144   -0.143    -0.14   -0.138   -0.136   -0.133   -0.131   -0.129   -0.127   -0.125   -0.123   -0.121   -0.119   -0.116   -0.114   -0.112   -0.109   -0.106   -0.104   -0.101   -0.101
        7|   -0.141   -0.141    -0.14   -0.138   -0.137   -0.135   -0.133   -0.131   -0.129   -0.127   -0.125   -0.123   -0.121   -0.119   -0.117   -0.115   -0.113    -0.11   -0.108   -0.107   -0.105   -0.105
        6|   -0.138   -0.138   -0.138   -0.137   -0.135   -0.134   -0.132    -0.13   -0.128   -0.126   -0.125   -0.123   -0.121   -0.119   -0.117   -0.115   -0.113   -0.112    -0.11   -0.109   -0.108   -0.108
        5|   -0.137   -0.137   -0.136   -0.135   -0.134   -0.133   -0.131    -0.13   -0.128   -0.126   -0.125   -0.123   -0.121   -0.119   -0.118   -0.116   -0.114   -0.113   -0.111    -0.11    -0.11    -0.11
        4|   -0.135   -0.135   -0.135   -0.134   -0.133   -0.132   -0.131   -0.129   -0.128   -0.126   -0.124   -0.123   -0.121   -0.119   -0.118   -0.116   -0.115   -0.114   -0.113   -0.112   -0.111   -0.111
        3|   -0.134   -0.134   -0.134   -0.133   -0.133   -0.132    -0.13   -0.129   -0.128   -0.126   -0.124   -0.123   -0.121    -0.12   -0.118   -0.117   -0.115   -0.114   -0.113   -0.113   -0.112   -0.112
        2|   -0.134   -0.134   -0.134   -0.133   -0.132   -0.131    -0.13   -0.129   -0.127   -0.126   -0.124   -0.123   -0.121    -0.12   -0.118   -0.117   -0.116   -0.115   -0.114   -0.113   -0.113   -0.113
        1|   -0.134   -0.134   -0.133   -0.133   -0.132   -0.131    -0.13   -0.129   -0.127   -0.126   -0.124   -0.123   -0.121    -0.12   -0.118   -0.117   -0.116   -0.115   -0.114   -0.113   -0.113   -0.113
        0|   -0.132   -0.132   -0.132   -0.132   -0.131    -0.13   -0.129   -0.128   -0.127   -0.126   -0.124   -0.123   -0.122    -0.12   -0.119   -0.118   -0.117   -0.116   -0.115   -0.115   -0.115   -0.115

F (22x12): 
         |        0        1        2        3        4        5        6        7        8        9       10       11       12       13       14       15       16       17       18       19       20
-------------------------------------------------------------------------------------------------------------------------------------------------------------------------------------------------------------------------
       11|        0     1.95     1.93     1.92     1.92     1.92     1.92     1.91     1.91     1.91     1.91     1.91     1.91     1.91     1.91     1.92     1.92     1.92     1.93     1.95        0
       10|        0   0.0496   0.0697   0.0793   0.0845   0.0874   0.0892   0.0904   0.0911   0.0915   0.0917   0.0917   0.0914   0.0909     0.09   0.0885   0.0861   0.0817   0.0729    0.053        0
        9|        0  -0.0178  -0.0185   -0.016  -0.0137  -0.0119  -0.0107 -0.00986 -0.00933 -0.00902 -0.00891 -0.00897 -0.00922 -0.00969  -0.0104  -0.0116  -0.0132  -0.0154  -0.0177  -0.0166        0
        8|        0 -0.00923  -0.0131  -0.0138  -0.0135  -0.0128  -0.0122  -0.0118  -0.0115  -0.0113  -0.0112  -0.0113  -0.0115  -0.0118  -0.0123   -0.013  -0.0138  -0.0145  -0.0143  -0.0108        0
        7|        0 -0.00532 -0.00881  -0.0105  -0.0111  -0.0112  -0.0111   -0.011  -0.0108  -0.0108  -0.0107  -0.0108  -0.0109   -0.011  -0.0112  -0.0114  -0.0115   -0.011 -0.00954 -0.00602        0
        6|        0 -0.00351 -0.00632 -0.00812 -0.00915  -0.0097 -0.00996  -0.0101  -0.0101  -0.0101  -0.0102  -0.0102  -0.0102  -0.0102  -0.0101 -0.00991 -0.00945  -0.0085 -0.00674 -0.00382        0
        5|        0 -0.00256 -0.00483 -0.00654 -0.00771 -0.00848 -0.00897 -0.00927 -0.00945 -0.00955 -0.00959 -0.00957 -0.00951 -0.00936  -0.0091 -0.00866 -0.00794  -0.0068 -0.00508 -0.00272        0
        4|        0 -0.00202 -0.00393 -0.00548 -0.00668 -0.00755 -0.00816 -0.00858 -0.00885   -0.009 -0.00906 -0.00903 -0.00891 -0.00867 -0.00828  -0.0077 -0.00685 -0.00566 -0.00408 -0.00212        0
        3|        0 -0.00171 -0.00336 -0.00479 -0.00596 -0.00687 -0.00755 -0.00804 -0.00837 -0.00856 -0.00863 -0.00858 -0.00842 -0.00812 -0.00765 -0.00699  -0.0061 -0.00493 -0.00347 -0.00177        0
        2|        0 -0.00152 -0.00303 -0.00437 -0.00551 -0.00642 -0.00713 -0.00766 -0.00802 -0.00823 -0.00831 -0.00825 -0.00807 -0.00773 -0.00723 -0.00653 -0.00562 -0.00448 -0.00311 -0.00157        0
        1|        0 -0.00144 -0.00289  -0.0042 -0.00532 -0.00623 -0.00695 -0.00748 -0.00784 -0.00805 -0.00812 -0.00805 -0.00783 -0.00747 -0.00694 -0.00623 -0.00532  -0.0042  -0.0029 -0.00144        0
        0|        0        0        0        0        0        0        0        0        0        0        0        0        0        0        0        0        0        0        0        0        0

G (22x12): 
         |        0        1        2        3        4        5        6        7        8        9       10       11       12       13       14       15       16       17       18       19       20       21
-------------------------------------------------------------------------------------------------------------------------------------------------------------------------------------------------------------------------
       10|        0        0        0        0        0        0        0        0        0        0        0        0        0        0        0        0        0        0        0        0        0        0
        9|  -0.0457   0.0452   0.0201  0.00952  0.00505  0.00293   0.0018  0.00113 0.000708 0.000409 0.000174-4.17e-05-0.000264 -0.00053  -0.0009 -0.00148 -0.00249 -0.00448 -0.00891  -0.0201  -0.0472   0.0479
        8|  -0.0277   0.0274   0.0193   0.0119  0.00735  0.00466  0.00301  0.00195  0.00123 0.000706  0.00028-0.000108-0.000517 -0.00101 -0.00167 -0.00264 -0.00418 -0.00677  -0.0113  -0.0194  -0.0306   0.0306
        7|  -0.0184   0.0183   0.0154   0.0111  0.00773   0.0053  0.00361  0.00242  0.00156 0.000894  0.00034-0.000174-0.000717 -0.00136 -0.00219 -0.00334   -0.005 -0.00746  -0.0111  -0.0159  -0.0198   0.0198
        6|  -0.0131    0.013   0.0119  0.00947  0.00712  0.00519   0.0037  0.00256  0.00168 0.000971 0.000361-0.000215-0.000819 -0.00152 -0.00238 -0.00352 -0.00503 -0.00703 -0.00955  -0.0123  -0.0138   0.0138
        5| -0.00961  0.00955  0.00914  0.00767  0.00609  0.00465  0.00343  0.00244  0.00163 0.000951 0.000348-0.000227-0.000828  -0.0015 -0.00232 -0.00332 -0.00457 -0.00608 -0.00778 -0.00943 -0.00997     0.01
        4| -0.00705  0.00701  0.00687  0.00597  0.00492  0.00388  0.00295  0.00214  0.00145 0.000852 0.000309-0.000216-0.000759 -0.00136 -0.00206 -0.00288 -0.00384 -0.00494 -0.00607 -0.00706 -0.00725  0.00729
        3| -0.00503    0.005  0.00497  0.00441  0.00372  0.00301  0.00233  0.00172  0.00118 0.000698  0.00025-0.000185-0.000634 -0.00112 -0.00167  -0.0023   -0.003 -0.00375 -0.00449 -0.00509 -0.00515  0.00517
        2| -0.00332   0.0033  0.00331  0.00298  0.00256   0.0021  0.00165  0.00124 0.000855 0.000506 0.000179-0.000141-0.000469-0.000821 -0.00121 -0.00164  -0.0021 -0.00258 -0.00303 -0.00339 -0.00339   0.0034
        1|  -0.0018  0.00181  0.00183  0.00166  0.00144   0.0012 0.000955 0.000722 0.000502 0.000298 0.000103-8.85e-05-0.000284 -0.00049-0.000711-0.000948  -0.0012 -0.00145 -0.00168 -0.00185 -0.00184  0.00184
        0| -0.00712        0        0        0        0        0        0        0        0        0        0        0        0        0        0        0        0        0        0        0        0   0.0072

rhs (22x12): 
         |        0        1        2        3        4        5        6        7        8        9       10       11       12       13       14       15       16       17       18       19       20       21
-------------------------------------------------------------------------------------------------------------------------------------------------------------------------------------------------------------------------
       11|        0        0        0        0        0        0        0        0        0        0        0        0        0        0        0        0        0        0        0        0        0        0
       10|        0     1.75 -0.00723   0.0403   0.0235   0.0121  0.00718  0.00413  0.00335  0.00235  0.00278   0.0019  0.00263  0.00313  0.00526  0.00776    0.014   0.0252   0.0483   0.0563    -2.27        0
        9|        0  -0.0509   0.0738    0.044   0.0212   0.0117  0.00627  0.00448  0.00253  0.00246   0.0015  0.00279  0.00273  0.00421  0.00534  0.00956   0.0167   0.0357   0.0805    0.146   0.0231        0
        8|        0  -0.0405 -0.00851 -0.00403 -0.00106-0.000804 0.000188-0.000302 0.000395-0.000217 0.000428-0.000166 0.000479-0.000167 0.000433-0.000314-7.23e-06 -0.00165 -0.00438  -0.0146 -0.00706        0
        7|        0  -0.0169 -0.00418 -0.00194 -0.00149-0.000263-0.000593 0.000201-0.000355 0.000321  -0.0003  0.00034-0.000316 0.000273-0.000462-3.26e-05  -0.0011 -0.00139 -0.00386 -0.00571  0.00216        0
        6|        0 -0.00982 -0.00156 -0.00157-0.000421-0.000724 0.000111-0.000413 0.000286-0.000319 0.000331-0.000307 0.000313-0.000363 0.000195 -0.00059-0.000229 -0.00135 -0.00147 -0.00294  0.00467        0
        5|        0 -0.00615 -0.00137-0.000443-0.000803 3.73e-05-0.000465 0.000254-0.000335 0.000328-0.000298 0.000335-0.000316 0.000289-0.000407 0.000124-0.000689-0.000324 -0.00133 -0.00105  0.00382        0
        4|        0 -0.00502 -0.00034-0.000819-1.31e-05-0.000514 0.000221-0.000353 0.000323-0.000292 0.000354-0.000288 0.000337-0.000326 0.000264 -0.00045 6.54e-05-0.000743 -0.00032 -0.00114  0.00376        0
        3|        0 -0.00365 -0.00078-3.89e-05-0.000558 0.000181-0.000379  0.00031-0.000293 0.000363-0.000266 0.000367-0.000281 0.000334-0.000342 0.000233-0.000495 1.98e-05-0.000759-0.000233  0.00287        0
        2|        0  -0.0129 -0.00951  -0.0093 -0.00753 -0.00687  -0.0049 -0.00423 -0.00235 -0.00183-0.000134 0.000191  0.00173  0.00194  0.00335   0.0034   0.0046   0.0044  0.00534  0.00489  0.00862        0
        1|        0    0.148    0.148    0.139    0.126    0.112   0.0934   0.0751   0.0546   0.0349   0.0136 -0.00668  -0.0285  -0.0492  -0.0712  -0.0916   -0.112    -0.13   -0.146   -0.156   -0.157        0
        0|        0        0        0        0        0        0        0        0        0        0        0        0        0        0        0        0        0        0        0        0        0        0

