t: 0.480028
nCells: 20x10, dx: 0.1, dy: 0.1

u (22x12): 
         |        0        1        2        3        4        5        6        7        8        9       10       11       12       13       14       15       16       17       18       19       20
-------------------------------------------------------------------------------------------------------------------------------------------------------------------------------------------------------------------------
       11|        0  -0.0013 -0.00262 -0.00379  -0.0048 -0.00563 -0.00628 -0.00676 -0.00708 -0.00727 -0.00734 -0.00727 -0.00709 -0.00676 -0.00628 -0.00564 -0.00481 -0.00381 -0.00263 -0.00131        0
       10|        0 -0.00109 -0.00218 -0.00318 -0.00406  -0.0048  -0.0054 -0.00585 -0.00617 -0.00636 -0.00643 -0.00637 -0.00619 -0.00588 -0.00544 -0.00485 -0.00411 -0.00322 -0.00221 -0.00111        0
        9|        0-0.000924 -0.00185 -0.00272 -0.00349 -0.00414 -0.00468  -0.0051  -0.0054 -0.00558 -0.00564 -0.00558 -0.00541 -0.00512 -0.00471 -0.00418 -0.00352 -0.00275 -0.00188-0.000936        0
        8|        0-0.000794  -0.0016 -0.00235 -0.00302  -0.0036 -0.00409 -0.00447 -0.00474 -0.00491 -0.00496 -0.00491 -0.00476 -0.00449 -0.00411 -0.00363 -0.00304 -0.00237 -0.00161-0.000803        0
        7|        0-0.000691 -0.00139 -0.00205 -0.00264 -0.00317  -0.0036 -0.00395  -0.0042 -0.00435  -0.0044 -0.00435 -0.00421 -0.00396 -0.00362 -0.00318 -0.00266 -0.00206  -0.0014-0.000697        0
        6|        0 -0.00061 -0.00123 -0.00181 -0.00234 -0.00281 -0.00321 -0.00352 -0.00375 -0.00389 -0.00393 -0.00389 -0.00375 -0.00353 -0.00322 -0.00283 -0.00236 -0.00182 -0.00124-0.000615        0
        5|        0-0.000546  -0.0011 -0.00163 -0.00211 -0.00253 -0.00289 -0.00318 -0.00339 -0.00351 -0.00356 -0.00352 -0.00339 -0.00319  -0.0029 -0.00254 -0.00212 -0.00164 -0.00111 -0.00055        0
        4|        0-0.000499 -0.00101 -0.00149 -0.00193 -0.00232 -0.00265 -0.00292 -0.00311 -0.00323 -0.00327 -0.00323 -0.00311 -0.00292 -0.00266 -0.00233 -0.00193 -0.00149 -0.00101-0.000502        0
        3|        0-0.000464-0.000937 -0.00138  -0.0018 -0.00216 -0.00247 -0.00272 -0.00291 -0.00302 -0.00306 -0.00302 -0.00291 -0.00273 -0.00248 -0.00217  -0.0018 -0.00139-0.000941-0.000466        0
        2|        0-0.000442-0.000892 -0.00132 -0.00171 -0.00206 -0.00236  -0.0026 -0.00277 -0.00288 -0.00292 -0.00288 -0.00278  -0.0026 -0.00236 -0.00207 -0.00172 -0.00132-0.000895-0.000444        0
        1|        0-0.000413-0.000834 -0.00123  -0.0016 -0.00193 -0.00221 -0.00243  -0.0026  -0.0027 -0.00273  -0.0027  -0.0026 -0.00244 -0.00221 -0.00193 -0.00161 -0.00124-0.000837-0.000414        0
        0|        0 0.000393 0.000792  0.00117  0.00152  0.00183   0.0021  0.00231  0.00246  0.00256  0.00259  0.00256  0.00247  0.00231   0.0021  0.00183  0.00152  0.00117 0.000795 0.000394        0

v (22x12): 
         |        0        1        2        3        4        5        6        7        8        9       10       11       12       13       14       15       16       17       18       19       20       21
-------------------------------------------------------------------------------------------------------------------------------------------------------------------------------------------------------------------------
       10| -0.00615  0.00647  0.00655  0.00614  0.00555  0.00483  0.00403  0.00318  0.00229  0.00139 0.000481 -0.00043 -0.00134 -0.00225 -0.00314 -0.00401 -0.00483 -0.00556 -0.00617  -0.0066 -0.00653  0.00619
        9| -0.00511  0.00539  0.00546  0.00513  0.00467  0.00409  0.00344  0.00272  0.00197   0.0012 0.000414-0.000374 -0.00116 -0.00194  -0.0027 -0.00342 -0.00409 -0.00468 -0.00516 -0.00549 -0.00543  0.00515
        8| -0.00424  0.00446  0.00453  0.00427   0.0039  0.00343   0.0029   0.0023  0.00167  0.00102 0.000352-0.000322-0.000991 -0.00165 -0.00229 -0.00289 -0.00343 -0.00391 -0.00429 -0.00455 -0.00449  0.00426
        7| -0.00348  0.00367  0.00373  0.00352  0.00323  0.00285  0.00241  0.00192   0.0014 0.000855 0.000294-0.000271-0.000834 -0.00138 -0.00191  -0.0024 -0.00285 -0.00323 -0.00353 -0.00374 -0.00369   0.0035
        6| -0.00283  0.00298  0.00303  0.00286  0.00263  0.00233  0.00197  0.00158  0.00115 0.000703 0.000242-0.000225-0.000687 -0.00114 -0.00157 -0.00197 -0.00233 -0.00263 -0.00287 -0.00304 -0.00299  0.00284
        5| -0.00225  0.00237  0.00241  0.00228   0.0021  0.00186  0.00158  0.00127 0.000924 0.000565 0.000194-0.000181-0.000553-0.000914 -0.00126 -0.00158 -0.00186  -0.0021 -0.00229 -0.00241 -0.00237  0.00225
        4| -0.00173  0.00182  0.00185  0.00176  0.00162  0.00143  0.00122 0.000979 0.000716 0.000437  0.00015-0.000141-0.000429-0.000708-0.000973 -0.00122 -0.00143 -0.00162 -0.00176 -0.00186 -0.00182  0.00173
        3| -0.00125  0.00132  0.00134  0.00128  0.00117  0.00104 0.000889 0.000713 0.000521 0.000319 0.000109-0.000103-0.000313-0.000516-0.000709-0.000886 -0.00104 -0.00117 -0.00128 -0.00135 -0.00132  0.00126
        2|-0.000813 0.000855 0.000871 0.000827 0.000762 0.000677 0.000577 0.000463 0.000339 0.000207 7.12e-05-6.71e-05-0.000203-0.000336-0.000461-0.000576-0.000677-0.000762-0.000828-0.000873-0.000857 0.000814
        1|-0.000393 0.000414 0.000421   0.0004 0.000368 0.000328 0.000279 0.000225 0.000164 0.000101 3.43e-05-3.21e-05-9.86e-05-0.000162-0.000223-0.000278-0.000328-0.000368  -0.0004-0.000422-0.000414 0.000394
        0|        0        0        0        0        0        0        0        0        0        0        0        0        0        0        0        0        0        0        0        0        0        0

p (22x12): 
         |        0        1        2        3        4        5        6        7        8        9       10       11       12       13       14       15       16       17       18       19       20       21
-------------------------------------------------------------------------------------------------------------------------------------------------------------------------------------------------------------------------
       11|  -0.0847  -0.0847  -0.0845   -0.084  -0.0832  -0.0822   -0.081  -0.0797  -0.0783  -0.0768  -0.0753  -0.0738  -0.0722  -0.0707  -0.0693  -0.0679  -0.0667  -0.0657  -0.0649  -0.0643   -0.064   -0.064
       10|  -0.0833  -0.0833  -0.0831  -0.0826   -0.082  -0.0811  -0.0802   -0.079  -0.0778  -0.0765  -0.0752  -0.0738  -0.0725  -0.0712    -0.07  -0.0688  -0.0678  -0.0669  -0.0662  -0.0658  -0.0656  -0.0656
        9|  -0.0821  -0.0821  -0.0819  -0.0816   -0.081  -0.0803  -0.0794  -0.0784  -0.0774  -0.0763  -0.0751  -0.0739  -0.0727  -0.0716  -0.0705  -0.0695  -0.0686  -0.0679  -0.0673  -0.0669  -0.0668  -0.0668
        8|  -0.0811  -0.0811   -0.081  -0.0807  -0.0802  -0.0796  -0.0788   -0.078   -0.077   -0.076   -0.075   -0.074  -0.0729  -0.0719   -0.071  -0.0701  -0.0694  -0.0687  -0.0682  -0.0679  -0.0677  -0.0677
        7|  -0.0803  -0.0803  -0.0802  -0.0799  -0.0795   -0.079  -0.0783  -0.0775  -0.0767  -0.0759  -0.0749   -0.074  -0.0731  -0.0722  -0.0714  -0.0706    -0.07  -0.0694   -0.069  -0.0687  -0.0685  -0.0685
        6|  -0.0797  -0.0797  -0.0796  -0.0793  -0.0789  -0.0785  -0.0779  -0.0772  -0.0765  -0.0757  -0.0749  -0.0741  -0.0732  -0.0725  -0.0717   -0.071  -0.0705    -0.07  -0.0696  -0.0693  -0.0692  -0.0692
        5|  -0.0792  -0.0792  -0.0791  -0.0788  -0.0785  -0.0781  -0.0775  -0.0769  -0.0763  -0.0756  -0.0748  -0.0741  -0.0734  -0.0726   -0.072  -0.0714  -0.0708  -0.0704  -0.0701  -0.0698  -0.0697  -0.0697
        4|  -0.0788  -0.0788  -0.0787  -0.0785  -0.0782  -0.0778  -0.0773  -0.0767  -0.0761  -0.0755  -0.0748  -0.0741  -0.0734  -0.0728  -0.0722  -0.0716  -0.0711  -0.0707  -0.0704  -0.0702  -0.0701  -0.0701
        3|  -0.0785  -0.0785  -0.0784  -0.0782  -0.0779  -0.0776  -0.0771  -0.0766   -0.076  -0.0754  -0.0748  -0.0741  -0.0735  -0.0729  -0.0723  -0.0718  -0.0714   -0.071  -0.0707  -0.0705  -0.0704  -0.0704
        2|  -0.0783  -0.0783  -0.0782   -0.078  -0.0778  -0.0774   -0.077  -0.0765  -0.0759  -0.0754  -0.0748  -0.0742  -0.0736   -0.073  -0.0724  -0.0719  -0.0715  -0.0711  -0.0709  -0.0707  -0.0706  -0.0706
        1|  -0.0782  -0.0782  -0.0781   -0.078  -0.0777  -0.0773  -0.0769  -0.0764  -0.0759  -0.0753  -0.0748  -0.0742  -0.0736   -0.073  -0.0725   -0.072  -0.0716  -0.0712  -0.0709  -0.0708  -0.0707  -0.0707
        0|  -0.0782  -0.0782  -0.0781   -0.078  -0.0777  -0.0773  -0.0769  -0.0764  -0.0759  -0.0753  -0.0748  -0.0742  -0.0736   -0.073  -0.0725   -0.072  -0.0716  -0.0712  -0.0709  -0.0708  -0.0707  -0.0707

F (22x12): 
         |        0        1        2        3        4        5        6        7        8        9       10       11       12       13       14       15       16       17       18       19       20
-------------------------------------------------------------------------------------------------------------------------------------------------------------------------------------------------------------------------
       11|        0        0        0        0        0        0        0        0        0        0        0        0        0        0        0        0        0        0        0        0        0
       10|        0 -0.00103 -0.00207 -0.00302 -0.00385 -0.00455 -0.00511 -0.00554 -0.00584 -0.00602 -0.00608 -0.00603 -0.00586 -0.00557 -0.00514 -0.00459 -0.00389 -0.00305 -0.00209 -0.00105        0
        9|        0-0.000877 -0.00176 -0.00257  -0.0033 -0.00392 -0.00443 -0.00483 -0.00511 -0.00528 -0.00534 -0.00529 -0.00512 -0.00485 -0.00446 -0.00395 -0.00333  -0.0026 -0.00178-0.000888        0
        8|        0-0.000754 -0.00151 -0.00222 -0.00286 -0.00341 -0.00387 -0.00423 -0.00449 -0.00465  -0.0047 -0.00465  -0.0045 -0.00425 -0.00389 -0.00344 -0.00288 -0.00224 -0.00153-0.000761        0
        7|        0-0.000656 -0.00132 -0.00194 -0.00251   -0.003 -0.00341 -0.00374 -0.00397 -0.00411 -0.00416 -0.00412 -0.00398 -0.00375 -0.00343 -0.00301 -0.00252 -0.00195 -0.00133-0.000661        0
        6|        0-0.000579 -0.00116 -0.00172 -0.00222 -0.00266 -0.00304 -0.00333 -0.00355 -0.00368 -0.00372 -0.00368 -0.00355 -0.00334 -0.00305 -0.00268 -0.00223 -0.00173 -0.00117-0.000583        0
        5|        0-0.000519 -0.00104 -0.00154   -0.002  -0.0024 -0.00274 -0.00301 -0.00321 -0.00333 -0.00337 -0.00333 -0.00321 -0.00302 -0.00275 -0.00241   -0.002 -0.00155 -0.00105-0.000522        0
        4|        0-0.000474-0.000953 -0.00141 -0.00183  -0.0022 -0.00251 -0.00276 -0.00294 -0.00306 -0.00309 -0.00306 -0.00295 -0.00277 -0.00252  -0.0022 -0.00183 -0.00141-0.000957-0.000476        0
        3|        0-0.000441-0.000888 -0.00131  -0.0017 -0.00205 -0.00234 -0.00258 -0.00275 -0.00286 -0.00289 -0.00286 -0.00275 -0.00258 -0.00235 -0.00205 -0.00171 -0.00132-0.000891-0.000442        0
        2|        0 -0.00042-0.000845 -0.00125 -0.00162 -0.00195 -0.00223 -0.00246 -0.00262 -0.00273 -0.00276 -0.00273 -0.00263 -0.00246 -0.00224 -0.00196 -0.00163 -0.00125-0.000848-0.000421        0
        1|        0-0.000391-0.000788 -0.00117 -0.00151 -0.00182 -0.00209  -0.0023 -0.00245 -0.00255 -0.00258 -0.00255 -0.00245  -0.0023 -0.00209 -0.00183 -0.00152 -0.00117-0.000791-0.000392        0
        0|        0 0.000393 0.000792  0.00117  0.00152  0.00183   0.0021  0.00231  0.00246  0.00256  0.00259  0.00256  0.00247  0.00231   0.0021  0.00183  0.00152  0.00117 0.000795 0.000394        0

G (22x12): 
         |        0        1        2        3        4        5        6        7        8        9       10       11       12       13       14       15       16       17       18       19       20       21
-------------------------------------------------------------------------------------------------------------------------------------------------------------------------------------------------------------------------
       10| -0.00615  0.00611  0.00619   0.0058  0.00524  0.00456   0.0038    0.003  0.00216  0.00131  0.00045 -0.00041 -0.00127 -0.00212 -0.00297 -0.00379 -0.00456 -0.00525 -0.00582 -0.00622 -0.00614  0.00619
        9| -0.00511  0.00509  0.00517  0.00486  0.00442  0.00387  0.00325  0.00257  0.00186  0.00113 0.000389-0.000357  -0.0011 -0.00184 -0.00256 -0.00324 -0.00387 -0.00443 -0.00488  -0.0052 -0.00512  0.00515
        8| -0.00424  0.00421  0.00429  0.00404  0.00369  0.00325  0.00274  0.00218  0.00158 0.000962  0.00033-0.000307 -0.00094 -0.00156 -0.00217 -0.00273 -0.00325  -0.0037 -0.00406 -0.00431 -0.00424  0.00426
        7| -0.00348  0.00346  0.00353  0.00333  0.00305   0.0027  0.00228  0.00182  0.00132 0.000807 0.000276-0.000258 -0.00079 -0.00131 -0.00181 -0.00228  -0.0027 -0.00306 -0.00335 -0.00354 -0.00348   0.0035
        6| -0.00283  0.00281  0.00286  0.00271  0.00249   0.0022  0.00187  0.00149  0.00109 0.000664 0.000227-0.000214-0.000652 -0.00108 -0.00149 -0.00186  -0.0022 -0.00249 -0.00272 -0.00287 -0.00282  0.00284
        5| -0.00225  0.00223  0.00228  0.00216  0.00198  0.00176   0.0015   0.0012 0.000874 0.000534 0.000182-0.000172-0.000524-0.000866 -0.00119 -0.00149 -0.00176 -0.00199 -0.00217 -0.00229 -0.00224  0.00225
        4| -0.00173  0.00172  0.00175  0.00166  0.00153  0.00136  0.00116 0.000926 0.000677 0.000413 0.000141-0.000134-0.000406-0.000671-0.000922 -0.00115 -0.00136 -0.00153 -0.00167 -0.00176 -0.00172  0.00173
        3| -0.00125  0.00125  0.00127  0.00121  0.00111 0.000988 0.000841 0.000675 0.000493 0.000302 0.000103-9.77e-05-0.000297-0.000489-0.000672-0.000839-0.000988 -0.00111 -0.00121 -0.00128 -0.00125  0.00126
        2|-0.000813 0.000809 0.000825 0.000783 0.000722 0.000642 0.000547 0.000439 0.000321 0.000196 6.72e-05-6.38e-05-0.000193-0.000319-0.000437-0.000546-0.000641-0.000722-0.000785-0.000827 -0.00081 0.000814
        1|-0.000393 0.000391 0.000399 0.000379 0.000349 0.000311 0.000265 0.000213 0.000156 9.53e-05 3.24e-05-3.06e-05-9.37e-05-0.000154-0.000212-0.000264-0.000311-0.000349 -0.00038  -0.0004-0.000392 0.000394
        0|        0        0        0        0        0        0        0        0        0        0        0        0        0        0        0        0        0        0        0        0        0        0

rhs (22x12): 
         |        0        1        2        3        4        5        6        7        8        9       10       11       12       13       14       15       16       17       18       19       20       21
-------------------------------------------------------------------------------------------------------------------------------------------------------------------------------------------------------------------------
       11|        0        0        0        0        0        0        0        0        0        0        0        0        0        0        0        0        0        0        0        0        0        0
       10|        0 -0.00571 -0.00331 -0.00368  -0.0031 -0.00332 -0.00255 -0.00257  -0.0016 -0.00142-0.000257 0.000104  0.00149  0.00212  0.00376  0.00461  0.00639  0.00726  0.00886  0.00929   0.0117        0
        9|        0 -0.00164-0.000321 0.000128-0.000305  0.00015-0.000283 0.000171-0.000266 0.000183-0.000258 0.000178 -0.00027 0.000168-0.000285 0.000147-0.000309 0.000121-0.000334 0.000108  0.00158        0
        8|        0 -0.00169 0.000164-0.000276 0.000175 -0.00026 0.000192-0.000244 0.000206-0.000234 0.000212-0.000238 0.000203-0.000246 0.000191-0.000261 0.000173 -0.00028 0.000155-0.000291  0.00169        0
        7|        0 -0.00113-0.000253 0.000195-0.000243 0.000209-0.000228 0.000222-0.000217 0.000231-0.000211 0.000228-0.000219 0.000221-0.000229 0.000208-0.000243 0.000193-0.000258 0.000185  0.00119        0
        6|        0 -0.00129 0.000211 -0.00023  0.00022-0.000218 0.000233-0.000206 0.000243-0.000198 0.000248  -0.0002 0.000242-0.000206 0.000233-0.000217  0.00022 -0.00023 0.000208-0.000238  0.00138        0
        5|        0-0.000818 -0.00022 0.000228-0.000211 0.000239-0.000199  0.00025-0.000189 0.000258-0.000185 0.000257-0.000189 0.000251-0.000198 0.000241 -0.00021 0.000228-0.000221 0.000221  0.00094        0
        4|        0 -0.00105 0.000234-0.000207 0.000242-0.000197 0.000253-0.000185 0.000263-0.000178 0.000268-0.000178 0.000264-0.000184 0.000256-0.000194 0.000244-0.000206 0.000234-0.000213  0.00119        0
        3|        0-0.000645-0.000205 0.000243-0.000196 0.000253-0.000185 0.000264-0.000175 0.000272-0.000171 0.000272-0.000174 0.000267-0.000182 0.000257-0.000194 0.000245-0.000204 0.000238 0.000796        0
        2|        0-0.000932 0.000244-0.000197 0.000252-0.000187 0.000263-0.000177 0.000272 -0.00017 0.000276-0.000169 0.000274-0.000174 0.000266-0.000184 0.000255-0.000195 0.000245-0.000202  0.00109        0
        1|        0 0.000249 0.000717  0.00101 0.000624 0.000885 0.000464 0.000697 0.000253 0.000468 1.01e-05 0.000216-0.000245-3.61e-05-0.000489-0.000266-0.000698-0.000448-0.000847-0.000557 2.57e-05        0
        0|        0        0        0        0        0        0        0        0        0        0        0        0        0        0        0        0        0        0        0        0        0        0

