t: 1.25461
nCells: 20x10, dx: 0.1, dy: 0.1

u (22x12): 
         |        0        1        2        3        4        5        6        7        8        9       10       11       12       13       14       15       16       17       18       19       20
-------------------------------------------------------------------------------------------------------------------------------------------------------------------------------------------------------------------------
       11|        0 -0.00299 -0.00632 -0.00932  -0.0119   -0.014  -0.0157  -0.0169  -0.0178  -0.0183  -0.0184  -0.0183  -0.0178   -0.017  -0.0158  -0.0142  -0.0121 -0.00951 -0.00649 -0.00312        0
       10|        0 -0.00241 -0.00507 -0.00755 -0.00975  -0.0116  -0.0132  -0.0144  -0.0153  -0.0159  -0.0161  -0.0161  -0.0157   -0.015  -0.0139  -0.0125  -0.0106 -0.00829 -0.00565 -0.00278        0
        9|        0 -0.00207 -0.00434 -0.00647  -0.0084  -0.0101  -0.0115  -0.0126  -0.0134  -0.0139  -0.0141  -0.0141  -0.0137   -0.013   -0.012  -0.0107 -0.00902 -0.00702 -0.00476 -0.00231        0
        8|        0  -0.0018 -0.00376 -0.00562  -0.0073 -0.00879    -0.01   -0.011  -0.0118  -0.0122  -0.0124  -0.0124   -0.012  -0.0114  -0.0105 -0.00925 -0.00776 -0.00601 -0.00405 -0.00196        0
        7|        0 -0.00157 -0.00329 -0.00492 -0.00642 -0.00774 -0.00886 -0.00975  -0.0104  -0.0108   -0.011  -0.0109  -0.0106    -0.01 -0.00917 -0.00808 -0.00675 -0.00521  -0.0035 -0.00168        0
        6|        0  -0.0014 -0.00292 -0.00437 -0.00571 -0.00689  -0.0079 -0.00871 -0.00931 -0.00969 -0.00984 -0.00977 -0.00945 -0.00891 -0.00813 -0.00714 -0.00595 -0.00458 -0.00307 -0.00147        0
        5|        0 -0.00125 -0.00263 -0.00394 -0.00515 -0.00622 -0.00714 -0.00787 -0.00842 -0.00877 -0.00891 -0.00882 -0.00853 -0.00802 -0.00732 -0.00641 -0.00533 -0.00409 -0.00274 -0.00131        0
        4|        0 -0.00115 -0.00241 -0.00361 -0.00472 -0.00571 -0.00655 -0.00723 -0.00774 -0.00806 -0.00818  -0.0081 -0.00782 -0.00735 -0.00669 -0.00585 -0.00485 -0.00373 -0.00249 -0.00119        0
        3|        0 -0.00107 -0.00225 -0.00337 -0.00441 -0.00533 -0.00613 -0.00677 -0.00724 -0.00754 -0.00765 -0.00757 -0.00731 -0.00686 -0.00624 -0.00545 -0.00452 -0.00346 -0.00232 -0.00111        0
        2|        0 -0.00102 -0.00214 -0.00321 -0.00419 -0.00508 -0.00583 -0.00644 -0.00689 -0.00718 -0.00728 -0.00721 -0.00695 -0.00652 -0.00592 -0.00518 -0.00429 -0.00329 -0.00219 -0.00105        0
        1|        0-0.000883 -0.00186 -0.00279 -0.00366 -0.00442 -0.00509 -0.00562 -0.00602 -0.00626 -0.00636 -0.00629 -0.00607 -0.00569 -0.00517 -0.00451 -0.00374 -0.00286 -0.00191 -0.00091        0
        0|        0 0.000871  0.00183  0.00275   0.0036  0.00435  0.00501  0.00553  0.00592  0.00616  0.00625  0.00619  0.00597   0.0056  0.00509  0.00444  0.00368  0.00282  0.00188 0.000897        0

v (22x12): 
         |        0        1        2        3        4        5        6        7        8        9       10       11       12       13       14       15       16       17       18       19       20       21
-------------------------------------------------------------------------------------------------------------------------------------------------------------------------------------------------------------------------
       10|  -0.0144   0.0147   0.0161   0.0152   0.0139   0.0122   0.0103  0.00825   0.0061  0.00387  0.00161-0.000699 -0.00303 -0.00538 -0.00772    -0.01  -0.0122  -0.0142  -0.0158  -0.0169  -0.0157   0.0155
        9|  -0.0121   0.0122   0.0134   0.0127   0.0117   0.0103  0.00875  0.00704   0.0052   0.0033  0.00134-0.000649 -0.00266 -0.00467 -0.00665 -0.00856  -0.0103  -0.0119  -0.0132   -0.014   -0.013   0.0127
        8|    -0.01   0.0102   0.0111   0.0106  0.00973  0.00864  0.00736  0.00593  0.00439  0.00277  0.00111-0.000591  -0.0023 -0.00399 -0.00565 -0.00722 -0.00867 -0.00993  -0.0109  -0.0116  -0.0107   0.0105
        7| -0.00824  0.00837  0.00916  0.00873  0.00804  0.00716   0.0061  0.00493  0.00365   0.0023 0.000904-0.000518 -0.00195 -0.00336 -0.00473 -0.00601 -0.00718 -0.00819 -0.00899 -0.00949 -0.00871  0.00856
        6| -0.00669  0.00679  0.00744  0.00709  0.00655  0.00583  0.00499  0.00403  0.00299  0.00188  0.00073-0.000445 -0.00162 -0.00277 -0.00388 -0.00492 -0.00585 -0.00665 -0.00728 -0.00767 -0.00703  0.00691
        5| -0.00531   0.0054  0.00591  0.00564  0.00521  0.00465  0.00398  0.00322  0.00238   0.0015 0.000573-0.000365 -0.00131 -0.00223 -0.00311 -0.00393 -0.00466 -0.00528 -0.00577 -0.00607 -0.00556  0.00547
        4| -0.00407  0.00414  0.00454  0.00433    0.004  0.00357  0.00306  0.00247  0.00184  0.00115 0.000439 -0.00029 -0.00101 -0.00172  -0.0024 -0.00303 -0.00358 -0.00405 -0.00442 -0.00465 -0.00425  0.00418
        3| -0.00294  0.00299  0.00327  0.00313  0.00289  0.00259  0.00221  0.00179  0.00133 0.000832 0.000313-0.000211-0.000739 -0.00125 -0.00174 -0.00219 -0.00259 -0.00292 -0.00319 -0.00335 -0.00306  0.00301
        2| -0.00188  0.00191   0.0021    0.002  0.00186  0.00166  0.00142  0.00115 0.000853 0.000532 0.000203-0.000138-0.000473-0.000804 -0.00111  -0.0014 -0.00166 -0.00187 -0.00204 -0.00214 -0.00195  0.00192
        1|-0.000877 0.000889 0.000976 0.000936 0.000864 0.000775 0.000662 0.000539 0.000397 0.000251 9.38e-05-6.14e-05-0.000222-0.000372-0.000521-0.000653-0.000774-0.000871-0.000951-0.000996-0.000909 0.000896
        0|        0        0        0        0        0        0        0        0        0        0        0        0        0        0        0        0        0        0        0        0        0        0

p (22x12): 
         |        0        1        2        3        4        5        6        7        8        9       10       11       12       13       14       15       16       17       18       19       20       21
-------------------------------------------------------------------------------------------------------------------------------------------------------------------------------------------------------------------------
       11|    -1.62    -1.62    -1.62    -1.62    -1.62    -1.62    -1.62    -1.62    -1.62    -1.62    -1.61    -1.61    -1.61    -1.61    -1.61    -1.61    -1.61    -1.61     -1.6     -1.6     -1.6     -1.6
       10|    -1.62    -1.62    -1.62    -1.62    -1.62    -1.62    -1.62    -1.62    -1.62    -1.62    -1.61    -1.61    -1.61    -1.61    -1.61    -1.61    -1.61    -1.61    -1.61    -1.61    -1.61    -1.61
        9|    -1.62    -1.62    -1.62    -1.62    -1.62    -1.62    -1.62    -1.62    -1.62    -1.61    -1.61    -1.61    -1.61    -1.61    -1.61    -1.61    -1.61    -1.61    -1.61    -1.61    -1.61    -1.61
        8|    -1.62    -1.62    -1.62    -1.62    -1.62    -1.62    -1.62    -1.62    -1.62    -1.61    -1.61    -1.61    -1.61    -1.61    -1.61    -1.61    -1.61    -1.61    -1.61    -1.61    -1.61    -1.61
        7|    -1.62    -1.62    -1.62    -1.62    -1.62    -1.62    -1.62    -1.62    -1.62    -1.61    -1.61    -1.61    -1.61    -1.61    -1.61    -1.61    -1.61    -1.61    -1.61    -1.61    -1.61    -1.61
        6|    -1.62    -1.62    -1.62    -1.62    -1.62    -1.62    -1.62    -1.62    -1.61    -1.61    -1.61    -1.61    -1.61    -1.61    -1.61    -1.61    -1.61    -1.61    -1.61    -1.61    -1.61    -1.61
        5|    -1.62    -1.62    -1.62    -1.62    -1.62    -1.62    -1.62    -1.62    -1.61    -1.61    -1.61    -1.61    -1.61    -1.61    -1.61    -1.61    -1.61    -1.61    -1.61    -1.61    -1.61    -1.61
        4|    -1.62    -1.62    -1.62    -1.62    -1.62    -1.62    -1.62    -1.61    -1.61    -1.61    -1.61    -1.61    -1.61    -1.61    -1.61    -1.61    -1.61    -1.61    -1.61    -1.61    -1.61    -1.61
        3|    -1.62    -1.62    -1.62    -1.62    -1.62    -1.62    -1.62    -1.61    -1.61    -1.61    -1.61    -1.61    -1.61    -1.61    -1.61    -1.61    -1.61    -1.61    -1.61    -1.61    -1.61    -1.61
        2|    -1.62    -1.62    -1.62    -1.62    -1.62    -1.62    -1.62    -1.61    -1.61    -1.61    -1.61    -1.61    -1.61    -1.61    -1.61    -1.61    -1.61    -1.61    -1.61    -1.61    -1.61    -1.61
        1|    -1.62    -1.62    -1.62    -1.62    -1.62    -1.62    -1.62    -1.61    -1.61    -1.61    -1.61    -1.61    -1.61    -1.61    -1.61    -1.61    -1.61    -1.61    -1.61    -1.61    -1.61    -1.61
        0|    -1.62    -1.62    -1.62    -1.62    -1.62    -1.62    -1.62    -1.61    -1.61    -1.61    -1.61    -1.61    -1.61    -1.61    -1.61    -1.61    -1.61    -1.61    -1.61    -1.61    -1.61    -1.61

F (22x12): 
         |        0        1        2        3        4        5        6        7        8        9       10       11       12       13       14       15       16       17       18       19       20
-------------------------------------------------------------------------------------------------------------------------------------------------------------------------------------------------------------------------
       11|        0        0        0        0        0        0        0        0        0        0        0        0        0        0        0        0        0        0        0        0        0
       10|        0 -0.00238 -0.00499 -0.00743 -0.00959  -0.0114   -0.013  -0.0141   -0.015  -0.0156  -0.0158  -0.0158  -0.0154  -0.0147  -0.0136  -0.0122  -0.0104 -0.00812 -0.00554 -0.00273        0
        9|        0 -0.00204 -0.00427 -0.00637 -0.00826 -0.00989  -0.0113  -0.0123  -0.0131  -0.0136  -0.0139  -0.0138  -0.0134  -0.0128  -0.0118  -0.0105 -0.00884 -0.00688 -0.00467 -0.00227        0
        8|        0 -0.00177  -0.0037 -0.00552 -0.00718 -0.00863 -0.00985  -0.0108  -0.0116   -0.012  -0.0122  -0.0121  -0.0118  -0.0112  -0.0103 -0.00907  -0.0076  -0.0059 -0.00398 -0.00192        0
        7|        0 -0.00155 -0.00324 -0.00484 -0.00631  -0.0076  -0.0087 -0.00958  -0.0102  -0.0106  -0.0108  -0.0107  -0.0104 -0.00982 -0.00899 -0.00792 -0.00662 -0.00511 -0.00344 -0.00165        0
        6|        0 -0.00138 -0.00287  -0.0043 -0.00561 -0.00677 -0.00775 -0.00855 -0.00914 -0.00951 -0.00966 -0.00958 -0.00927 -0.00874 -0.00798 -0.00701 -0.00583  -0.0045 -0.00301 -0.00145        0
        5|        0 -0.00124 -0.00259 -0.00387 -0.00506 -0.00611 -0.00701 -0.00773 -0.00827  -0.0086 -0.00874 -0.00866 -0.00837 -0.00787 -0.00717 -0.00628 -0.00523 -0.00402 -0.00269 -0.00129        0
        4|        0 -0.00113 -0.00237 -0.00355 -0.00463 -0.00561 -0.00643  -0.0071  -0.0076 -0.00791 -0.00802 -0.00795 -0.00767 -0.00721 -0.00656 -0.00574 -0.00476 -0.00366 -0.00245 -0.00117        0
        3|        0 -0.00106 -0.00221 -0.00331 -0.00433 -0.00524 -0.00602 -0.00664 -0.00711  -0.0074 -0.00751 -0.00743 -0.00717 -0.00673 -0.00612 -0.00534 -0.00443  -0.0034 -0.00227 -0.00109        0
        2|        0 -0.00101  -0.0021 -0.00315 -0.00412 -0.00499 -0.00572 -0.00633 -0.00677 -0.00704 -0.00714 -0.00707 -0.00682  -0.0064 -0.00581 -0.00508  -0.0042 -0.00322 -0.00215 -0.00103        0
        1|        0-0.000868 -0.00182 -0.00274 -0.00358 -0.00433 -0.00498  -0.0055 -0.00589 -0.00613 -0.00622 -0.00616 -0.00594 -0.00557 -0.00506 -0.00442 -0.00366  -0.0028 -0.00187-0.000893        0
        0|        0 0.000871  0.00183  0.00275   0.0036  0.00435  0.00501  0.00553  0.00592  0.00616  0.00625  0.00619  0.00597   0.0056  0.00509  0.00444  0.00368  0.00282  0.00188 0.000897        0

G (22x12): 
         |        0        1        2        3        4        5        6        7        8        9       10       11       12       13       14       15       16       17       18       19       20       21
-------------------------------------------------------------------------------------------------------------------------------------------------------------------------------------------------------------------------
       10|  -0.0144   0.0144   0.0158   0.0149   0.0136   0.0119   0.0101  0.00806  0.00595  0.00376  0.00154-0.000712 -0.00299 -0.00528 -0.00756 -0.00981  -0.0119  -0.0139  -0.0154  -0.0165  -0.0153   0.0155
        9|  -0.0121    0.012   0.0131   0.0125   0.0114   0.0101  0.00857  0.00689  0.00509  0.00322  0.00129-0.000658 -0.00263  -0.0046 -0.00654 -0.00841  -0.0102  -0.0117   -0.013  -0.0138  -0.0127   0.0127
        8|    -0.01  0.00996   0.0109   0.0104  0.00954  0.00847  0.00721   0.0058  0.00429  0.00271  0.00107-0.000596 -0.00227 -0.00393 -0.00555 -0.00709 -0.00851 -0.00975  -0.0107  -0.0114  -0.0104   0.0105
        7| -0.00824   0.0082  0.00899  0.00857  0.00789  0.00702  0.00598  0.00483  0.00357  0.00225 0.000875 -0.00052 -0.00192  -0.0033 -0.00464  -0.0059 -0.00705 -0.00803 -0.00882 -0.00931 -0.00852  0.00856
        6| -0.00669  0.00665   0.0073  0.00696  0.00642  0.00572  0.00489  0.00395  0.00292  0.00183 0.000707-0.000445 -0.00159 -0.00273 -0.00381 -0.00483 -0.00574 -0.00653 -0.00714 -0.00753 -0.00688  0.00691
        5| -0.00531  0.00529   0.0058  0.00554  0.00511  0.00456   0.0039  0.00315  0.00233  0.00146 0.000556-0.000364 -0.00129 -0.00219 -0.00306 -0.00386 -0.00458 -0.00519 -0.00566 -0.00596 -0.00544  0.00547
        4| -0.00407  0.00405  0.00445  0.00425  0.00393  0.00351    0.003  0.00243   0.0018  0.00112 0.000426-0.000289-0.000997 -0.00169 -0.00236 -0.00297 -0.00352 -0.00398 -0.00434 -0.00456 -0.00416  0.00418
        3| -0.00294  0.00293  0.00321  0.00307  0.00284  0.00254  0.00217  0.00176   0.0013 0.000814 0.000305 -0.00021-0.000728 -0.00123 -0.00171 -0.00215 -0.00254 -0.00287 -0.00313 -0.00328   -0.003  0.00301
        2| -0.00188  0.00187  0.00206  0.00197  0.00182  0.00163   0.0014  0.00113 0.000836 0.000521 0.000197-0.000137-0.000466-0.000791  -0.0011 -0.00138 -0.00163 -0.00184   -0.002  -0.0021 -0.00191  0.00192
        1|-0.000877 0.000873  0.00096 0.000921 0.000849 0.000762 0.000651 0.000529  0.00039 0.000246 9.14e-05-6.13e-05-0.000219-0.000367-0.000513-0.000642-0.000762-0.000857-0.000935-0.000979-0.000892 0.000896
        0|        0        0        0        0        0        0        0        0        0        0        0        0        0        0        0        0        0        0        0        0        0        0

rhs (22x12): 
         |        0        1        2        3        4        5        6        7        8        9       10       11       12       13       14       15       16       17       18       19       20       21
-------------------------------------------------------------------------------------------------------------------------------------------------------------------------------------------------------------------------
       11|        0        0        0        0        0        0        0        0        0        0        0        0        0        0        0        0        0        0        0        0        0        0
       10|        0 -0.00672  0.00207  -0.0026 -9.6e-05 -0.00489 -0.00202 -0.00605 -0.00217 -0.00503 9.71e-05 -0.00151   0.0052  0.00558   0.0143   0.0166   0.0269     0.03   0.0399   0.0408   0.0455        0
        9|        0 -0.00268 -0.00233  0.00135 -0.00228  0.00147 -0.00215  0.00159 -0.00205  0.00167 -0.00201  0.00163  -0.0021  0.00154 -0.00222  0.00137 -0.00241  0.00117  -0.0026  0.00114  0.00315        0
        8|        0 -0.00468   0.0016 -0.00209  0.00164 -0.00199  0.00174  -0.0019  0.00183 -0.00184  0.00186 -0.00187  0.00179 -0.00193   0.0017 -0.00205  0.00156  -0.0022  0.00142 -0.00223  0.00549        0
        7|        0 -0.00131 -0.00192  0.00177 -0.00188  0.00185 -0.00179  0.00194 -0.00172  0.00199 -0.00169  0.00197 -0.00174  0.00192 -0.00182  0.00182 -0.00193   0.0017 -0.00203  0.00168  0.00236        0
        6|        0 -0.00362  0.00189  -0.0018  0.00193 -0.00172  0.00201 -0.00164  0.00208 -0.00159  0.00211  -0.0016  0.00207 -0.00165    0.002 -0.00173   0.0019 -0.00183  0.00182 -0.00187  0.00484        0
        5|        0 -0.00049 -0.00173  0.00198 -0.00168  0.00205  -0.0016  0.00213 -0.00153  0.00218  -0.0015  0.00217 -0.00154  0.00213  -0.0016  0.00205 -0.00168  0.00196 -0.00177  0.00193  0.00183        0
        4|        0   -0.003  0.00203 -0.00166  0.00207 -0.00159  0.00215 -0.00151  0.00221 -0.00146  0.00224 -0.00146  0.00222  -0.0015  0.00216 -0.00157  0.00208 -0.00166    0.002  -0.0017  0.00442        0
        3|        0-4.09e-05 -0.00163  0.00208 -0.00159  0.00215 -0.00151  0.00222 -0.00144  0.00227 -0.00141  0.00227 -0.00143  0.00224 -0.00149  0.00216 -0.00157  0.00208 -0.00164  0.00205  0.00151        0
        2|        0 -0.00268   0.0021 -0.00159  0.00214 -0.00153  0.00221 -0.00146  0.00226 -0.00141  0.00229  -0.0014  0.00228 -0.00144  0.00223  -0.0015  0.00215 -0.00158  0.00209 -0.00162   0.0042        0
        1|        0  0.00217  0.00131  0.00402  0.00112  0.00374 0.000778  0.00333   0.0003   0.0028-0.000274  0.00218-0.000913  0.00154 -0.00155 0.000927 -0.00212 0.000428 -0.00253 0.000148 0.000308        0
        0|        0        0        0        0        0        0        0        0        0        0        0        0        0        0        0        0        0        0        0        0        0        0

