t: 0.025
nCells: 20x10, dx: 0.1, dy: 0.1

u (22x12): 
         |        0        1        2        3        4        5        6        7        8        9       10       11       12       13       14       15       16       17       18       19       20
-------------------------------------------------------------------------------------------------------------------------------------------------------------------------------------------------------------------------
       11|        0-4.26e-05-8.27e-05-0.000118-0.000149-0.000173-0.000192-0.000206-0.000215-0.000221-0.000222-0.000221-0.000215-0.000206-0.000192-0.000173-0.000149-0.000118-8.27e-05-4.26e-05        0
       10|        0-3.54e-05 -6.9e-05-9.96e-05-0.000126-0.000148-0.000166-0.000179-0.000188-0.000193-0.000195-0.000193-0.000188-0.000179-0.000166-0.000148-0.000126-9.95e-05 -6.9e-05-3.53e-05        0
        9|        0-2.98e-05-5.84e-05-8.47e-05-0.000108-0.000128-0.000144-0.000156-0.000165 -0.00017-0.000171 -0.00017-0.000165-0.000156-0.000144-0.000128-0.000108-8.47e-05-5.84e-05-2.98e-05        0
        8|        0-2.55e-05-5.01e-05 -7.3e-05-9.34e-05-0.000111-0.000126-0.000137-0.000145 -0.00015-0.000151 -0.00015-0.000145-0.000137-0.000126-0.000111-9.34e-05 -7.3e-05-5.01e-05-2.55e-05        0
        7|        0-2.21e-05-4.36e-05-6.36e-05-8.17e-05-9.74e-05-0.000111-0.000121-0.000128-0.000133-0.000134-0.000133-0.000128-0.000121-0.000111-9.74e-05-8.17e-05-6.36e-05-4.36e-05-2.22e-05        0
        6|        0-1.95e-05-3.84e-05-5.62e-05-7.23e-05-8.65e-05-9.84e-05-0.000108-0.000115-0.000119 -0.00012-0.000119-0.000115-0.000108-9.84e-05-8.65e-05-7.23e-05-5.62e-05-3.84e-05-1.95e-05        0
        5|        0-1.74e-05-3.44e-05-5.04e-05 -6.5e-05-7.78e-05-8.87e-05-9.73e-05-0.000104-0.000107-0.000109-0.000107-0.000104-9.73e-05-8.87e-05-7.78e-05 -6.5e-05-5.04e-05-3.44e-05-1.75e-05        0
        4|        0-1.59e-05-3.14e-05 -4.6e-05-5.94e-05-7.12e-05-8.12e-05-8.92e-05 -9.5e-05-9.86e-05-9.97e-05-9.86e-05 -9.5e-05-8.92e-05-8.12e-05-7.12e-05-5.94e-05 -4.6e-05-3.14e-05-1.59e-05        0
        3|        0-1.48e-05-2.92e-05-4.28e-05-5.53e-05-6.64e-05-7.58e-05-8.33e-05-8.88e-05-9.21e-05-9.32e-05-9.21e-05-8.88e-05-8.33e-05-7.58e-05-6.64e-05-5.53e-05-4.28e-05-2.92e-05-1.48e-05        0
        2|        0-1.41e-05-2.77e-05-4.07e-05-5.27e-05-6.33e-05-7.22e-05-7.95e-05-8.47e-05-8.79e-05 -8.9e-05-8.79e-05-8.47e-05-7.95e-05-7.23e-05-6.32e-05-5.27e-05-4.07e-05-2.78e-05 -1.4e-05        0
        1|        0-1.37e-05-2.71e-05-3.97e-05-5.14e-05-6.17e-05-7.05e-05-7.75e-05-8.27e-05-8.58e-05-8.69e-05-8.58e-05-8.27e-05-7.76e-05-7.05e-05-6.17e-05-5.13e-05-3.97e-05 -2.7e-05-1.37e-05        0
        0|        0        0        0        0        0        0        0        0        0        0        0        0        0        0        0        0        0        0        0        0        0

v (22x12): 
         |        0        1        2        3        4        5        6        7        8        9       10       11       12       13       14       15       16       17       18       19       20       21
-------------------------------------------------------------------------------------------------------------------------------------------------------------------------------------------------------------------------
       10|        0 0.000208 0.000201 0.000187 0.000169 0.000146 0.000121 9.48e-05 6.79e-05 4.08e-05 1.36e-05-1.36e-05-4.08e-05-6.79e-05-9.49e-05-0.000121-0.000146-0.000169-0.000187-0.000201-0.000208        0
        9|        0 0.000173 0.000167 0.000157 0.000142 0.000124 0.000104 8.16e-05 5.88e-05 3.54e-05 1.18e-05-1.18e-05-3.54e-05-5.88e-05-8.16e-05-0.000104-0.000124-0.000142-0.000157-0.000168-0.000173        0
        8|        0 0.000143 0.000139 0.000131 0.000119 0.000104 8.76e-05 6.94e-05 5.01e-05 3.03e-05 1.01e-05-1.01e-05-3.03e-05-5.01e-05-6.94e-05-8.76e-05-0.000104-0.000119-0.000131-0.000139-0.000143        0
        7|        0 0.000118 0.000114 0.000108 9.84e-05 8.67e-05 7.31e-05 5.81e-05 4.21e-05 2.55e-05 8.54e-06-8.54e-06-2.55e-05-4.21e-05-5.81e-05-7.31e-05-8.67e-05-9.84e-05-0.000108-0.000114-0.000118        0
        6|        0 9.55e-05 9.29e-05 8.77e-05 8.03e-05 7.09e-05    6e-05 4.78e-05 3.47e-05 2.11e-05 7.06e-06-7.06e-06-2.11e-05-3.47e-05-4.78e-05   -6e-05-7.09e-05-8.03e-05-8.77e-05-9.28e-05-9.55e-05        0
        5|        0  7.6e-05 7.39e-05 6.99e-05 6.41e-05 5.68e-05 4.81e-05 3.84e-05  2.8e-05  1.7e-05 5.69e-06 -5.7e-06 -1.7e-05 -2.8e-05-3.84e-05-4.81e-05-5.67e-05-6.41e-05-6.99e-05-7.39e-05 -7.6e-05        0
        4|        0 5.85e-05  5.7e-05 5.39e-05 4.95e-05 4.39e-05 3.73e-05 2.98e-05 2.17e-05 1.32e-05 4.43e-06-4.43e-06-1.32e-05-2.17e-05-2.98e-05-3.72e-05-4.39e-05-4.95e-05-5.39e-05 -5.7e-05-5.85e-05        0
        3|        0 4.26e-05 4.15e-05 3.93e-05 3.61e-05 3.21e-05 2.72e-05 2.18e-05 1.59e-05 9.67e-06 3.24e-06-3.25e-06-9.67e-06-1.59e-05-2.18e-05-2.72e-05 -3.2e-05-3.61e-05-3.93e-05-4.15e-05-4.26e-05        0
        2|        0 2.78e-05 2.71e-05 2.57e-05 2.36e-05 2.09e-05 1.78e-05 1.43e-05 1.04e-05 6.34e-06 2.13e-06-2.13e-06-6.34e-06-1.04e-05-1.43e-05-1.78e-05 -2.1e-05-2.36e-05-2.57e-05-2.71e-05-2.78e-05        0
        1|        0 1.37e-05 1.34e-05 1.27e-05 1.17e-05 1.04e-05  8.8e-06 7.07e-06 5.15e-06 3.14e-06 1.05e-06-1.05e-06-3.13e-06-5.16e-06-7.06e-06-8.82e-06-1.04e-05-1.17e-05-1.27e-05-1.34e-05-1.37e-05        0
        0|        0        0        0        0        0        0        0        0        0        0        0        0        0        0        0        0        0        0        0        0        0        0

p (22x12): 
         |        0        1        2        3        4        5        6        7        8        9       10       11       12       13       14       15       16       17       18       19       20       21
-------------------------------------------------------------------------------------------------------------------------------------------------------------------------------------------------------------------------
       11|   -0.006   -0.006 -0.00583  -0.0055 -0.00502 -0.00443 -0.00374 -0.00297 -0.00215 -0.00129-0.000403 0.000486  0.00137  0.00223  0.00305  0.00382  0.00451  0.00511  0.00558  0.00591  0.00608  0.00608
       10| -0.00516 -0.00516 -0.00502 -0.00475 -0.00435 -0.00384 -0.00325 -0.00259 -0.00187 -0.00112-0.000349 0.000432  0.00121  0.00196  0.00267  0.00334  0.00393  0.00443  0.00483  0.00511  0.00525  0.00525
        9| -0.00447 -0.00447 -0.00435 -0.00412 -0.00378 -0.00335 -0.00284 -0.00226 -0.00164 -0.00098-0.000301 0.000385  0.00106  0.00172  0.00235  0.00292  0.00343  0.00386   0.0042  0.00444  0.00456  0.00456
        8|  -0.0039  -0.0039  -0.0038  -0.0036 -0.00331 -0.00293 -0.00249 -0.00199 -0.00144-0.000859-0.000261 0.000344 0.000942  0.00152  0.00207  0.00257  0.00301  0.00339  0.00368  0.00388  0.00398  0.00398
        7| -0.00343 -0.00343 -0.00334 -0.00317 -0.00291 -0.00258  -0.0022 -0.00175 -0.00127-0.000757-0.000227  0.00031  0.00084  0.00135  0.00184  0.00228  0.00267    0.003  0.00325  0.00342  0.00351  0.00351
        6| -0.00305 -0.00305 -0.00297 -0.00282 -0.00259  -0.0023 -0.00196 -0.00156 -0.00113-0.000673-0.000198 0.000282 0.000756  0.00121  0.00165  0.00204  0.00238  0.00267   0.0029  0.00305  0.00313  0.00313
        5| -0.00274 -0.00274 -0.00267 -0.00254 -0.00233 -0.00207 -0.00176 -0.00141 -0.00102-0.000605-0.000176 0.000259 0.000688   0.0011  0.00149  0.00185  0.00216  0.00242  0.00262  0.00276  0.00283  0.00283
        4| -0.00251 -0.00251 -0.00245 -0.00232 -0.00214  -0.0019 -0.00161 -0.00129-0.000932-0.000552-0.000158 0.000241 0.000635  0.00102  0.00137   0.0017  0.00198  0.00222   0.0024  0.00253  0.00259  0.00259
        3| -0.00234 -0.00234 -0.00228 -0.00216 -0.00199 -0.00177  -0.0015  -0.0012-0.000869-0.000513-0.000145 0.000228 0.000597 0.000952  0.00129  0.00159  0.00185  0.00207  0.00225  0.00236  0.00242  0.00242
        2| -0.00223 -0.00223 -0.00217 -0.00206  -0.0019 -0.00169 -0.00143 -0.00114-0.000827-0.000488-0.000136  0.00022 0.000571  0.00091  0.00123  0.00152  0.00177  0.00198  0.00214  0.00225  0.00231  0.00231
        1| -0.00217 -0.00217 -0.00212 -0.00201 -0.00185 -0.00165  -0.0014 -0.00112-0.000806-0.000475-0.000132 0.000215 0.000559  0.00089   0.0012  0.00148  0.00173  0.00193  0.00209   0.0022  0.00226  0.00226
        0| -0.00217 -0.00217 -0.00212 -0.00201 -0.00185 -0.00165  -0.0014 -0.00112-0.000806-0.000475-0.000132 0.000215 0.000559  0.00089   0.0012  0.00148  0.00173  0.00193  0.00209   0.0022  0.00226  0.00226

F (22x12): 
         |        0        1        2        3        4        5        6        7        8        9       10       11       12       13       14       15       16       17       18       19       20
-------------------------------------------------------------------------------------------------------------------------------------------------------------------------------------------------------------------------
       11|        0        0        0        0        0        0        0        0        0        0        0        0        0        0        0        0        0        0        0        0        0
       10|        0        0        0        0        0        0        0        0        0        0        0        0        0        0        0        0        0        0        0        0        0
        9|        0        0        0        0        0        0        0        0        0        0        0        0        0        0        0        0        0        0        0        0        0
        8|        0        0        0        0        0        0        0        0        0        0        0        0        0        0        0        0        0        0        0        0        0
        7|        0        0        0        0        0        0        0        0        0        0        0        0        0        0        0        0        0        0        0        0        0
        6|        0        0        0        0        0        0        0        0        0        0        0        0        0        0        0        0        0        0        0        0        0
        5|        0        0        0        0        0        0        0        0        0        0        0        0        0        0        0        0        0        0        0        0        0
        4|        0        0        0        0        0        0        0        0        0        0        0        0        0        0        0        0        0        0        0        0        0
        3|        0        0        0        0        0        0        0        0        0        0        0        0        0        0        0        0        0        0        0        0        0
        2|        0        0        0        0        0        0        0        0        0        0        0        0        0        0        0        0        0        0        0        0        0
        1|        0        0        0        0        0        0        0        0        0        0        0        0        0        0        0        0        0        0        0        0        0
        0|        0        0        0        0        0        0        0        0        0        0        0        0        0        0        0        0        0        0        0        0        0

G (22x12): 
         |        0        1        2        3        4        5        6        7        8        9       10       11       12       13       14       15       16       17       18       19       20       21
-------------------------------------------------------------------------------------------------------------------------------------------------------------------------------------------------------------------------
       10|        0        0        0        0        0        0        0        0        0        0        0        0        0        0        0        0        0        0        0        0        0        0
        9|        0        0        0        0        0        0        0        0        0        0        0        0        0        0        0        0        0        0        0        0        0        0
        8|        0        0        0        0        0        0        0        0        0        0        0        0        0        0        0        0        0        0        0        0        0        0
        7|        0        0        0        0        0        0        0        0        0        0        0        0        0        0        0        0        0        0        0        0        0        0
        6|        0        0        0        0        0        0        0        0        0        0        0        0        0        0        0        0        0        0        0        0        0        0
        5|        0        0        0        0        0        0        0        0        0        0        0        0        0        0        0        0        0        0        0        0        0        0
        4|        0        0        0        0        0        0        0        0        0        0        0        0        0        0        0        0        0        0        0        0        0        0
        3|        0        0        0        0        0        0        0        0        0        0        0        0        0        0        0        0        0        0        0        0        0        0
        2|        0        0        0        0        0        0        0        0        0        0        0        0        0        0        0        0        0        0        0        0        0        0
        1|        0        0        0        0        0        0        0        0        0        0        0        0        0        0        0        0        0        0        0        0        0        0
        0|        0        0        0        0        0        0        0        0        0        0        0        0        0        0        0        0        0        0        0        0        0        0

rhs (22x12): 
         |        0        1        2        3        4        5        6        7        8        9       10       11       12       13       14       15       16       17       18       19       20       21
-------------------------------------------------------------------------------------------------------------------------------------------------------------------------------------------------------------------------
       11|        0        0        0        0        0        0        0        0        0        0        0        0        0        0        0        0        0        0        0        0        0        0
       10|        0        0        0        0        0        0        0        0        0        0        0        0        0        0        0        0        0        0        0        0        0        0
        9|        0        0        0        0        0        0        0        0        0        0        0        0        0        0        0        0        0        0        0        0        0        0
        8|        0        0        0        0        0        0        0        0        0        0        0        0        0        0        0        0        0        0        0        0        0        0
        7|        0        0        0        0        0        0        0        0        0        0        0        0        0        0        0        0        0        0        0        0        0        0
        6|        0        0        0        0        0        0        0        0        0        0        0        0        0        0        0        0        0        0        0        0        0        0
        5|        0        0        0        0        0        0        0        0        0        0        0        0        0        0        0        0        0        0        0        0        0        0
        4|        0        0        0        0        0        0        0        0        0        0        0        0        0        0        0        0        0        0        0        0        0        0
        3|        0        0        0        0        0        0        0        0        0        0        0        0        0        0        0        0        0        0        0        0        0        0
        2|        0        0        0        0        0        0        0        0        0        0        0        0        0        0        0        0        0        0        0        0        0        0
        1|        0        0        0        0        0        0        0        0        0        0        0        0        0        0        0        0        0        0        0        0        0        0
        0|        0        0        0        0        0        0        0        0        0        0        0        0        0        0        0        0        0        0        0        0        0        0

