t: 1.64611
nCells: 20x10, dx: 0.1, dy: 0.1

u (22x12): 
         |        0        1        2        3        4        5        6        7        8        9       10       11       12       13       14       15       16       17       18       19       20
-------------------------------------------------------------------------------------------------------------------------------------------------------------------------------------------------------------------------
       11|        0 -0.00361 -0.00786  -0.0117   -0.015  -0.0177  -0.0199  -0.0215  -0.0226  -0.0232  -0.0234  -0.0232  -0.0226  -0.0216  -0.0201   -0.018  -0.0154  -0.0121 -0.00823 -0.00389        0
       10|        0 -0.00282 -0.00611 -0.00921   -0.012  -0.0144  -0.0164   -0.018  -0.0192    -0.02  -0.0205  -0.0205  -0.0201  -0.0193   -0.018  -0.0161  -0.0137  -0.0108 -0.00734 -0.00362        0
        9|        0 -0.00245 -0.00526 -0.00792  -0.0104  -0.0125  -0.0143  -0.0157  -0.0168  -0.0176  -0.0179  -0.0179  -0.0175  -0.0167  -0.0155  -0.0138  -0.0117 -0.00911 -0.00617 -0.00296        0
        8|        0 -0.00215 -0.00458 -0.00691 -0.00903  -0.0109  -0.0125  -0.0138  -0.0148  -0.0155  -0.0158  -0.0158  -0.0154  -0.0146  -0.0134  -0.0119    -0.01 -0.00776 -0.00521 -0.00248        0
        7|        0 -0.00189 -0.00403 -0.00608 -0.00797 -0.00964  -0.0111  -0.0122  -0.0131  -0.0137   -0.014  -0.0139  -0.0135  -0.0128  -0.0118  -0.0104 -0.00868 -0.00669 -0.00448 -0.00211        0
        6|        0 -0.00168 -0.00359 -0.00542  -0.0071 -0.00861  -0.0099   -0.011  -0.0117  -0.0123  -0.0125  -0.0124   -0.012  -0.0114  -0.0104 -0.00915 -0.00762 -0.00586 -0.00391 -0.00184        0
        5|        0 -0.00152 -0.00324 -0.00489 -0.00642 -0.00778 -0.00896 -0.00991  -0.0106  -0.0111  -0.0113  -0.0112  -0.0109  -0.0102 -0.00934 -0.00819 -0.00681 -0.00522 -0.00348 -0.00163        0
        4|        0 -0.00139 -0.00297 -0.00449 -0.00589 -0.00716 -0.00823 -0.00912 -0.00977  -0.0102  -0.0104  -0.0103 -0.00995 -0.00937 -0.00853 -0.00747 -0.00619 -0.00474 -0.00315 -0.00148        0
        3|        0  -0.0013 -0.00279  -0.0042 -0.00552  -0.0067 -0.00772 -0.00854 -0.00916 -0.00955 -0.00971 -0.00962  -0.0093 -0.00873 -0.00795 -0.00694 -0.00576  -0.0044 -0.00293 -0.00137        0
        2|        0 -0.00124 -0.00264 -0.00399 -0.00524 -0.00636 -0.00733 -0.00811 -0.00869 -0.00907 -0.00921 -0.00913 -0.00882 -0.00828 -0.00752 -0.00657 -0.00544 -0.00416 -0.00276  -0.0013        0
        1|        0 -0.00103 -0.00222 -0.00335 -0.00441 -0.00536 -0.00618 -0.00684 -0.00734 -0.00765 -0.00778 -0.00771 -0.00745 -0.00699 -0.00636 -0.00555 -0.00459  -0.0035 -0.00233 -0.00108        0
        0|        0  0.00102   0.0022  0.00332  0.00437   0.0053  0.00611  0.00676  0.00726  0.00757  0.00769  0.00762  0.00736  0.00691  0.00628  0.00548  0.00454  0.00346   0.0023  0.00107        0

v (22x12): 
         |        0        1        2        3        4        5        6        7        8        9       10       11       12       13       14       15       16       17       18       19       20       21
-------------------------------------------------------------------------------------------------------------------------------------------------------------------------------------------------------------------------
       10|  -0.0173   0.0175     0.02   0.0191   0.0175   0.0155   0.0132   0.0107  0.00806  0.00529  0.00244-0.000499 -0.00349 -0.00654 -0.00961  -0.0127  -0.0156  -0.0182  -0.0205  -0.0218  -0.0199   0.0196
        9|  -0.0146   0.0147   0.0167    0.016   0.0147   0.0131   0.0112  0.00911  0.00685  0.00447    0.002-0.000527 -0.00311 -0.00571  -0.0083  -0.0108  -0.0132  -0.0153   -0.017  -0.0181  -0.0162    0.016
        8|  -0.0121   0.0122   0.0139   0.0133   0.0123    0.011  0.00941  0.00765  0.00575  0.00373  0.00163 -0.00053 -0.00272 -0.00491 -0.00706 -0.00914   -0.011  -0.0127  -0.0141  -0.0149  -0.0133   0.0131
        7| -0.00998   0.0101   0.0114    0.011   0.0101  0.00908  0.00779  0.00635  0.00476  0.00308  0.00131-0.000494 -0.00233 -0.00414 -0.00592  -0.0076 -0.00915  -0.0105  -0.0115  -0.0122  -0.0108   0.0107
        6| -0.00811  0.00819   0.0093  0.00892  0.00826  0.00739  0.00636  0.00518  0.00388  0.00249  0.00105-0.000445 -0.00194 -0.00343 -0.00487 -0.00622 -0.00745  -0.0085 -0.00933 -0.00982 -0.00869  0.00858
        5| -0.00644  0.00651  0.00738  0.00709  0.00657  0.00589  0.00506  0.00413  0.00309  0.00198 0.000813-0.000375 -0.00158 -0.00276  -0.0039 -0.00496 -0.00593 -0.00674 -0.00738 -0.00775 -0.00685  0.00677
        4| -0.00493  0.00498  0.00566  0.00543  0.00504  0.00452  0.00389  0.00316  0.00237  0.00151 0.000618-0.000305 -0.00122 -0.00214   -0.003 -0.00382 -0.00454 -0.00516 -0.00563 -0.00591 -0.00522  0.00516
        3| -0.00355  0.00359  0.00408  0.00392  0.00363  0.00326   0.0028  0.00229   0.0017  0.00109 0.000438-0.000223-0.000894 -0.00155 -0.00218 -0.00275 -0.00327 -0.00371 -0.00405 -0.00424 -0.00374   0.0037
        2| -0.00226  0.00228   0.0026  0.00249  0.00232  0.00207  0.00179  0.00145  0.00109 0.000692 0.000282-0.000147-0.000568 -0.00099 -0.00138 -0.00176 -0.00208 -0.00236 -0.00257  -0.0027 -0.00237  0.00235
        1| -0.00103  0.00104  0.00119  0.00115  0.00106 0.000954 0.000818 0.000671 0.000499 0.000323 0.000128-6.16e-05-0.000261-0.000448-0.000636-0.000801-0.000956 -0.00108 -0.00118 -0.00123 -0.00108  0.00107
        0|        0        0        0        0        0        0        0        0        0        0        0        0        0        0        0        0        0        0        0        0        0        0

p (22x12): 
         |        0        1        2        3        4        5        6        7        8        9       10       11       12       13       14       15       16       17       18       19       20       21
-------------------------------------------------------------------------------------------------------------------------------------------------------------------------------------------------------------------------
       11|     -3.6     -3.6     -3.6     -3.6     -3.6     -3.6     -3.6     -3.6     -3.6     -3.6     -3.6     -3.6    -3.59    -3.59    -3.59    -3.59    -3.59    -3.59    -3.59    -3.59    -3.59    -3.59
       10|     -3.6     -3.6     -3.6     -3.6     -3.6     -3.6     -3.6     -3.6     -3.6     -3.6     -3.6     -3.6    -3.59    -3.59    -3.59    -3.59    -3.59    -3.59    -3.59    -3.59    -3.59    -3.59
        9|     -3.6     -3.6     -3.6     -3.6     -3.6     -3.6     -3.6     -3.6     -3.6     -3.6     -3.6     -3.6    -3.59    -3.59    -3.59    -3.59    -3.59    -3.59    -3.59    -3.59    -3.59    -3.59
        8|     -3.6     -3.6     -3.6     -3.6     -3.6     -3.6     -3.6     -3.6     -3.6     -3.6     -3.6     -3.6    -3.59    -3.59    -3.59    -3.59    -3.59    -3.59    -3.59    -3.59    -3.59    -3.59
        7|     -3.6     -3.6     -3.6     -3.6     -3.6     -3.6     -3.6     -3.6     -3.6     -3.6     -3.6     -3.6    -3.59    -3.59    -3.59    -3.59    -3.59    -3.59    -3.59    -3.59    -3.59    -3.59
        6|     -3.6     -3.6     -3.6     -3.6     -3.6     -3.6     -3.6     -3.6     -3.6     -3.6     -3.6     -3.6    -3.59    -3.59    -3.59    -3.59    -3.59    -3.59    -3.59    -3.59    -3.59    -3.59
        5|     -3.6     -3.6     -3.6     -3.6     -3.6     -3.6     -3.6     -3.6     -3.6     -3.6     -3.6     -3.6    -3.59    -3.59    -3.59    -3.59    -3.59    -3.59    -3.59    -3.59    -3.59    -3.59
        4|     -3.6     -3.6     -3.6     -3.6     -3.6     -3.6     -3.6     -3.6     -3.6     -3.6     -3.6     -3.6    -3.59    -3.59    -3.59    -3.59    -3.59    -3.59    -3.59    -3.59    -3.59    -3.59
        3|     -3.6     -3.6     -3.6     -3.6     -3.6     -3.6     -3.6     -3.6     -3.6     -3.6     -3.6     -3.6    -3.59    -3.59    -3.59    -3.59    -3.59    -3.59    -3.59    -3.59    -3.59    -3.59
        2|     -3.6     -3.6     -3.6     -3.6     -3.6     -3.6     -3.6     -3.6     -3.6     -3.6     -3.6     -3.6     -3.6    -3.59    -3.59    -3.59    -3.59    -3.59    -3.59    -3.59    -3.59    -3.59
        1|     -3.6     -3.6     -3.6     -3.6     -3.6     -3.6     -3.6     -3.6     -3.6     -3.6     -3.6     -3.6     -3.6    -3.59    -3.59    -3.59    -3.59    -3.59    -3.59    -3.59    -3.59    -3.59
        0|     -3.6     -3.6     -3.6     -3.6     -3.6     -3.6     -3.6     -3.6     -3.6     -3.6     -3.6     -3.6     -3.6    -3.59    -3.59    -3.59    -3.59    -3.59    -3.59    -3.59    -3.59    -3.59

F (22x12): 
         |        0        1        2        3        4        5        6        7        8        9       10       11       12       13       14       15       16       17       18       19       20
-------------------------------------------------------------------------------------------------------------------------------------------------------------------------------------------------------------------------
       11|        0        0        0        0        0        0        0        0        0        0        0        0        0        0        0        0        0        0        0        0        0
       10|        0  -0.0028 -0.00606 -0.00912  -0.0119  -0.0142  -0.0162  -0.0178   -0.019  -0.0198  -0.0202  -0.0202  -0.0198   -0.019  -0.0177  -0.0159  -0.0135  -0.0106 -0.00723 -0.00356        0
        9|        0 -0.00243 -0.00521 -0.00784  -0.0102  -0.0123  -0.0141  -0.0155  -0.0166  -0.0173  -0.0177  -0.0177  -0.0173  -0.0165  -0.0153  -0.0136  -0.0115 -0.00897 -0.00607 -0.00292        0
        8|        0 -0.00213 -0.00453 -0.00683 -0.00893  -0.0108  -0.0124  -0.0137  -0.0146  -0.0153  -0.0156  -0.0155  -0.0151  -0.0144  -0.0132  -0.0117 -0.00986 -0.00764 -0.00514 -0.00245        0
        7|        0 -0.00187 -0.00399 -0.00601 -0.00787 -0.00952  -0.0109  -0.0121   -0.013  -0.0135  -0.0138  -0.0137  -0.0133  -0.0126  -0.0116  -0.0102 -0.00855 -0.00659 -0.00442 -0.00209        0
        6|        0 -0.00167 -0.00355 -0.00535 -0.00701  -0.0085 -0.00977  -0.0108  -0.0116  -0.0121  -0.0123  -0.0122  -0.0119  -0.0112  -0.0103 -0.00902 -0.00751 -0.00578 -0.00385 -0.00182        0
        5|        0  -0.0015 -0.00321 -0.00483 -0.00634 -0.00769 -0.00885 -0.00979  -0.0105  -0.0109  -0.0111  -0.0111  -0.0107  -0.0101 -0.00921 -0.00807 -0.00671 -0.00515 -0.00343 -0.00161        0
        4|        0 -0.00138 -0.00294 -0.00444 -0.00582 -0.00707 -0.00813   -0.009 -0.00965  -0.0101  -0.0102  -0.0102 -0.00982 -0.00924 -0.00841 -0.00736  -0.0061 -0.00468 -0.00311 -0.00147        0
        3|        0 -0.00129 -0.00275 -0.00415 -0.00545 -0.00661 -0.00762 -0.00843 -0.00904 -0.00942 -0.00958 -0.00949 -0.00917 -0.00861 -0.00784 -0.00684 -0.00567 -0.00434 -0.00289 -0.00136        0
        2|        0 -0.00123 -0.00261 -0.00394 -0.00517 -0.00628 -0.00723 -0.00801 -0.00858 -0.00895 -0.00909 -0.00901 -0.00869 -0.00817 -0.00742 -0.00648 -0.00536  -0.0041 -0.00272 -0.00128        0
        1|        0 -0.00102 -0.00219  -0.0033 -0.00435 -0.00528 -0.00608 -0.00673 -0.00722 -0.00753 -0.00766 -0.00758 -0.00733 -0.00688 -0.00625 -0.00545 -0.00452 -0.00345 -0.00229 -0.00107        0
        0|        0  0.00102   0.0022  0.00332  0.00437   0.0053  0.00611  0.00676  0.00726  0.00757  0.00769  0.00762  0.00736  0.00691  0.00628  0.00548  0.00454  0.00346   0.0023  0.00107        0

G (22x12): 
         |        0        1        2        3        4        5        6        7        8        9       10       11       12       13       14       15       16       17       18       19       20       21
-------------------------------------------------------------------------------------------------------------------------------------------------------------------------------------------------------------------------
       10|  -0.0173   0.0173   0.0197   0.0188   0.0172   0.0153    0.013   0.0105   0.0079  0.00516  0.00235-0.000537 -0.00347 -0.00647 -0.00947  -0.0124  -0.0153  -0.0179    -0.02  -0.0213  -0.0194   0.0196
        9|  -0.0146   0.0145   0.0165   0.0157   0.0145   0.0129    0.011  0.00896  0.00672  0.00438  0.00194-0.000554  -0.0031 -0.00566 -0.00821  -0.0107   -0.013  -0.0151  -0.0168  -0.0178   -0.016    0.016
        8|  -0.0121    0.012   0.0137   0.0131   0.0121   0.0108  0.00927  0.00753  0.00565  0.00365  0.00158-0.000548  -0.0027 -0.00487 -0.00698 -0.00902  -0.0109  -0.0126  -0.0139  -0.0147  -0.0131   0.0131
        7| -0.00998  0.00993   0.0113   0.0108     0.01  0.00895  0.00768  0.00625  0.00468  0.00302  0.00128-0.000506 -0.00231  -0.0041 -0.00586 -0.00751 -0.00903  -0.0103  -0.0114   -0.012  -0.0106   0.0107
        6| -0.00811  0.00806  0.00917   0.0088  0.00815  0.00729  0.00627   0.0051  0.00382  0.00245  0.00102-0.000453 -0.00193  -0.0034 -0.00481 -0.00615 -0.00735 -0.00839  -0.0092 -0.00968 -0.00855  0.00858
        5| -0.00644  0.00641  0.00729    0.007  0.00648  0.00581  0.00499  0.00406  0.00304  0.00194 0.000793 -0.00038 -0.00157 -0.00273 -0.00386  -0.0049 -0.00585 -0.00665 -0.00728 -0.00764 -0.00674  0.00677
        4| -0.00493  0.00491  0.00559  0.00536  0.00497  0.00445  0.00383  0.00312  0.00233  0.00148 0.000603-0.000308 -0.00122 -0.00211 -0.00297 -0.00377 -0.00448 -0.00509 -0.00556 -0.00583 -0.00514  0.00516
        3| -0.00355  0.00353  0.00402  0.00387  0.00358  0.00321  0.00276  0.00225  0.00168  0.00107 0.000427-0.000225-0.000887 -0.00153 -0.00215 -0.00272 -0.00323 -0.00366   -0.004 -0.00418 -0.00369   0.0037
        2| -0.00226  0.00224  0.00257  0.00246  0.00229  0.00205  0.00176  0.00143  0.00107  0.00068 0.000275-0.000148-0.000564-0.000979 -0.00137 -0.00174 -0.00206 -0.00233 -0.00254 -0.00266 -0.00234  0.00235
        1| -0.00103  0.00103  0.00117  0.00113  0.00105 0.000943 0.000809 0.000663 0.000492 0.000318 0.000126-6.24e-05 -0.00026-0.000445 -0.00063-0.000792-0.000945 -0.00107 -0.00117 -0.00122 -0.00107  0.00107
        0|        0        0        0        0        0        0        0        0        0        0        0        0        0        0        0        0        0        0        0        0        0        0

rhs (22x12): 
         |        0        1        2        3        4        5        6        7        8        9       10       11       12       13       14       15       16       17       18       19       20       21
-------------------------------------------------------------------------------------------------------------------------------------------------------------------------------------------------------------------------
       11|        0        0        0        0        0        0        0        0        0        0        0        0        0        0        0        0        0        0        0        0        0        0
       10|        0 -0.00502  0.00849 0.000624  0.00457 -0.00387 0.000373  -0.0071 -0.00141 -0.00714 0.000508 -0.00317  0.00704  0.00667   0.0204   0.0235   0.0402   0.0451   0.0616   0.0627   0.0665        0
        9|        0 -0.00226 -0.00377  0.00238 -0.00373  0.00255 -0.00354  0.00273 -0.00339  0.00283 -0.00334  0.00277  -0.0035  0.00259 -0.00372  0.00229 -0.00407  0.00192 -0.00441  0.00192  0.00354        0
        8|        0   -0.006  0.00279 -0.00343  0.00282 -0.00329  0.00297 -0.00314   0.0031 -0.00306  0.00315 -0.00311  0.00302 -0.00324  0.00285 -0.00346   0.0026 -0.00372  0.00236 -0.00374  0.00771        0
        7|        0-0.000612 -0.00316  0.00303 -0.00311  0.00315 -0.00298  0.00328 -0.00286  0.00336 -0.00282  0.00333 -0.00291  0.00323 -0.00304  0.00305 -0.00324  0.00285 -0.00343  0.00283  0.00264        0
        6|        0  -0.0047  0.00322 -0.00298  0.00327 -0.00287  0.00339 -0.00274   0.0035 -0.00266  0.00355 -0.00268  0.00348 -0.00276  0.00337 -0.00291   0.0032 -0.00308  0.00304 -0.00312  0.00695        0
        5|        0 0.000392 -0.00286  0.00335  -0.0028  0.00346 -0.00268  0.00358 -0.00257  0.00367 -0.00252  0.00366 -0.00257  0.00358 -0.00267  0.00345 -0.00283   0.0033 -0.00297  0.00326  0.00201        0
        4|        0 -0.00395  0.00343 -0.00276  0.00349 -0.00265  0.00361 -0.00253  0.00372 -0.00245  0.00377 -0.00245  0.00373 -0.00251  0.00363 -0.00264  0.00349 -0.00278  0.00337 -0.00284  0.00645        0
        3|        0 0.000946 -0.00272  0.00351 -0.00265  0.00361 -0.00253  0.00373 -0.00242  0.00381 -0.00237  0.00382  -0.0024  0.00376  -0.0025  0.00364 -0.00263   0.0035 -0.00276  0.00345  0.00163        0
        2|        0 -0.00354  0.00355 -0.00265  0.00361 -0.00256  0.00371 -0.00245   0.0038 -0.00238  0.00385 -0.00236  0.00383 -0.00241  0.00375 -0.00252  0.00362 -0.00265  0.00351 -0.00271  0.00619        0
        1|        0   0.0037  0.00136  0.00594  0.00115  0.00563 0.000745  0.00514 0.000179   0.0045-0.000519  0.00374 -0.00132  0.00293 -0.00213  0.00214 -0.00287  0.00149 -0.00341  0.00114 0.000556        0
        0|        0        0        0        0        0        0        0        0        0        0        0        0        0        0        0        0        0        0        0        0        0        0

