t: 0.762175
nCells: 20x10, dx: 0.1, dy: 0.1

u (22x12): 
         |        0        1        2        3        4        5        6        7        8        9       10       11       12       13       14       15       16       17       18       19       20
-------------------------------------------------------------------------------------------------------------------------------------------------------------------------------------------------------------------------
       11|        0     1.94     1.91      1.9     1.89     1.89     1.89     1.88     1.88     1.88     1.88     1.88     1.88     1.88     1.88     1.89     1.89      1.9     1.91     1.94        0
       10|        0   0.0601   0.0884    0.102     0.11    0.114    0.117    0.119     0.12    0.121    0.121    0.121    0.121     0.12    0.119    0.117    0.114    0.108   0.0951   0.0663        0
        9|        0  -0.0233  -0.0246  -0.0214  -0.0182  -0.0158   -0.014  -0.0128  -0.0121  -0.0116  -0.0114  -0.0115  -0.0118  -0.0124  -0.0134  -0.0149  -0.0171    -0.02  -0.0229  -0.0215        0
        8|        0  -0.0121  -0.0177   -0.019  -0.0187  -0.0179  -0.0172  -0.0166  -0.0161  -0.0159  -0.0158  -0.0159  -0.0162  -0.0167  -0.0174  -0.0185  -0.0197  -0.0209  -0.0209  -0.0161        0
        7|        0 -0.00706  -0.0119  -0.0144  -0.0154  -0.0156  -0.0156  -0.0154  -0.0153  -0.0152  -0.0152  -0.0153  -0.0154  -0.0157   -0.016  -0.0163  -0.0164   -0.016   -0.014 -0.00899        0
        6|        0  -0.0047 -0.00861  -0.0112  -0.0127  -0.0135   -0.014  -0.0142  -0.0143  -0.0143  -0.0144  -0.0144  -0.0145  -0.0145  -0.0144  -0.0142  -0.0136  -0.0123 -0.00981 -0.00559        0
        5|        0 -0.00345 -0.00663 -0.00904  -0.0107  -0.0119  -0.0126  -0.0131  -0.0133  -0.0135  -0.0136  -0.0136  -0.0135  -0.0133   -0.013  -0.0124  -0.0114 -0.00979 -0.00734 -0.00392        0
        4|        0 -0.00275 -0.00541 -0.00761 -0.00931  -0.0106  -0.0115  -0.0121  -0.0125  -0.0127  -0.0129  -0.0128  -0.0127  -0.0123  -0.0118   -0.011 -0.00982 -0.00814 -0.00587 -0.00302        0
        3|        0 -0.00233 -0.00465 -0.00667 -0.00833 -0.00964  -0.0106  -0.0113  -0.0118  -0.0121  -0.0123  -0.0122   -0.012  -0.0116  -0.0109    -0.01 -0.00874 -0.00707 -0.00497 -0.00251        0
        2|        0 -0.00209  -0.0042  -0.0061 -0.00772 -0.00903  -0.0101  -0.0108  -0.0114  -0.0117  -0.0118  -0.0118  -0.0115   -0.011  -0.0103 -0.00936 -0.00806 -0.00642 -0.00445 -0.00222        0
        1|        0 -0.00199 -0.00407 -0.00593 -0.00754 -0.00885 -0.00988  -0.0106  -0.0112  -0.0115  -0.0116  -0.0115  -0.0112  -0.0107  -0.0099 -0.00888 -0.00758 -0.00598 -0.00411 -0.00202        0
        0|        0 -0.00165 -0.00336 -0.00493 -0.00632 -0.00749 -0.00844 -0.00917 -0.00969    -0.01  -0.0101  -0.0101 -0.00978 -0.00931 -0.00861 -0.00768 -0.00651 -0.00511 -0.00349 -0.00173        0

v (22x12): 
         |        0        1        2        3        4        5        6        7        8        9       10       11       12       13       14       15       16       17       18       19       20       21
-------------------------------------------------------------------------------------------------------------------------------------------------------------------------------------------------------------------------
       10|        0        0        0        0        0        0        0        0        0        0        0        0        0        0        0        0        0        0        0        0        0        0
        9|  -0.0587   0.0601   0.0283   0.0139   0.0076  0.00449  0.00279  0.00178  0.00113 0.000686 0.000341  3.1e-05-0.000281 -0.00064 -0.00114 -0.00192 -0.00332 -0.00615  -0.0126  -0.0289  -0.0663   0.0643
        8|  -0.0359   0.0368   0.0271   0.0171   0.0108  0.00692  0.00452  0.00296  0.00191  0.00113 0.000524-2.17e-05-0.000582 -0.00125 -0.00213 -0.00344 -0.00552 -0.00907  -0.0155  -0.0274  -0.0448   0.0432
        7|  -0.0241   0.0247   0.0215   0.0158   0.0111  0.00768  0.00528  0.00358  0.00234  0.00139 0.000604-0.000117-0.000868 -0.00175 -0.00289 -0.00447 -0.00679  -0.0103  -0.0155  -0.0227  -0.0287   0.0276
        6|  -0.0172   0.0177   0.0166   0.0133   0.0101  0.00742  0.00533  0.00373  0.00248  0.00148 0.000619-0.000188 -0.00103   -0.002  -0.0032 -0.00479 -0.00693  -0.0098  -0.0135  -0.0177  -0.0197    0.019
        5|  -0.0126    0.013   0.0127   0.0107  0.00857  0.00659   0.0049  0.00351  0.00238  0.00142 0.000579-0.000224 -0.00106 -0.00201 -0.00314 -0.00456 -0.00634 -0.00852   -0.011  -0.0135  -0.0141   0.0136
        4| -0.00925  0.00951  0.00952  0.00831  0.00688  0.00546  0.00417  0.00305  0.00209  0.00126 0.000501-0.000229-0.000985 -0.00182  -0.0028 -0.00396 -0.00534 -0.00692 -0.00857    -0.01  -0.0102  0.00985
        3| -0.00658  0.00676  0.00685  0.00611  0.00518   0.0042  0.00327  0.00243  0.00168  0.00101 0.000394-0.000206-0.000828  -0.0015 -0.00227 -0.00315 -0.00415 -0.00523  -0.0063 -0.00718 -0.00715  0.00693
        2| -0.00431  0.00443  0.00453  0.00409  0.00352  0.00289  0.00228  0.00171  0.00119 0.000717 0.000272-0.000165-0.000612  -0.0011 -0.00163 -0.00223 -0.00288 -0.00356  -0.0042 -0.00471 -0.00464  0.00451
        1| -0.00228  0.00234  0.00242  0.00219   0.0019  0.00158  0.00125 0.000947 0.000659 0.000393 0.000139-0.000108-0.000364-0.000632-0.000926 -0.00124 -0.00158 -0.00192 -0.00224 -0.00248 -0.00243  0.00236
        0| -0.00956  0.00985   0.0103  0.00964  0.00874  0.00763  0.00639  0.00506  0.00367  0.00226 0.000826-0.000614 -0.00206  -0.0035 -0.00493 -0.00632 -0.00763 -0.00881 -0.00978  -0.0105  -0.0101  0.00978

p (22x12): 
         |        0        1        2        3        4        5        6        7        8        9       10       11       12       13       14       15       16       17       18       19       20       21
-------------------------------------------------------------------------------------------------------------------------------------------------------------------------------------------------------------------------
       11|   -0.378   -0.378    -0.37   -0.366   -0.362   -0.359   -0.356   -0.354   -0.352   -0.349   -0.347   -0.345   -0.343   -0.341   -0.339   -0.336   -0.334    -0.33   -0.326   -0.318   -0.305   -0.305
       10|   -0.378   -0.378    -0.37   -0.366   -0.362   -0.359   -0.356   -0.354   -0.352   -0.349   -0.347   -0.345   -0.343   -0.341   -0.339   -0.336   -0.334    -0.33   -0.326   -0.318   -0.305   -0.305
        9|    -0.37    -0.37   -0.367   -0.364   -0.361   -0.358   -0.356   -0.354   -0.351   -0.349   -0.347   -0.345   -0.343   -0.341   -0.339   -0.336   -0.334   -0.331   -0.328   -0.323   -0.317   -0.317
        8|   -0.365   -0.365   -0.364   -0.362    -0.36   -0.357   -0.355   -0.353   -0.351   -0.349   -0.347   -0.345   -0.343   -0.341   -0.339   -0.337   -0.334   -0.332   -0.329   -0.326   -0.324   -0.324
        7|   -0.362   -0.362   -0.361    -0.36   -0.358   -0.356   -0.354   -0.353   -0.351   -0.349   -0.347   -0.345   -0.343   -0.341   -0.339   -0.337   -0.335   -0.333   -0.331   -0.329   -0.328   -0.328
        6|   -0.359   -0.359   -0.359   -0.358   -0.357   -0.355   -0.354   -0.352    -0.35   -0.349   -0.347   -0.345   -0.343   -0.341    -0.34   -0.338   -0.336   -0.334   -0.332   -0.331    -0.33    -0.33
        5|   -0.358   -0.358   -0.357   -0.357   -0.356   -0.354   -0.353   -0.352    -0.35   -0.348   -0.347   -0.345   -0.343   -0.342    -0.34   -0.338   -0.337   -0.335   -0.334   -0.333   -0.332   -0.332
        4|   -0.357   -0.357   -0.356   -0.356   -0.355   -0.354   -0.353   -0.351    -0.35   -0.348   -0.347   -0.345   -0.343   -0.342    -0.34   -0.339   -0.337   -0.336   -0.335   -0.334   -0.334   -0.334
        3|   -0.356   -0.356   -0.356   -0.355   -0.354   -0.353   -0.352   -0.351   -0.349   -0.348   -0.346   -0.345   -0.343   -0.342    -0.34   -0.339   -0.338   -0.336   -0.336   -0.335   -0.335   -0.335
        2|   -0.355   -0.355   -0.355   -0.355   -0.354   -0.353   -0.352   -0.351   -0.349   -0.348   -0.346   -0.345   -0.343   -0.342   -0.341   -0.339   -0.338   -0.337   -0.336   -0.335   -0.335   -0.335
        1|   -0.355   -0.355   -0.355   -0.354   -0.354   -0.353   -0.352   -0.351   -0.349   -0.348   -0.346   -0.345   -0.343   -0.342   -0.341   -0.339   -0.338   -0.337   -0.336   -0.336   -0.335   -0.335
        0|   -0.354   -0.354   -0.354   -0.353   -0.353   -0.352   -0.351    -0.35   -0.349   -0.347   -0.346   -0.345   -0.344   -0.342   -0.341    -0.34   -0.339   -0.338   -0.338   -0.337   -0.337   -0.337

F (22x12): 
         |        0        1        2        3        4        5        6        7        8        9       10       11       12       13       14       15       16       17       18       19       20
-------------------------------------------------------------------------------------------------------------------------------------------------------------------------------------------------------------------------
       11|        0     1.94     1.91      1.9     1.89     1.89     1.89     1.88     1.88     1.88     1.88     1.88     1.88     1.88     1.88     1.89     1.89      1.9     1.91     1.94        0
       10|        0   0.0621   0.0896    0.103    0.111    0.115    0.118     0.12    0.121    0.121    0.122    0.122    0.121    0.121     0.12    0.118    0.115    0.109   0.0971   0.0696        0
        9|        0  -0.0227  -0.0238  -0.0206  -0.0175  -0.0151  -0.0134  -0.0123  -0.0115  -0.0111  -0.0109   -0.011  -0.0113  -0.0118  -0.0128  -0.0143  -0.0164  -0.0191  -0.0217    -0.02        0
        8|        0  -0.0118  -0.0172  -0.0184  -0.0181  -0.0174  -0.0166   -0.016  -0.0156  -0.0154  -0.0153  -0.0154  -0.0156  -0.0161  -0.0169  -0.0178  -0.0191  -0.0202  -0.0201  -0.0155        0
        7|        0 -0.00688  -0.0116   -0.014  -0.0149  -0.0152  -0.0151  -0.0149  -0.0148  -0.0147  -0.0147  -0.0148  -0.0149  -0.0152  -0.0155  -0.0158  -0.0159  -0.0154  -0.0135 -0.00866        0
        6|        0 -0.00458 -0.00837  -0.0109  -0.0123  -0.0131  -0.0135  -0.0137  -0.0138  -0.0139  -0.0139   -0.014   -0.014   -0.014  -0.0139  -0.0137  -0.0131  -0.0119 -0.00946 -0.00539        0
        5|        0 -0.00336 -0.00644 -0.00877  -0.0104  -0.0115  -0.0122  -0.0126  -0.0129  -0.0131  -0.0131  -0.0131  -0.0131  -0.0129  -0.0126   -0.012   -0.011 -0.00945 -0.00709 -0.00378        0
        4|        0 -0.00267 -0.00525 -0.00738 -0.00903  -0.0102  -0.0111  -0.0117  -0.0121  -0.0123  -0.0124  -0.0124  -0.0123  -0.0119  -0.0114  -0.0106 -0.00949 -0.00786 -0.00567 -0.00292        0
        3|        0 -0.00227 -0.00452 -0.00647 -0.00808 -0.00934  -0.0103   -0.011  -0.0115  -0.0117  -0.0119  -0.0118  -0.0116  -0.0112  -0.0106 -0.00968 -0.00844 -0.00683  -0.0048 -0.00243        0
        2|        0 -0.00203 -0.00408 -0.00592 -0.00748 -0.00875 -0.00974  -0.0105   -0.011  -0.0113  -0.0114  -0.0114  -0.0111  -0.0107 -0.00999 -0.00904 -0.00778  -0.0062  -0.0043 -0.00215        0
        1|        0 -0.00194 -0.00395 -0.00575  -0.0073 -0.00857 -0.00957  -0.0103  -0.0108  -0.0111  -0.0112  -0.0111  -0.0108  -0.0103 -0.00956 -0.00857 -0.00731 -0.00577 -0.00396 -0.00195        0
        0|        0        0        0        0        0        0        0        0        0        0        0        0        0        0        0        0        0        0        0        0        0

G (22x12): 
         |        0        1        2        3        4        5        6        7        8        9       10       11       12       13       14       15       16       17       18       19       20       21
-------------------------------------------------------------------------------------------------------------------------------------------------------------------------------------------------------------------------
       10|        0        0        0        0        0        0        0        0        0        0        0        0        0        0        0        0        0        0        0        0        0        0
        9|  -0.0587    0.058   0.0275   0.0135  0.00736  0.00433  0.00268  0.00171  0.00109 0.000655 0.000322 2.23e-05-0.000279-0.000627 -0.00111 -0.00186 -0.00321 -0.00593  -0.0121  -0.0277  -0.0631   0.0643
        8|  -0.0359   0.0355   0.0261   0.0165   0.0104  0.00664  0.00433  0.00284  0.00182  0.00108 0.000489-3.89e-05-0.000584 -0.00123  -0.0021 -0.00337  -0.0054 -0.00886  -0.0151  -0.0266  -0.0432   0.0432
        7|  -0.0241   0.0239   0.0208   0.0152   0.0107   0.0074  0.00508  0.00344  0.00224  0.00133 0.000566-0.000131 -0.00086 -0.00171 -0.00282 -0.00436 -0.00661 -0.00998   -0.015   -0.022  -0.0276   0.0276
        6|  -0.0172   0.0171   0.0161   0.0129  0.00976  0.00716  0.00514  0.00359  0.00238  0.00141 0.000583-0.000199 -0.00101 -0.00195 -0.00312 -0.00466 -0.00673 -0.00951  -0.0131  -0.0171   -0.019    0.019
        5|  -0.0126   0.0125   0.0123   0.0104  0.00829  0.00637  0.00473  0.00339  0.00229  0.00136 0.000547-0.000231 -0.00104 -0.00196 -0.00306 -0.00443 -0.00615 -0.00826  -0.0107   -0.013  -0.0136   0.0136
        4| -0.00925   0.0092  0.00922  0.00805  0.00666  0.00528  0.00403  0.00295  0.00202  0.00121 0.000474-0.000233-0.000966 -0.00178 -0.00272 -0.00385 -0.00518  -0.0067  -0.0083  -0.0097 -0.00981  0.00985
        3| -0.00658  0.00654  0.00665  0.00592  0.00501  0.00407  0.00316  0.00235  0.00162 0.000974 0.000374-0.000208 -0.00081 -0.00147 -0.00221 -0.00306 -0.00403 -0.00507  -0.0061 -0.00695 -0.00691  0.00693
        2| -0.00431  0.00429   0.0044  0.00397  0.00341   0.0028  0.00221  0.00166  0.00115 0.000691  0.00026-0.000164-0.000599 -0.00107 -0.00159 -0.00216  -0.0028 -0.00345 -0.00408 -0.00457 -0.00449  0.00451
        1| -0.00228  0.00231  0.00238  0.00216  0.00188  0.00156  0.00124 0.000935  0.00065 0.000387 0.000136-0.000108 -0.00036-0.000625-0.000913 -0.00122 -0.00155 -0.00189 -0.00219 -0.00243 -0.00237  0.00236
        0| -0.00956        0        0        0        0        0        0        0        0        0        0        0        0        0        0        0        0        0        0        0        0  0.00978

rhs (22x12): 
         |        0        1        2        3        4        5        6        7        8        9       10       11       12       13       14       15       16       17       18       19       20       21
-------------------------------------------------------------------------------------------------------------------------------------------------------------------------------------------------------------------------
       11|        0        0        0        0        0        0        0        0        0        0        0        0        0        0        0        0        0        0        0        0        0        0
       10|        0     1.58  -0.0202   0.0712   0.0455   0.0248   0.0153  0.00893  0.00706  0.00471  0.00527   0.0038  0.00443  0.00486  0.00838   0.0123   0.0229   0.0422    0.081   0.0784     -2.5        0
        9|        0  -0.0732    0.119   0.0776   0.0394   0.0226   0.0124  0.00893  0.00501  0.00486  0.00286  0.00478  0.00487  0.00754  0.00936   0.0173   0.0307   0.0673    0.151     0.26    0.026        0
        8|        0  -0.0588  -0.0138  -0.0068  -0.0015 -0.00129 0.000591-0.000492 0.000894-0.000384 0.000928  -0.0003  0.00107-0.000225  0.00108-0.000295 0.000698 -0.00176 -0.00513  -0.0235  -0.0188        0
        7|        0  -0.0238 -0.00729 -0.00336 -0.00276-0.000398 -0.00114 0.000452-0.000703 0.000676-0.000599 0.000715-0.000623 0.000598-0.000887 3.66e-05 -0.00209 -0.00257 -0.00759  -0.0114 -0.00307        0
        6|        0  -0.0139 -0.00264  -0.0029-0.000686 -0.00139 0.000281-0.000814 0.000607-0.000638 0.000693-0.000613 0.000662-0.000716 0.000443 -0.00114-0.000372 -0.00264 -0.00288  -0.0058   0.0048        0
        5|        0 -0.00836 -0.00251-0.000719 -0.00153 0.000147-0.000911 0.000548-0.000668 0.000687-0.000598 0.000703 -0.00063 0.000617  -0.0008 0.000304 -0.00134-0.000576 -0.00263 -0.00201  0.00441        0
        4|        0 -0.00707 -0.00052 -0.00156 5.39e-05   -0.001 0.000484-0.000703 0.000677-0.000588 0.000736-0.000577 0.000707-0.000647 0.000571-0.000884 0.000186 -0.00146-0.000578 -0.00223  0.00499        0
        3|        0 -0.00484 -0.00148 6.55e-06 -0.00109 0.000408-0.000755 0.000651-0.000592 0.000752-0.000538 0.000762-0.000564 0.000701-0.000678 0.000509-0.000975 9.15e-05  -0.0015-0.000399  0.00358        0
        2|        0  -0.0188  -0.0144  -0.0144  -0.0113  -0.0105 -0.00714 -0.00643 -0.00324 -0.00283 1.45e-05 6.49e-05  0.00262  0.00246  0.00478  0.00432  0.00629  0.00544    0.007  0.00582   0.0114        0
        1|        0    0.144    0.145    0.139    0.126    0.113   0.0949    0.078   0.0573   0.0385   0.0166  -0.0031   -0.026  -0.0468  -0.0706  -0.0917   -0.115   -0.133   -0.151   -0.162   -0.163        0
        0|        0        0        0        0        0        0        0        0        0        0        0        0        0        0        0        0        0        0        0        0        0        0

