t: 0.025
nCells: 20x10, dx: 0.1, dy: 0.1

u (22x12): 
         |        0        1        2        3        4        5        6        7        8        9       10       11       12       13       14       15       16       17       18       19       20
-------------------------------------------------------------------------------------------------------------------------------------------------------------------------------------------------------------------------
       11|        0        2        2        2        2        2        2        2        2        2        2        2        2        2        2        2        2        2        2        2        0
       10|        0  0.00249  0.00346  0.00391  0.00415  0.00429  0.00438  0.00444  0.00447  0.00449   0.0045  0.00449  0.00447  0.00444  0.00438  0.00429  0.00415  0.00391  0.00346  0.00249        0
        9|        0   -0.001 -0.00102-0.000878-0.000751-0.000656-0.000589-0.000543-0.000513-0.000497-0.000491-0.000497-0.000513-0.000543-0.000589-0.000656-0.000751-0.000878 -0.00102   -0.001        0
        8|        0-0.000478-0.000643-0.000656 -0.00062-0.000575-0.000536-0.000506-0.000485-0.000472-0.000468-0.000472-0.000485-0.000506-0.000536-0.000575 -0.00062-0.000656-0.000643-0.000478        0
        7|        0-0.000267-0.000421-0.000485-0.000498 -0.00049-0.000474-0.000459-0.000447 -0.00044-0.000437 -0.00044-0.000447-0.000459-0.000474 -0.00049-0.000498-0.000485-0.000421-0.000267        0
        6|        0-0.000169-0.000291-0.000363-0.000398-0.000411-0.000412-0.000409-0.000405-0.000402-0.000401-0.000402-0.000405-0.000409-0.000412-0.000411-0.000398-0.000363-0.000291-0.000169        0
        5|        0-0.000116-0.000211-0.000278-0.000319-0.000343-0.000355 -0.00036-0.000362-0.000362-0.000362-0.000362-0.000362 -0.00036-0.000355-0.000343-0.000319-0.000278-0.000211-0.000116        0
        4|        0-8.56e-05 -0.00016-0.000218-0.000259-0.000287-0.000304-0.000314 -0.00032-0.000323-0.000324-0.000323 -0.00032-0.000314-0.000304-0.000287-0.000259-0.000218 -0.00016-8.55e-05        0
        3|        0-6.58e-05-0.000125-0.000175-0.000213-0.000241 -0.00026-0.000273-0.000281-0.000286-0.000287-0.000286-0.000281-0.000273 -0.00026-0.000241-0.000213-0.000175-0.000125-6.58e-05        0
        2|        0-5.23e-05-0.000101-0.000143-0.000177-0.000204-0.000223-0.000237-0.000246-0.000251-0.000253-0.000251-0.000246-0.000237-0.000223-0.000204-0.000177-0.000143-0.000101-5.23e-05        0
        1|        0-4.26e-05-8.27e-05-0.000118-0.000149-0.000173-0.000192-0.000206-0.000215-0.000221-0.000222-0.000221-0.000215-0.000206-0.000192-0.000173-0.000149-0.000118-8.27e-05-4.26e-05        0
        0|        0-3.54e-05 -6.9e-05-9.96e-05-0.000126-0.000148-0.000166-0.000179-0.000188-0.000193-0.000195-0.000193-0.000188-0.000179-0.000166-0.000148-0.000126-9.95e-05 -6.9e-05-3.53e-05        0

v (22x12): 
         |        0        1        2        3        4        5        6        7        8        9       10       11       12       13       14       15       16       17       18       19       20       21
-------------------------------------------------------------------------------------------------------------------------------------------------------------------------------------------------------------------------
       10|        0        0        0        0        0        0        0        0        0        0        0        0        0        0        0        0        0        0        0        0        0        0
        9|        0  0.00249 0.000974  0.00045 0.000239 0.000141 8.81e-05 5.64e-05 3.51e-05 1.93e-05 6.18e-06-6.18e-06-1.93e-05-3.51e-05-5.63e-05-8.81e-05-0.000141-0.000239 -0.00045-0.000974 -0.00249        0
        8|        0  0.00148 0.000961 0.000588 0.000366 0.000236 0.000155 0.000102 6.48e-05  3.6e-05 1.16e-05-1.16e-05 -3.6e-05-6.48e-05-0.000102-0.000155-0.000236-0.000366-0.000588-0.000961 -0.00148        0
        7|        0  0.00101 0.000796 0.000574 0.000403  0.00028 0.000194 0.000133 8.59e-05 4.83e-05 1.56e-05-1.56e-05-4.83e-05-8.59e-05-0.000133-0.000195 -0.00028-0.000403-0.000574-0.000796 -0.00101        0
        6|        0  0.00074 0.000641 0.000511 0.000389 0.000289  0.00021 0.000148 9.79e-05 5.58e-05 1.81e-05-1.81e-05-5.58e-05-9.79e-05-0.000148 -0.00021-0.000289-0.000389-0.000511-0.000641 -0.00074        0
        5|        0 0.000571 0.000519 0.000439 0.000354 0.000276 0.000208 0.000151 0.000102 5.89e-05 1.92e-05-1.92e-05-5.89e-05-0.000102-0.000151-0.000208-0.000276-0.000354-0.000439-0.000519-0.000571        0
        4|        0 0.000455 0.000424 0.000373 0.000313 0.000253 0.000196 0.000146   0.0001 5.85e-05 1.92e-05-1.92e-05-5.85e-05  -0.0001-0.000146-0.000196-0.000253-0.000313-0.000373-0.000424-0.000455        0
        3|        0 0.000369 0.000349 0.000315 0.000271 0.000225 0.000179 0.000135 9.44e-05 5.56e-05 1.84e-05-1.84e-05-5.56e-05-9.44e-05-0.000135-0.000179-0.000225-0.000271-0.000315-0.000349-0.000369        0
        2|        0 0.000303  0.00029 0.000265 0.000233 0.000197  0.00016 0.000123 8.64e-05 5.13e-05  1.7e-05 -1.7e-05-5.13e-05-8.64e-05-0.000123 -0.00016-0.000197-0.000233-0.000265 -0.00029-0.000303        0
        1|        0 0.000251 0.000241 0.000223 0.000199 0.000171  0.00014 0.000109 7.73e-05 4.62e-05 1.54e-05-1.54e-05-4.62e-05-7.73e-05-0.000109 -0.00014-0.000171-0.000199-0.000223-0.000241-0.000251        0
        0|        0 0.000208 0.000201 0.000187 0.000169 0.000146 0.000121 9.48e-05 6.79e-05 4.08e-05 1.36e-05-1.36e-05-4.08e-05-6.79e-05-9.49e-05-0.000121-0.000146-0.000169-0.000187-0.000201-0.000208        0

p (22x12): 
         |        0        1        2        3        4        5        6        7        8        9       10       11       12       13       14       15       16       17       18       19       20       21
-------------------------------------------------------------------------------------------------------------------------------------------------------------------------------------------------------------------------
       11|  -0.0367  -0.0367  -0.0266  -0.0205  -0.0161  -0.0127 -0.00986 -0.00738 -0.00512 -0.00301-0.000966  0.00105  0.00309  0.00521  0.00746  0.00994   0.0128   0.0162   0.0205   0.0267   0.0367   0.0367
       10|  -0.0367  -0.0367  -0.0266  -0.0205  -0.0161  -0.0127 -0.00986 -0.00738 -0.00512 -0.00301-0.000966  0.00105  0.00309  0.00521  0.00746  0.00994   0.0128   0.0162   0.0205   0.0267   0.0367   0.0367
        9|  -0.0267  -0.0267  -0.0227  -0.0186  -0.0151  -0.0121 -0.00951 -0.00715 -0.00498 -0.00293-0.000941  0.00102  0.00301  0.00506  0.00724  0.00959   0.0122   0.0152   0.0187   0.0228   0.0268   0.0268
        8|  -0.0208  -0.0208  -0.0189  -0.0163  -0.0137  -0.0112 -0.00889 -0.00674 -0.00472 -0.00278-0.000895 0.000978  0.00287  0.00481  0.00683  0.00897   0.0113   0.0138   0.0164    0.019   0.0209   0.0209
        7|  -0.0168  -0.0168  -0.0157   -0.014  -0.0121  -0.0101 -0.00811 -0.00621 -0.00438 -0.00259-0.000832 0.000916  0.00267  0.00446   0.0063  0.00819   0.0102   0.0121   0.0141   0.0158   0.0168   0.0168
        6|  -0.0138  -0.0138  -0.0131   -0.012  -0.0105 -0.00891 -0.00727 -0.00562 -0.00399 -0.00237 -0.00076 0.000843  0.00245  0.00407  0.00571  0.00735    0.009   0.0106    0.012   0.0132   0.0139   0.0139
        5|  -0.0115  -0.0115   -0.011  -0.0102 -0.00909 -0.00781 -0.00644 -0.00502 -0.00358 -0.00213-0.000683 0.000766  0.00221  0.00366   0.0051  0.00652  0.00789  0.00917   0.0103   0.0111   0.0116   0.0116
        4| -0.00969 -0.00969 -0.00935 -0.00871 -0.00784  -0.0068 -0.00565 -0.00444 -0.00318  -0.0019-0.000606 0.000689  0.00198  0.00326  0.00452  0.00574  0.00688  0.00792  0.00879  0.00943  0.00977  0.00977
        3| -0.00822 -0.00822 -0.00795 -0.00745 -0.00675  -0.0059 -0.00494 -0.00389  -0.0028 -0.00168-0.000532 0.000616  0.00176  0.00288  0.00398  0.00502  0.00598  0.00683  0.00753  0.00804   0.0083   0.0083
        2|   -0.007   -0.007 -0.00679 -0.00639 -0.00582 -0.00511  -0.0043  -0.0034 -0.00245 -0.00147-0.000464 0.000548  0.00155  0.00254  0.00349  0.00438  0.00519   0.0059  0.00647  0.00688  0.00709  0.00709
        1|   -0.006   -0.006 -0.00583  -0.0055 -0.00502 -0.00443 -0.00374 -0.00297 -0.00215 -0.00129-0.000403 0.000486  0.00137  0.00223  0.00305  0.00382  0.00451  0.00511  0.00558  0.00591  0.00608  0.00608
        0| -0.00516 -0.00516 -0.00502 -0.00475 -0.00435 -0.00384 -0.00325 -0.00259 -0.00187 -0.00112-0.000349 0.000432  0.00121  0.00196  0.00267  0.00334  0.00393  0.00443  0.00483  0.00511  0.00525  0.00525

F (22x12): 
         |        0        1        2        3        4        5        6        7        8        9       10       11       12       13       14       15       16       17       18       19       20
-------------------------------------------------------------------------------------------------------------------------------------------------------------------------------------------------------------------------
       11|        0        2        2        2        2        2        2        2        2        2        2        2        2        2        2        2        2        2        2        2        0
       10|        0    0.005    0.005    0.005    0.005    0.005    0.005    0.005    0.005    0.005    0.005    0.005    0.005    0.005    0.005    0.005    0.005    0.005    0.005    0.005        0
        9|        0        0        0        0        0        0        0        0        0        0        0        0        0        0        0        0        0        0        0        0        0
        8|        0        0        0        0        0        0        0        0        0        0        0        0        0        0        0        0        0        0        0        0        0
        7|        0        0        0        0        0        0        0        0        0        0        0        0        0        0        0        0        0        0        0        0        0
        6|        0        0        0        0        0        0        0        0        0        0        0        0        0        0        0        0        0        0        0        0        0
        5|        0        0        0        0        0        0        0        0        0        0        0        0        0        0        0        0        0        0        0        0        0
        4|        0        0        0        0        0        0        0        0        0        0        0        0        0        0        0        0        0        0        0        0        0
        3|        0        0        0        0        0        0        0        0        0        0        0        0        0        0        0        0        0        0        0        0        0
        2|        0        0        0        0        0        0        0        0        0        0        0        0        0        0        0        0        0        0        0        0        0
        1|        0        0        0        0        0        0        0        0        0        0        0        0        0        0        0        0        0        0        0        0        0
        0|        0        0        0        0        0        0        0        0        0        0        0        0        0        0        0        0        0        0        0        0        0

G (22x12): 
         |        0        1        2        3        4        5        6        7        8        9       10       11       12       13       14       15       16       17       18       19       20       21
-------------------------------------------------------------------------------------------------------------------------------------------------------------------------------------------------------------------------
       10|        0        0        0        0        0        0        0        0        0        0        0        0        0        0        0        0        0        0        0        0        0        0
        9|        0        0        0        0        0        0        0        0        0        0        0        0        0        0        0        0        0        0        0        0        0        0
        8|        0        0        0        0        0        0        0        0        0        0        0        0        0        0        0        0        0        0        0        0        0        0
        7|        0        0        0        0        0        0        0        0        0        0        0        0        0        0        0        0        0        0        0        0        0        0
        6|        0        0        0        0        0        0        0        0        0        0        0        0        0        0        0        0        0        0        0        0        0        0
        5|        0        0        0        0        0        0        0        0        0        0        0        0        0        0        0        0        0        0        0        0        0        0
        4|        0        0        0        0        0        0        0        0        0        0        0        0        0        0        0        0        0        0        0        0        0        0
        3|        0        0        0        0        0        0        0        0        0        0        0        0        0        0        0        0        0        0        0        0        0        0
        2|        0        0        0        0        0        0        0        0        0        0        0        0        0        0        0        0        0        0        0        0        0        0
        1|        0        0        0        0        0        0        0        0        0        0        0        0        0        0        0        0        0        0        0        0        0        0
        0|        0        0        0        0        0        0        0        0        0        0        0        0        0        0        0        0        0        0        0        0        0        0

rhs (22x12): 
         |        0        1        2        3        4        5        6        7        8        9       10       11       12       13       14       15       16       17       18       19       20       21
-------------------------------------------------------------------------------------------------------------------------------------------------------------------------------------------------------------------------
       11|        0        0        0        0        0        0        0        0        0        0        0        0        0        0        0        0        0        0        0        0        0        0
       10|        0        2        0        0        0        0        0        0        0        0        0        0        0        0        0        0        0        0        0        0       -2        0
        9|        0        0        0        0        0        0        0        0        0        0        0        0        0        0        0        0        0        0        0        0        0        0
        8|        0        0        0        0        0        0        0        0        0        0        0        0        0        0        0        0        0        0        0        0        0        0
        7|        0        0        0        0        0        0        0        0        0        0        0        0        0        0        0        0        0        0        0        0        0        0
        6|        0        0        0        0        0        0        0        0        0        0        0        0        0        0        0        0        0        0        0        0        0        0
        5|        0        0        0        0        0        0        0        0        0        0        0        0        0        0        0        0        0        0        0        0        0        0
        4|        0        0        0        0        0        0        0        0        0        0        0        0        0        0        0        0        0        0        0        0        0        0
        3|        0        0        0        0        0        0        0        0        0        0        0        0        0        0        0        0        0        0        0        0        0        0
        2|        0        0        0        0        0        0        0        0        0        0        0        0        0        0        0        0        0        0        0        0        0        0
        1|        0        0        0        0        0        0        0        0        0        0        0        0        0        0        0        0        0        0        0        0        0        0
        0|        0        0        0        0        0        0        0        0        0        0        0        0        0        0        0        0        0        0        0        0        0        0

