t: 0.968871
nCells: 20x10, dx: 0.1, dy: 0.1

u (22x12): 
         |        0        1        2        3        4        5        6        7        8        9       10       11       12       13       14       15       16       17       18       19       20
-------------------------------------------------------------------------------------------------------------------------------------------------------------------------------------------------------------------------
       11|        0     1.93      1.9     1.88     1.87     1.86     1.86     1.86     1.86     1.85     1.85     1.85     1.85     1.85     1.86     1.86     1.86     1.87     1.88     1.92        0
       10|        0   0.0703    0.105    0.124    0.134     0.14    0.144    0.146    0.148    0.149     0.15     0.15     0.15    0.149    0.148    0.145    0.142    0.134    0.118   0.0818        0
        9|        0   -0.027  -0.0286   -0.025  -0.0212  -0.0182  -0.0161  -0.0146  -0.0136   -0.013  -0.0127  -0.0127   -0.013  -0.0137  -0.0148  -0.0166  -0.0191  -0.0223  -0.0254  -0.0234        0
        8|        0  -0.0139  -0.0209   -0.023  -0.0229  -0.0221  -0.0213  -0.0206  -0.0201  -0.0198  -0.0197  -0.0198  -0.0202  -0.0208  -0.0218  -0.0231  -0.0249  -0.0267   -0.027  -0.0213        0
        7|        0 -0.00825  -0.0143  -0.0175  -0.0189  -0.0193  -0.0193  -0.0192  -0.0191   -0.019   -0.019  -0.0191  -0.0193  -0.0197  -0.0202  -0.0206   -0.021  -0.0206  -0.0184   -0.012        0
        6|        0 -0.00555  -0.0104  -0.0136  -0.0156  -0.0167  -0.0173  -0.0177  -0.0178  -0.0179   -0.018  -0.0181  -0.0182  -0.0182  -0.0182   -0.018  -0.0173  -0.0158  -0.0127 -0.00732        0
        5|        0 -0.00412 -0.00802   -0.011  -0.0132  -0.0146  -0.0156  -0.0162  -0.0166  -0.0169   -0.017   -0.017   -0.017  -0.0168  -0.0164  -0.0157  -0.0145  -0.0125 -0.00945 -0.00503        0
        4|        0  -0.0033 -0.00658 -0.00932  -0.0115  -0.0131  -0.0142  -0.0151  -0.0156  -0.0159  -0.0161  -0.0161  -0.0159  -0.0156  -0.0149   -0.014  -0.0125  -0.0104 -0.00749 -0.00383        0
        3|        0 -0.00281 -0.00568 -0.00819  -0.0103  -0.0119  -0.0132  -0.0141  -0.0148  -0.0152  -0.0154  -0.0153  -0.0151  -0.0146  -0.0138  -0.0127  -0.0111 -0.00899 -0.00632 -0.00316        0
        2|        0 -0.00253 -0.00515 -0.00751 -0.00953  -0.0112  -0.0125  -0.0135  -0.0142  -0.0146  -0.0148  -0.0148  -0.0145  -0.0139  -0.0131  -0.0119  -0.0102 -0.00815 -0.00564 -0.00279        0
        1|        0 -0.00244 -0.00505 -0.00741 -0.00943  -0.0111  -0.0124  -0.0134   -0.014  -0.0144  -0.0145  -0.0144   -0.014  -0.0134  -0.0124  -0.0112 -0.00951  -0.0075 -0.00514  -0.0025        0
        0|        0   -0.002 -0.00413  -0.0061 -0.00784 -0.00932  -0.0105  -0.0115  -0.0121  -0.0125  -0.0127  -0.0126  -0.0123  -0.0117  -0.0109 -0.00971 -0.00823 -0.00645 -0.00441 -0.00217        0

v (22x12): 
         |        0        1        2        3        4        5        6        7        8        9       10       11       12       13       14       15       16       17       18       19       20       21
-------------------------------------------------------------------------------------------------------------------------------------------------------------------------------------------------------------------------
       10|        0        0        0        0        0        0        0        0        0        0        0        0        0        0        0        0        0        0        0        0        0        0
        9|  -0.0691   0.0703   0.0351   0.0181   0.0102  0.00616  0.00389  0.00252  0.00164  0.00103 0.000577  0.00018-0.000219-0.000651 -0.00124 -0.00216 -0.00387 -0.00744  -0.0158  -0.0367  -0.0818   0.0799
        8|  -0.0425   0.0433   0.0335   0.0218    0.014  0.00914  0.00605  0.00402  0.00264  0.00163 0.000845 0.000159-0.000524 -0.00132 -0.00237 -0.00391 -0.00638  -0.0107  -0.0188  -0.0346  -0.0584   0.0566
        7|  -0.0288   0.0294   0.0264   0.0197   0.0141   0.0099  0.00688  0.00473  0.00314  0.00193 0.000937 3.79e-05-0.000887 -0.00196 -0.00334 -0.00527 -0.00813  -0.0125  -0.0192  -0.0289  -0.0371    0.036
        6|  -0.0207   0.0211   0.0204   0.0165   0.0127  0.00944  0.00685  0.00484  0.00327  0.00201 0.000934-7.31e-05 -0.00111 -0.00231  -0.0038 -0.00577 -0.00846  -0.0121   -0.017  -0.0225  -0.0251   0.0244
        5|  -0.0152   0.0155   0.0156   0.0133   0.0107  0.00831  0.00624  0.00452   0.0031  0.00191 0.000853-0.000146 -0.00119 -0.00236 -0.00378 -0.00555 -0.00781  -0.0106  -0.0139  -0.0171  -0.0177   0.0173
        4|  -0.0112   0.0114   0.0117   0.0103  0.00857  0.00685  0.00527  0.00389   0.0027  0.00166 0.000723-0.000185 -0.00112 -0.00217 -0.00339 -0.00486 -0.00661 -0.00864  -0.0108  -0.0127  -0.0127   0.0124
        3| -0.00796  0.00812  0.00842  0.00755  0.00642  0.00524   0.0041  0.00307  0.00215  0.00132 0.000556-0.000186-0.000958  -0.0018 -0.00276 -0.00387 -0.00514 -0.00653 -0.00791 -0.00905 -0.00888  0.00866
        2|  -0.0052  0.00531  0.00555  0.00503  0.00434  0.00358  0.00284  0.00214   0.0015 0.000918 0.000372-0.000166-0.000717 -0.00131 -0.00198 -0.00273 -0.00355 -0.00442 -0.00525  -0.0059 -0.00571  0.00558
        1| -0.00272  0.00278  0.00294  0.00267  0.00231  0.00192  0.00153  0.00115 0.000803 0.000482 0.000174-0.000124-0.000433-0.000758 -0.00112  -0.0015 -0.00192 -0.00235 -0.00274 -0.00304 -0.00292  0.00286
        0|  -0.0118    0.012   0.0128   0.0121    0.011   0.0096  0.00806  0.00641  0.00468  0.00291  0.00112-0.000691 -0.00251 -0.00434 -0.00616 -0.00793  -0.0096  -0.0111  -0.0124  -0.0132  -0.0125   0.0122

p (22x12): 
         |        0        1        2        3        4        5        6        7        8        9       10       11       12       13       14       15       16       17       18       19       20       21
-------------------------------------------------------------------------------------------------------------------------------------------------------------------------------------------------------------------------
       11|   -0.764   -0.764   -0.758   -0.754   -0.751   -0.748   -0.745   -0.743   -0.741   -0.739   -0.736   -0.734   -0.732    -0.73   -0.728   -0.726   -0.723    -0.72   -0.715   -0.707   -0.692   -0.692
       10|   -0.764   -0.764   -0.758   -0.754   -0.751   -0.748   -0.745   -0.743   -0.741   -0.739   -0.736   -0.734   -0.732    -0.73   -0.728   -0.726   -0.723    -0.72   -0.715   -0.707   -0.692   -0.692
        9|   -0.757   -0.757   -0.755   -0.752    -0.75   -0.747   -0.745   -0.743    -0.74   -0.738   -0.736   -0.734   -0.732    -0.73   -0.728   -0.726   -0.724   -0.721   -0.717   -0.712   -0.706   -0.706
        8|   -0.752   -0.752   -0.752    -0.75   -0.748   -0.746   -0.744   -0.742    -0.74   -0.738   -0.736   -0.734   -0.732    -0.73   -0.728   -0.726   -0.724   -0.721   -0.718   -0.715   -0.712   -0.712
        7|    -0.75    -0.75   -0.749   -0.748   -0.747   -0.745   -0.743   -0.741    -0.74   -0.738   -0.736   -0.734   -0.732    -0.73   -0.729   -0.727   -0.724   -0.722    -0.72   -0.718   -0.717   -0.717
        6|   -0.747   -0.747   -0.747   -0.746   -0.745   -0.744   -0.742   -0.741   -0.739   -0.737   -0.736   -0.734   -0.732   -0.731   -0.729   -0.727   -0.725   -0.723   -0.722    -0.72   -0.719   -0.719
        5|   -0.746   -0.746   -0.746   -0.745   -0.744   -0.743   -0.742    -0.74   -0.739   -0.737   -0.736   -0.734   -0.732   -0.731   -0.729   -0.727   -0.726   -0.724   -0.723   -0.722   -0.721   -0.721
        4|   -0.745   -0.745   -0.745   -0.744   -0.743   -0.742   -0.741    -0.74   -0.738   -0.737   -0.735   -0.734   -0.732   -0.731   -0.729   -0.728   -0.726   -0.725   -0.724   -0.723   -0.723   -0.723
        3|   -0.744   -0.744   -0.744   -0.743   -0.743   -0.742   -0.741    -0.74   -0.738   -0.737   -0.735   -0.734   -0.732   -0.731   -0.729   -0.728   -0.727   -0.726   -0.725   -0.724   -0.724   -0.724
        2|   -0.744   -0.744   -0.743   -0.743   -0.742   -0.741    -0.74   -0.739   -0.738   -0.737   -0.735   -0.734   -0.732   -0.731    -0.73   -0.728   -0.727   -0.726   -0.725   -0.725   -0.724   -0.724
        1|   -0.743   -0.743   -0.743   -0.743   -0.742   -0.741    -0.74   -0.739   -0.738   -0.737   -0.735   -0.734   -0.732   -0.731    -0.73   -0.728   -0.727   -0.726   -0.725   -0.725   -0.724   -0.724
        0|   -0.742   -0.742   -0.742   -0.742   -0.741    -0.74    -0.74   -0.739   -0.737   -0.736   -0.735   -0.734   -0.733   -0.731    -0.73   -0.729   -0.728   -0.727   -0.727   -0.726   -0.726   -0.726

F (22x12): 
         |        0        1        2        3        4        5        6        7        8        9       10       11       12       13       14       15       16       17       18       19       20
-------------------------------------------------------------------------------------------------------------------------------------------------------------------------------------------------------------------------
       11|        0     1.93      1.9     1.88     1.87     1.86     1.86     1.86     1.86     1.85     1.85     1.85     1.85     1.85     1.86     1.86     1.86     1.87     1.88     1.92        0
       10|        0    0.072    0.106    0.124    0.134    0.141    0.144    0.147    0.149     0.15     0.15     0.15     0.15    0.149    0.148    0.146    0.142    0.135    0.121   0.0855        0
        9|        0  -0.0265   -0.028  -0.0243  -0.0206  -0.0176  -0.0155   -0.014  -0.0131  -0.0125  -0.0122  -0.0122  -0.0125  -0.0132  -0.0143   -0.016  -0.0184  -0.0214  -0.0241  -0.0217        0
        8|        0  -0.0137  -0.0205  -0.0225  -0.0224  -0.0216  -0.0208  -0.0201  -0.0196  -0.0193  -0.0192  -0.0193  -0.0197  -0.0203  -0.0212  -0.0225  -0.0242  -0.0259  -0.0262  -0.0206        0
        7|        0 -0.00811   -0.014  -0.0171  -0.0184  -0.0189  -0.0189  -0.0188  -0.0186  -0.0185  -0.0185  -0.0186  -0.0189  -0.0192  -0.0196  -0.0201  -0.0204    -0.02  -0.0178  -0.0117        0
        6|        0 -0.00546  -0.0102  -0.0133  -0.0152  -0.0163  -0.0169  -0.0172  -0.0174  -0.0175  -0.0176  -0.0176  -0.0177  -0.0177  -0.0177  -0.0175  -0.0168  -0.0154  -0.0124  -0.0071        0
        5|        0 -0.00405 -0.00786  -0.0108  -0.0129  -0.0143  -0.0152  -0.0159  -0.0162  -0.0165  -0.0166  -0.0166  -0.0166  -0.0164   -0.016  -0.0153  -0.0141  -0.0122 -0.00918 -0.00489        0
        4|        0 -0.00324 -0.00644 -0.00912  -0.0112  -0.0128  -0.0139  -0.0147  -0.0152  -0.0156  -0.0157  -0.0157  -0.0155  -0.0152  -0.0146  -0.0136  -0.0121  -0.0101 -0.00728 -0.00373        0
        3|        0 -0.00276 -0.00556 -0.00802  -0.0101  -0.0117  -0.0129  -0.0138  -0.0144  -0.0148   -0.015   -0.015  -0.0147  -0.0142  -0.0135  -0.0123  -0.0108 -0.00874 -0.00615 -0.00308        0
        2|        0 -0.00248 -0.00504 -0.00735 -0.00932  -0.0109  -0.0122  -0.0132  -0.0138  -0.0143  -0.0145  -0.0144  -0.0141  -0.0136  -0.0127  -0.0115 -0.00995 -0.00793 -0.00549 -0.00272        0
        1|        0  -0.0024 -0.00495 -0.00724 -0.00922  -0.0108  -0.0121   -0.013  -0.0137   -0.014  -0.0142   -0.014  -0.0137   -0.013  -0.0121  -0.0108 -0.00924 -0.00728 -0.00499 -0.00243        0
        0|        0        0        0        0        0        0        0        0        0        0        0        0        0        0        0        0        0        0        0        0        0

G (22x12): 
         |        0        1        2        3        4        5        6        7        8        9       10       11       12       13       14       15       16       17       18       19       20       21
-------------------------------------------------------------------------------------------------------------------------------------------------------------------------------------------------------------------------
       10|        0        0        0        0        0        0        0        0        0        0        0        0        0        0        0        0        0        0        0        0        0        0
        9|  -0.0691   0.0683   0.0345   0.0178  0.00997  0.00599  0.00377  0.00244  0.00158 0.000992 0.000549 0.000162-0.000225-0.000646 -0.00122 -0.00212 -0.00378 -0.00722  -0.0152  -0.0353  -0.0783   0.0799
        8|  -0.0425   0.0421   0.0326   0.0211   0.0136  0.00883  0.00583  0.00387  0.00253  0.00156 0.000796 0.000128-0.000542 -0.00133 -0.00236 -0.00387 -0.00631  -0.0106  -0.0185  -0.0339  -0.0567   0.0566
        7|  -0.0288   0.0286   0.0258   0.0192   0.0137   0.0096  0.00666  0.00457  0.00303  0.00185 0.000885 8.02e-06-0.000897 -0.00195 -0.00331  -0.0052 -0.00799  -0.0123  -0.0188  -0.0282   -0.036    0.036
        6|  -0.0207   0.0206   0.0199   0.0161   0.0124  0.00917  0.00665  0.00469  0.00316  0.00193 0.000884-9.77e-05 -0.00111 -0.00228 -0.00374 -0.00567 -0.00829  -0.0119  -0.0166   -0.022  -0.0243   0.0244
        5|  -0.0152   0.0152   0.0152    0.013   0.0104  0.00809  0.00606  0.00438    0.003  0.00184  0.00081-0.000165 -0.00118 -0.00233 -0.00371 -0.00544 -0.00764  -0.0104  -0.0136  -0.0167  -0.0172   0.0173
        4|  -0.0112   0.0111   0.0114     0.01  0.00835  0.00667  0.00513  0.00378  0.00262   0.0016 0.000689-0.000197 -0.00111 -0.00213 -0.00333 -0.00476 -0.00646 -0.00844  -0.0105  -0.0124  -0.0123   0.0124
        3| -0.00796  0.00792  0.00822  0.00736  0.00626  0.00511    0.004  0.00299  0.00208  0.00128 0.000531-0.000194-0.000947 -0.00177 -0.00271 -0.00379 -0.00503 -0.00637 -0.00772 -0.00882 -0.00863  0.00866
        2|  -0.0052  0.00518  0.00542  0.00491  0.00423  0.00349  0.00277  0.00208  0.00146  0.00089 0.000356-0.000169-0.000707 -0.00129 -0.00194 -0.00267 -0.00347 -0.00432 -0.00512 -0.00575 -0.00556  0.00558
        1| -0.00272  0.00276  0.00292  0.00265   0.0023  0.00191  0.00152  0.00115 0.000798 0.000478 0.000171-0.000125-0.000431-0.000753 -0.00111 -0.00149  -0.0019 -0.00232  -0.0027   -0.003 -0.00287  0.00286
        0|  -0.0118        0        0        0        0        0        0        0        0        0        0        0        0        0        0        0        0        0        0        0        0   0.0122

rhs (22x12): 
         |        0        1        2        3        4        5        6        7        8        9       10       11       12       13       14       15       16       17       18       19       20       21
-------------------------------------------------------------------------------------------------------------------------------------------------------------------------------------------------------------------------
       11|        0        0        0        0        0        0        0        0        0        0        0        0        0        0        0        0        0        0        0        0        0        0
       10|        0     1.41  -0.0522   0.0971   0.0699   0.0408   0.0263   0.0157   0.0122  0.00795  0.00849  0.00681  0.00655  0.00664   0.0117   0.0171   0.0333    0.063    0.121    0.096    -2.78        0
        9|        0  -0.0958    0.159    0.114   0.0617   0.0372   0.0209   0.0153  0.00862  0.00822  0.00474  0.00676  0.00754   0.0115   0.0139   0.0264   0.0482    0.108    0.243    0.398   0.0297        0
        8|        0  -0.0742  -0.0188 -0.00968  -0.0017  -0.0017  0.00127-0.000633  0.00162-0.000542  0.00163-0.000474   0.0019-0.000215  0.00205-2.43e-05  0.00217-0.000476 -0.00246  -0.0297  -0.0323        0
        7|        0  -0.0297  -0.0106  -0.0049 -0.00429-0.000525 -0.00184 0.000787 -0.00115  0.00114-0.000985  0.00121 -0.00101  0.00104 -0.00141 0.000173 -0.00331 -0.00409  -0.0127  -0.0197  -0.0131        0
        6|        0  -0.0176 -0.00374 -0.00449-0.000962 -0.00223 0.000514 -0.00133  0.00103 -0.00105  0.00117 -0.00101  0.00112 -0.00117 0.000778 -0.00186-0.000564 -0.00439 -0.00495 -0.00986  0.00359        0
        5|        0  -0.0103 -0.00385-0.000996 -0.00244 0.000307 -0.00149 0.000933  -0.0011  0.00116-0.000989  0.00119 -0.00104  0.00105 -0.00131 0.000546  -0.0022-0.000941 -0.00442 -0.00336  0.00447        0
        4|        0 -0.00903-0.000674 -0.00247 0.000167 -0.00163 0.000831 -0.00116  0.00114-0.000975  0.00124-0.000951  0.00119 -0.00106 0.000978 -0.00145 0.000345 -0.00241-0.000958  -0.0037   0.0061        0
        3|        0 -0.00583 -0.00234  9.9e-05 -0.00176 0.000712 -0.00125  0.00109-0.000983  0.00126-0.000893  0.00128-0.000931  0.00119 -0.00111 0.000876  -0.0016 0.000178 -0.00248 -0.00064  0.00411        0
        2|        0  -0.0248  -0.0197    -0.02  -0.0153  -0.0146  -0.0095 -0.00888 -0.00411 -0.00397 0.000245-0.000186  0.00357  0.00281   0.0062  0.00499  0.00785  0.00604  0.00833  0.00615   0.0137        0
        1|        0    0.139    0.142    0.137    0.125    0.114   0.0965   0.0814   0.0606    0.043   0.0205  0.00155  -0.0227  -0.0435  -0.0695  -0.0915   -0.117   -0.137   -0.159    -0.17    -0.17        0
        0|        0        0        0        0        0        0        0        0        0        0        0        0        0        0        0        0        0        0        0        0        0        0

