t: 0.378135
nCells: 20x10, dx: 0.1, dy: 0.1

u (22x12): 
         |        0        1        2        3        4        5        6        7        8        9       10       11       12       13       14       15       16       17       18       19       20
-------------------------------------------------------------------------------------------------------------------------------------------------------------------------------------------------------------------------
       11|        0 -0.00103 -0.00206 -0.00299 -0.00378 -0.00442 -0.00493  -0.0053 -0.00556 -0.00571 -0.00576 -0.00571 -0.00556  -0.0053 -0.00493 -0.00443 -0.00378 -0.00299 -0.00207 -0.00104        0
       10|        0-0.000865 -0.00172 -0.00251  -0.0032 -0.00378 -0.00424  -0.0046 -0.00485 -0.00499 -0.00504   -0.005 -0.00486 -0.00461 -0.00426  -0.0038 -0.00322 -0.00253 -0.00174-0.000873        0
        9|        0-0.000734 -0.00147 -0.00214 -0.00275 -0.00326 -0.00368 -0.00401 -0.00424 -0.00438 -0.00443 -0.00438 -0.00425 -0.00402  -0.0037 -0.00328 -0.00276 -0.00216 -0.00148 -0.00074        0
        8|        0-0.000631 -0.00126 -0.00185 -0.00238 -0.00284 -0.00322 -0.00351 -0.00373 -0.00385  -0.0039 -0.00386 -0.00373 -0.00352 -0.00323 -0.00285 -0.00239 -0.00186 -0.00127-0.000635        0
        7|        0-0.000548  -0.0011 -0.00161 -0.00208 -0.00249 -0.00283  -0.0031  -0.0033 -0.00341 -0.00345 -0.00342  -0.0033 -0.00311 -0.00284  -0.0025 -0.00209 -0.00162  -0.0011-0.000551        0
        6|        0-0.000484 -0.00097 -0.00143 -0.00185 -0.00221 -0.00252 -0.00277 -0.00294 -0.00305 -0.00309 -0.00305 -0.00295 -0.00277 -0.00253 -0.00222 -0.00185 -0.00143-0.000974-0.000486        0
        5|        0-0.000434 -0.00087 -0.00128 -0.00166 -0.00199 -0.00227  -0.0025 -0.00266 -0.00276 -0.00279 -0.00276 -0.00266  -0.0025 -0.00228   -0.002 -0.00166 -0.00129-0.000873-0.000435        0
        4|        0-0.000396-0.000794 -0.00117 -0.00152 -0.00182 -0.00208 -0.00229 -0.00244 -0.00253 -0.00257 -0.00254 -0.00244 -0.00229 -0.00209 -0.00183 -0.00152 -0.00117-0.000796-0.000397        0
        3|        0-0.000368-0.000739 -0.00109 -0.00141  -0.0017 -0.00194 -0.00214 -0.00228 -0.00237  -0.0024 -0.00237 -0.00228 -0.00214 -0.00195  -0.0017 -0.00142 -0.00109-0.000741-0.000369        0
        2|        0 -0.00035-0.000703 -0.00104 -0.00135 -0.00162 -0.00185 -0.00204 -0.00218 -0.00226 -0.00229 -0.00226 -0.00218 -0.00204 -0.00186 -0.00162 -0.00135 -0.00104-0.000705-0.000351        0
        1|        0-0.000331-0.000664 -0.00098 -0.00127 -0.00153 -0.00175 -0.00193 -0.00206 -0.00214 -0.00216 -0.00214 -0.00206 -0.00193 -0.00175 -0.00153 -0.00127-0.000982-0.000666-0.000331        0
        0|        0 0.000309  0.00062 0.000916  0.00119  0.00143  0.00164   0.0018  0.00192  0.00199  0.00202    0.002  0.00192   0.0018  0.00164  0.00143  0.00119 0.000917 0.000622  0.00031        0

v (22x12): 
         |        0        1        2        3        4        5        6        7        8        9       10       11       12       13       14       15       16       17       18       19       20       21
-------------------------------------------------------------------------------------------------------------------------------------------------------------------------------------------------------------------------
       10|  -0.0048  0.00514  0.00515  0.00482  0.00435  0.00379  0.00316  0.00248  0.00179  0.00108 0.000369-0.000345 -0.00106 -0.00177 -0.00247 -0.00315 -0.00379 -0.00436 -0.00483 -0.00517 -0.00517  0.00482
        9| -0.00399  0.00428  0.00429  0.00403  0.00366  0.00321  0.00269  0.00213  0.00154 0.000934 0.000318  -0.0003-0.000916 -0.00153 -0.00212 -0.00269 -0.00321 -0.00367 -0.00404  -0.0043 -0.00429  0.00401
        8| -0.00331  0.00354  0.00356  0.00335  0.00306  0.00269  0.00227   0.0018  0.00131 0.000795 0.000271-0.000257-0.000782  -0.0013  -0.0018 -0.00227 -0.00269 -0.00307 -0.00336 -0.00357 -0.00355  0.00332
        7| -0.00272  0.00291  0.00293  0.00277  0.00253  0.00224  0.00189  0.00151   0.0011 0.000667 0.000227-0.000216-0.000657 -0.00109  -0.0015 -0.00189 -0.00224 -0.00253 -0.00277 -0.00294 -0.00292  0.00273
        6| -0.00221  0.00236  0.00238  0.00225  0.00206  0.00183  0.00155  0.00124 0.000902 0.000549 0.000187-0.000179-0.000542-0.000895 -0.00123 -0.00155 -0.00183 -0.00207 -0.00225 -0.00238 -0.00237  0.00221
        5| -0.00175  0.00188  0.00189  0.00179  0.00165  0.00146  0.00124 0.000992 0.000724 0.000441  0.00015-0.000144-0.000436-0.000719-0.000989 -0.00124 -0.00146 -0.00165  -0.0018  -0.0019 -0.00188  0.00176
        4| -0.00135  0.00145  0.00146  0.00138  0.00127  0.00113 0.000958 0.000768 0.000561 0.000342 0.000116-0.000112-0.000338-0.000557-0.000765-0.000957 -0.00113 -0.00127 -0.00138 -0.00146 -0.00145  0.00135
        3| -0.00098  0.00105  0.00106    0.001 0.000923 0.000821 0.000698  0.00056 0.000409  0.00025 8.48e-05-8.17e-05-0.000247-0.000407-0.000558-0.000697 -0.00082-0.000924   -0.001 -0.00106 -0.00105 0.000982
        2|-0.000637 0.000681 0.000687 0.000652   0.0006 0.000533 0.000454 0.000364 0.000267 0.000163 5.54e-05-5.34e-05-0.000161-0.000265-0.000363-0.000454-0.000533  -0.0006-0.000652-0.000688-0.000682 0.000637
        1| -0.00031 0.000331 0.000334 0.000317 0.000292 0.000259 0.000221 0.000177  0.00013 7.93e-05 2.69e-05-2.58e-05-7.83e-05-0.000129-0.000177 -0.00022-0.000259-0.000291-0.000317-0.000334-0.000331  0.00031
        0|        0        0        0        0        0        0        0        0        0        0        0        0        0        0        0        0        0        0        0        0        0        0

p (22x12): 
         |        0        1        2        3        4        5        6        7        8        9       10       11       12       13       14       15       16       17       18       19       20       21
-------------------------------------------------------------------------------------------------------------------------------------------------------------------------------------------------------------------------
       11|  -0.0423  -0.0423   -0.042  -0.0414  -0.0406  -0.0396  -0.0384  -0.0371  -0.0357  -0.0342  -0.0326   -0.031  -0.0295  -0.0279  -0.0265  -0.0251  -0.0239  -0.0228   -0.022  -0.0214  -0.0212  -0.0212
       10|  -0.0408  -0.0408  -0.0406  -0.0401  -0.0394  -0.0386  -0.0375  -0.0364  -0.0352  -0.0338  -0.0325  -0.0311  -0.0297  -0.0284  -0.0272   -0.026   -0.025  -0.0241  -0.0234  -0.0229  -0.0227  -0.0227
        9|  -0.0396  -0.0396  -0.0394   -0.039  -0.0384  -0.0377  -0.0368  -0.0358  -0.0347  -0.0336  -0.0324  -0.0312    -0.03  -0.0288  -0.0277  -0.0267  -0.0258  -0.0251  -0.0245  -0.0241  -0.0239  -0.0239
        8|  -0.0386  -0.0386  -0.0384  -0.0381  -0.0376   -0.037  -0.0362  -0.0353  -0.0344  -0.0334  -0.0323  -0.0312  -0.0302  -0.0292  -0.0282  -0.0273  -0.0266  -0.0259  -0.0254  -0.0251  -0.0249  -0.0249
        7|  -0.0378  -0.0378  -0.0376  -0.0373  -0.0369  -0.0363  -0.0357  -0.0349  -0.0341  -0.0332  -0.0322  -0.0313  -0.0304  -0.0295  -0.0286  -0.0279  -0.0272  -0.0266  -0.0262  -0.0259  -0.0257  -0.0257
        6|  -0.0371  -0.0371   -0.037  -0.0367  -0.0363  -0.0358  -0.0352  -0.0346  -0.0338   -0.033  -0.0322  -0.0313  -0.0305  -0.0297   -0.029  -0.0283  -0.0277  -0.0272  -0.0268  -0.0265  -0.0264  -0.0264
        5|  -0.0366  -0.0366  -0.0365  -0.0362  -0.0359  -0.0354  -0.0349  -0.0343  -0.0336  -0.0329  -0.0321  -0.0314  -0.0306  -0.0299  -0.0292  -0.0286  -0.0281  -0.0276  -0.0273   -0.027  -0.0269  -0.0269
        4|  -0.0362  -0.0362  -0.0361  -0.0359  -0.0355  -0.0351  -0.0346  -0.0341  -0.0335  -0.0328  -0.0321  -0.0314  -0.0307  -0.0301  -0.0294  -0.0289  -0.0284   -0.028  -0.0276  -0.0274  -0.0273  -0.0273
        3|  -0.0359  -0.0359  -0.0358  -0.0356  -0.0353  -0.0349  -0.0345  -0.0339  -0.0333  -0.0327  -0.0321  -0.0314  -0.0308  -0.0302  -0.0296  -0.0291  -0.0286  -0.0282  -0.0279  -0.0277  -0.0276  -0.0276
        2|  -0.0357  -0.0357  -0.0356  -0.0354  -0.0351  -0.0348  -0.0343  -0.0338  -0.0333  -0.0327  -0.0321  -0.0314  -0.0308  -0.0302  -0.0297  -0.0292  -0.0287  -0.0284  -0.0281  -0.0279  -0.0278  -0.0278
        1|  -0.0356  -0.0356  -0.0355  -0.0353  -0.0351  -0.0347  -0.0343  -0.0338  -0.0332  -0.0327  -0.0321  -0.0315  -0.0309  -0.0303  -0.0297  -0.0292  -0.0288  -0.0284  -0.0282   -0.028  -0.0279  -0.0279
        0|  -0.0356  -0.0356  -0.0355  -0.0353  -0.0351  -0.0347  -0.0343  -0.0338  -0.0332  -0.0327  -0.0321  -0.0315  -0.0309  -0.0303  -0.0297  -0.0292  -0.0288  -0.0284  -0.0282   -0.028  -0.0279  -0.0279

F (22x12): 
         |        0        1        2        3        4        5        6        7        8        9       10       11       12       13       14       15       16       17       18       19       20
-------------------------------------------------------------------------------------------------------------------------------------------------------------------------------------------------------------------------
       11|        0        0        0        0        0        0        0        0        0        0        0        0        0        0        0        0        0        0        0        0        0
       10|        0-0.000807 -0.00161 -0.00234 -0.00298 -0.00352 -0.00395 -0.00428 -0.00451 -0.00465 -0.00469 -0.00465 -0.00452 -0.00429 -0.00397 -0.00354   -0.003 -0.00236 -0.00162-0.000814        0
        9|        0-0.000685 -0.00137   -0.002 -0.00256 -0.00304 -0.00343 -0.00373 -0.00395 -0.00408 -0.00412 -0.00408 -0.00395 -0.00374 -0.00344 -0.00305 -0.00257 -0.00201 -0.00137 -0.00069        0
        8|        0-0.000589 -0.00118 -0.00172 -0.00222 -0.00264 -0.00299 -0.00327 -0.00347 -0.00359 -0.00363 -0.00359 -0.00347 -0.00328   -0.003 -0.00265 -0.00222 -0.00173 -0.00118-0.000592        0
        7|        0-0.000512 -0.00102  -0.0015 -0.00194 -0.00232 -0.00264 -0.00289 -0.00307 -0.00318 -0.00322 -0.00318 -0.00307 -0.00289 -0.00264 -0.00233 -0.00195 -0.00151 -0.00103-0.000514        0
        6|        0-0.000452-0.000904 -0.00133 -0.00172 -0.00206 -0.00235 -0.00258 -0.00274 -0.00284 -0.00287 -0.00284 -0.00274 -0.00258 -0.00235 -0.00207 -0.00172 -0.00133-0.000907-0.000454        0
        5|        0-0.000405-0.000811 -0.00119 -0.00155 -0.00186 -0.00212 -0.00233 -0.00248 -0.00257  -0.0026 -0.00257 -0.00248 -0.00233 -0.00212 -0.00186 -0.00155  -0.0012-0.000813-0.000406        0
        4|        0-0.000369 -0.00074 -0.00109 -0.00141  -0.0017 -0.00194 -0.00213 -0.00227 -0.00236 -0.00239 -0.00236 -0.00228 -0.00214 -0.00194  -0.0017 -0.00142 -0.00109-0.000742 -0.00037        0
        3|        0-0.000344-0.000689 -0.00102 -0.00132 -0.00158 -0.00181 -0.00199 -0.00213 -0.00221 -0.00223 -0.00221 -0.00213 -0.00199 -0.00181 -0.00159 -0.00132 -0.00102 -0.00069-0.000344        0
        2|        0-0.000327-0.000656-0.000968 -0.00125 -0.00151 -0.00173  -0.0019 -0.00203 -0.00211 -0.00213 -0.00211 -0.00203  -0.0019 -0.00173 -0.00151 -0.00126-0.000969-0.000657-0.000328        0
        1|        0-0.000308-0.000617-0.000911 -0.00118 -0.00142 -0.00163 -0.00179 -0.00191 -0.00198 -0.00201 -0.00199 -0.00191 -0.00179 -0.00163 -0.00142 -0.00118-0.000912-0.000618-0.000308        0
        0|        0 0.000309  0.00062 0.000916  0.00119  0.00143  0.00164   0.0018  0.00192  0.00199  0.00202    0.002  0.00192   0.0018  0.00164  0.00143  0.00119 0.000917 0.000622  0.00031        0

G (22x12): 
         |        0        1        2        3        4        5        6        7        8        9       10       11       12       13       14       15       16       17       18       19       20       21
-------------------------------------------------------------------------------------------------------------------------------------------------------------------------------------------------------------------------
       10|  -0.0048  0.00477  0.00479  0.00448  0.00404  0.00352  0.00293   0.0023  0.00166    0.001  0.00034-0.000322-0.000984 -0.00164 -0.00229 -0.00292 -0.00351 -0.00405 -0.00448  -0.0048 -0.00478  0.00482
        9| -0.00399  0.00397  0.00399  0.00375  0.00341  0.00299   0.0025  0.00198  0.00143 0.000867 0.000294-0.000281-0.000854 -0.00142 -0.00197  -0.0025 -0.00299 -0.00342 -0.00376 -0.00401 -0.00399  0.00401
        8| -0.00331  0.00329  0.00331  0.00312  0.00285  0.00251  0.00211  0.00168  0.00122 0.000739 0.000251 -0.00024-0.000729 -0.00121 -0.00167 -0.00211 -0.00251 -0.00285 -0.00313 -0.00332  -0.0033  0.00332
        7| -0.00272   0.0027  0.00273  0.00258  0.00236  0.00208  0.00176   0.0014  0.00102  0.00062  0.00021-0.000202-0.000612 -0.00101  -0.0014 -0.00176 -0.00208 -0.00236 -0.00258 -0.00273 -0.00271  0.00273
        6| -0.00221   0.0022  0.00221   0.0021  0.00192   0.0017  0.00144  0.00115 0.000839  0.00051 0.000173-0.000167-0.000505-0.000834 -0.00115 -0.00144  -0.0017 -0.00192  -0.0021 -0.00222  -0.0022  0.00221
        5| -0.00175  0.00175  0.00176  0.00167  0.00153  0.00136  0.00115 0.000923 0.000673  0.00041 0.000139-0.000135-0.000406 -0.00067-0.000921 -0.00115 -0.00136 -0.00153 -0.00167 -0.00176 -0.00175  0.00176
        4| -0.00135  0.00134  0.00136  0.00129  0.00118  0.00105 0.000892 0.000715 0.000522 0.000318 0.000108-0.000105-0.000315-0.000519-0.000713-0.000891 -0.00105 -0.00118 -0.00129 -0.00136 -0.00134  0.00135
        3| -0.00098 0.000975 0.000985 0.000935  0.00086 0.000764  0.00065 0.000521 0.000381 0.000232 7.87e-05-7.63e-05 -0.00023-0.000379 -0.00052-0.000649-0.000764 -0.00086-0.000935-0.000986-0.000977 0.000982
        2|-0.000637 0.000633  0.00064 0.000607 0.000559 0.000497 0.000423 0.000339 0.000248 0.000151 5.14e-05-4.99e-05 -0.00015-0.000247-0.000338-0.000423-0.000497-0.000559-0.000608-0.000641-0.000634 0.000637
        1| -0.00031 0.000308 0.000311 0.000295 0.000272 0.000242 0.000206 0.000165 0.000121 7.39e-05  2.5e-05-2.42e-05-7.31e-05 -0.00012-0.000165-0.000206-0.000242-0.000272-0.000296-0.000311-0.000308  0.00031
        0|        0        0        0        0        0        0        0        0        0        0        0        0        0        0        0        0        0        0        0        0        0        0

rhs (22x12): 
         |        0        1        2        3        4        5        6        7        8        9       10       11       12       13       14       15       16       17       18       19       20       21
-------------------------------------------------------------------------------------------------------------------------------------------------------------------------------------------------------------------------
       11|        0        0        0        0        0        0        0        0        0        0        0        0        0        0        0        0        0        0        0        0        0        0
       10|        0 -0.00476 -0.00296 -0.00309 -0.00268 -0.00267 -0.00212 -0.00198 -0.00129 -0.00103-0.000232  0.00014  0.00107   0.0016  0.00267  0.00332  0.00447  0.00511  0.00611  0.00645  0.00835        0
        9|        0 -0.00132-0.000182 5.94e-05-0.000172 7.26e-05-0.000159 8.52e-05-0.000148 9.28e-05-0.000144 8.96e-05-0.000151 8.36e-05 -0.00016 7.15e-05-0.000174 5.64e-05-0.000189 4.74e-05  0.00126        0
        8|        0 -0.00128 8.06e-05-0.000155 8.78e-05-0.000145 9.81e-05-0.000136 0.000106-0.000129  0.00011-0.000132 0.000105-0.000137 9.75e-05-0.000146 8.68e-05-0.000157 7.63e-05-0.000164  0.00127        0
        7|        0-0.000932-0.000141 9.96e-05-0.000135 0.000108-0.000126 0.000116-0.000119 0.000121-0.000116 0.000119 -0.00012 0.000115-0.000126 0.000108-0.000135 9.87e-05-0.000143 9.34e-05 0.000951        0
        6|        0-0.000977 0.000109-0.000127 0.000114 -0.00012 0.000122-0.000113 0.000128-0.000108 0.000131-0.000109 0.000128-0.000113 0.000123-0.000119 0.000115-0.000127 0.000108-0.000132  0.00102        0
        5|        0-0.000696-0.000121 0.000119-0.000116 0.000126-0.000109 0.000133-0.000103 0.000137  -0.0001 0.000137-0.000103 0.000133-0.000108 0.000127-0.000115  0.00012-0.000122 0.000115 0.000753        0
        4|        0-0.000798 0.000123-0.000114 0.000128-0.000107 0.000134-0.000101  0.00014-9.62e-05 0.000143-9.65e-05 0.000141-9.97e-05 0.000136-0.000106 0.000129-0.000113 0.000123-0.000117 0.000866        0
        3|        0-0.000564-0.000112 0.000128-0.000107 0.000134  -0.0001 0.000141-9.47e-05 0.000145 -9.2e-05 0.000146 -9.4e-05 0.000142-9.88e-05 0.000136-0.000105  0.00013-0.000112 0.000125 0.000639        0
        2|        0-0.000707 0.000129-0.000108 0.000134-0.000102  0.00014-9.55e-05 0.000145-9.13e-05 0.000148-9.08e-05 0.000147-9.38e-05 0.000142-9.97e-05 0.000135-0.000106  0.00013-0.000111 0.000786        0
        1|        0 0.000131 0.000577 0.000726 0.000502 0.000624 0.000376 0.000476  0.00021 0.000296 2.06e-05 0.000101-0.000177-9.48e-05-0.000366-0.000272-0.000526-0.000411 -0.00064-0.000495 1.13e-05        0
        0|        0        0        0        0        0        0        0        0        0        0        0        0        0        0        0        0        0        0        0        0        0        0

