t: 0.710683
nCells: 20x10, dx: 0.1, dy: 0.1

u (22x12): 
         |        0        1        2        3        4        5        6        7        8        9       10       11       12       13       14       15       16       17       18       19       20
-------------------------------------------------------------------------------------------------------------------------------------------------------------------------------------------------------------------------
       11|        0 -0.00187 -0.00381 -0.00555 -0.00705 -0.00827 -0.00924 -0.00995  -0.0104  -0.0107  -0.0108  -0.0107  -0.0104 -0.00995 -0.00925  -0.0083 -0.00708 -0.00559 -0.00384 -0.00189        0
       10|        0 -0.00155 -0.00315 -0.00462 -0.00592 -0.00702  -0.0079 -0.00858 -0.00906 -0.00935 -0.00946 -0.00939 -0.00914 -0.00869 -0.00804 -0.00717 -0.00608 -0.00477 -0.00326 -0.00162        0
        9|        0 -0.00132 -0.00268 -0.00395 -0.00508 -0.00606 -0.00686 -0.00748 -0.00793  -0.0082  -0.0083 -0.00823 -0.00799 -0.00757 -0.00696 -0.00617  -0.0052 -0.00405 -0.00276 -0.00136        0
        8|        0 -0.00114 -0.00231 -0.00341 -0.00441 -0.00527 -0.00599 -0.00656 -0.00697 -0.00722 -0.00731 -0.00724 -0.00701 -0.00662 -0.00607 -0.00536 -0.00449 -0.00349 -0.00237 -0.00117        0
        7|        0 -0.00099 -0.00202 -0.00298 -0.00386 -0.00463 -0.00528 -0.00579 -0.00616 -0.00639 -0.00647 -0.00641  -0.0062 -0.00584 -0.00534  -0.0047 -0.00392 -0.00304 -0.00206 -0.00101        0
        6|        0-0.000876 -0.00178 -0.00264 -0.00343 -0.00412  -0.0047 -0.00517  -0.0055 -0.00571 -0.00579 -0.00573 -0.00553  -0.0052 -0.00474 -0.00416 -0.00347 -0.00268 -0.00181-0.000891        0
        5|        0-0.000785  -0.0016 -0.00237 -0.00308 -0.00371 -0.00424 -0.00467 -0.00498 -0.00517 -0.00524 -0.00518   -0.005 -0.00469 -0.00427 -0.00374 -0.00312  -0.0024 -0.00162-0.000796        0
        4|        0-0.000717 -0.00146 -0.00217 -0.00282  -0.0034 -0.00389 -0.00428 -0.00457 -0.00475 -0.00481 -0.00475 -0.00458  -0.0043 -0.00391 -0.00342 -0.00285 -0.00219 -0.00148-0.000726        0
        3|        0-0.000667 -0.00136 -0.00202 -0.00263 -0.00317 -0.00363   -0.004 -0.00427 -0.00444  -0.0045 -0.00444 -0.00429 -0.00402 -0.00365 -0.00319 -0.00265 -0.00204 -0.00138-0.000674        0
        2|        0-0.000636  -0.0013 -0.00193 -0.00251 -0.00302 -0.00346 -0.00382 -0.00407 -0.00423 -0.00429 -0.00424 -0.00408 -0.00383 -0.00348 -0.00304 -0.00252 -0.00194 -0.00131-0.000642        0
        1|        0 -0.00058 -0.00119 -0.00176 -0.00229 -0.00277 -0.00317 -0.00349 -0.00373 -0.00388 -0.00393 -0.00388 -0.00374 -0.00351 -0.00319 -0.00278 -0.00231 -0.00178  -0.0012-0.000586        0
        0|        0 0.000563  0.00115  0.00171  0.00222  0.00268  0.00307  0.00338  0.00361  0.00375   0.0038  0.00376  0.00362  0.00339  0.00308  0.00269  0.00223  0.00172  0.00116 0.000568        0

v (22x12): 
         |        0        1        2        3        4        5        6        7        8        9       10       11       12       13       14       15       16       17       18       19       20       21
-------------------------------------------------------------------------------------------------------------------------------------------------------------------------------------------------------------------------
       10| -0.00897  0.00927   0.0096  0.00902  0.00817  0.00713  0.00597  0.00472  0.00342   0.0021 0.000759-0.000587 -0.00193 -0.00328 -0.00461 -0.00591 -0.00713 -0.00823 -0.00913 -0.00976 -0.00947  0.00915
        9| -0.00747  0.00772    0.008  0.00754  0.00687  0.00604  0.00508  0.00404  0.00294   0.0018 0.000647-0.000516 -0.00168 -0.00283 -0.00396 -0.00504 -0.00604 -0.00692 -0.00763 -0.00812 -0.00785  0.00759
        8| -0.00619  0.00639  0.00664  0.00628  0.00574  0.00506  0.00428  0.00341  0.00249  0.00153 0.000546-0.000447 -0.00144 -0.00241 -0.00336 -0.00425 -0.00506 -0.00577 -0.00634 -0.00672 -0.00649  0.00627
        7| -0.00509  0.00526  0.00546  0.00517  0.00474   0.0042  0.00356  0.00285  0.00208  0.00128 0.000454-0.000379 -0.00121 -0.00202 -0.00281 -0.00354  -0.0042 -0.00477 -0.00522 -0.00552 -0.00532  0.00515
        6| -0.00413  0.00427  0.00444  0.00421  0.00387  0.00343  0.00291  0.00233  0.00171  0.00105 0.000372-0.000316-0.000999 -0.00167  -0.0023  -0.0029 -0.00343 -0.00388 -0.00424 -0.00448 -0.00431  0.00417
        5| -0.00328  0.00339  0.00353  0.00335  0.00308  0.00274  0.00233  0.00187  0.00137 0.000842 0.000296-0.000255-0.000804 -0.00134 -0.00185 -0.00232 -0.00274 -0.00309 -0.00337 -0.00355 -0.00342  0.00331
        4| -0.00252   0.0026  0.00271  0.00257  0.00237  0.00211   0.0018  0.00144  0.00106  0.00065 0.000229-0.000199-0.000623 -0.00104 -0.00143 -0.00179 -0.00211 -0.00238 -0.00259 -0.00273 -0.00262  0.00254
        3| -0.00183  0.00189  0.00196  0.00187  0.00172  0.00153  0.00131  0.00105 0.000769 0.000474 0.000165-0.000145-0.000455-0.000754 -0.00104  -0.0013 -0.00153 -0.00172 -0.00188 -0.00198  -0.0019  0.00184
        2| -0.00118  0.00122  0.00127  0.00121  0.00111  0.00099 0.000845 0.000679 0.000499 0.000306 0.000108-9.47e-05-0.000294-0.000489-0.000672-0.000841-0.000989 -0.00111 -0.00121 -0.00128 -0.00123  0.00119
        1|-0.000565 0.000582 0.000606 0.000577 0.000532 0.000474 0.000404 0.000326 0.000239 0.000147 5.13e-05-4.45e-05-0.000141-0.000233-0.000322-0.000402-0.000474-0.000532-0.000579-0.000609-0.000585 0.000567
        0|        0        0        0        0        0        0        0        0        0        0        0        0        0        0        0        0        0        0        0        0        0        0

p (22x12): 
         |        0        1        2        3        4        5        6        7        8        9       10       11       12       13       14       15       16       17       18       19       20       21
-------------------------------------------------------------------------------------------------------------------------------------------------------------------------------------------------------------------------
       11|   -0.286   -0.286   -0.285   -0.285   -0.284   -0.283   -0.282   -0.281    -0.28   -0.278   -0.277   -0.275   -0.274   -0.272   -0.271    -0.27   -0.268   -0.267   -0.267   -0.266   -0.266   -0.266
       10|   -0.284   -0.284   -0.284   -0.284   -0.283   -0.282   -0.281    -0.28   -0.279   -0.278   -0.277   -0.275   -0.274   -0.273   -0.272   -0.271    -0.27   -0.269   -0.268   -0.268   -0.267   -0.267
        9|   -0.283   -0.283   -0.283   -0.283   -0.282   -0.282   -0.281    -0.28   -0.279   -0.278   -0.277   -0.275   -0.274   -0.273   -0.272   -0.271    -0.27    -0.27   -0.269   -0.269   -0.269   -0.269
        8|   -0.282   -0.282   -0.282   -0.282   -0.281   -0.281    -0.28   -0.279   -0.278   -0.277   -0.277   -0.276   -0.275   -0.274   -0.273   -0.272   -0.271    -0.27    -0.27    -0.27    -0.27    -0.27
        7|   -0.282   -0.282   -0.281   -0.281   -0.281    -0.28    -0.28   -0.279   -0.278   -0.277   -0.276   -0.276   -0.275   -0.274   -0.273   -0.272   -0.272   -0.271   -0.271    -0.27    -0.27    -0.27
        6|   -0.281   -0.281   -0.281   -0.281    -0.28    -0.28   -0.279   -0.279   -0.278   -0.277   -0.276   -0.276   -0.275   -0.274   -0.273   -0.273   -0.272   -0.272   -0.271   -0.271   -0.271   -0.271
        5|    -0.28    -0.28    -0.28    -0.28    -0.28   -0.279   -0.279   -0.278   -0.278   -0.277   -0.276   -0.276   -0.275   -0.274   -0.274   -0.273   -0.272   -0.272   -0.272   -0.272   -0.271   -0.271
        4|    -0.28    -0.28    -0.28    -0.28   -0.279   -0.279   -0.279   -0.278   -0.278   -0.277   -0.276   -0.276   -0.275   -0.274   -0.274   -0.273   -0.273   -0.272   -0.272   -0.272   -0.272   -0.272
        3|    -0.28    -0.28    -0.28    -0.28   -0.279   -0.279   -0.278   -0.278   -0.277   -0.277   -0.276   -0.276   -0.275   -0.274   -0.274   -0.273   -0.273   -0.273   -0.272   -0.272   -0.272   -0.272
        2|    -0.28    -0.28    -0.28   -0.279   -0.279   -0.279   -0.278   -0.278   -0.277   -0.277   -0.276   -0.276   -0.275   -0.275   -0.274   -0.274   -0.273   -0.273   -0.272   -0.272   -0.272   -0.272
        1|    -0.28    -0.28   -0.279   -0.279   -0.279   -0.279   -0.278   -0.278   -0.277   -0.277   -0.276   -0.276   -0.275   -0.275   -0.274   -0.274   -0.273   -0.273   -0.273   -0.272   -0.272   -0.272
        0|    -0.28    -0.28   -0.279   -0.279   -0.279   -0.279   -0.278   -0.278   -0.277   -0.277   -0.276   -0.276   -0.275   -0.275   -0.274   -0.274   -0.273   -0.273   -0.273   -0.272   -0.272   -0.272

F (22x12): 
         |        0        1        2        3        4        5        6        7        8        9       10       11       12       13       14       15       16       17       18       19       20
-------------------------------------------------------------------------------------------------------------------------------------------------------------------------------------------------------------------------
       11|        0        0        0        0        0        0        0        0        0        0        0        0        0        0        0        0        0        0        0        0        0
       10|        0  -0.0015 -0.00305 -0.00447 -0.00572 -0.00678 -0.00763 -0.00828 -0.00875 -0.00903 -0.00913 -0.00906 -0.00882 -0.00838 -0.00775 -0.00691 -0.00586  -0.0046 -0.00315 -0.00156        0
        9|        0 -0.00128  -0.0026 -0.00382 -0.00491 -0.00585 -0.00662 -0.00722 -0.00765 -0.00791 -0.00801 -0.00794 -0.00771  -0.0073 -0.00672 -0.00595 -0.00501 -0.00391 -0.00267 -0.00132        0
        8|        0  -0.0011 -0.00224  -0.0033 -0.00426 -0.00509 -0.00578 -0.00633 -0.00672 -0.00696 -0.00705 -0.00699 -0.00676 -0.00639 -0.00585 -0.00517 -0.00433 -0.00337 -0.00228 -0.00113        0
        7|        0-0.000959 -0.00195 -0.00288 -0.00373 -0.00447  -0.0051 -0.00559 -0.00595 -0.00617 -0.00625 -0.00618 -0.00598 -0.00563 -0.00515 -0.00453 -0.00379 -0.00293 -0.00199-0.000978        0
        6|        0-0.000848 -0.00172 -0.00255 -0.00331 -0.00398 -0.00454 -0.00499 -0.00531 -0.00551 -0.00558 -0.00553 -0.00534 -0.00502 -0.00458 -0.00402 -0.00335 -0.00259 -0.00175-0.000861        0
        5|        0-0.000759 -0.00155 -0.00229 -0.00298 -0.00358 -0.00409  -0.0045  -0.0048 -0.00499 -0.00505   -0.005 -0.00482 -0.00453 -0.00412 -0.00361 -0.00301 -0.00232 -0.00157 -0.00077        0
        4|        0-0.000694 -0.00141  -0.0021 -0.00272 -0.00328 -0.00375 -0.00413 -0.00441 -0.00458 -0.00464 -0.00459 -0.00442 -0.00415 -0.00378  -0.0033 -0.00275 -0.00212 -0.00143-0.000702        0
        3|        0-0.000646 -0.00132 -0.00195 -0.00254 -0.00306 -0.00351 -0.00386 -0.00412 -0.00428 -0.00434 -0.00429 -0.00413 -0.00388 -0.00352 -0.00308 -0.00256 -0.00197 -0.00133-0.000652        0
        2|        0-0.000615 -0.00125 -0.00186 -0.00242 -0.00292 -0.00334 -0.00368 -0.00393 -0.00409 -0.00414 -0.00409 -0.00394  -0.0037 -0.00336 -0.00293 -0.00243 -0.00187 -0.00126 -0.00062        0
        1|        0 -0.00056 -0.00114  -0.0017 -0.00221 -0.00266 -0.00305 -0.00336 -0.00359 -0.00373 -0.00378 -0.00374  -0.0036 -0.00338 -0.00307 -0.00268 -0.00222 -0.00171 -0.00115-0.000565        0
        0|        0 0.000563  0.00115  0.00171  0.00222  0.00268  0.00307  0.00338  0.00361  0.00375   0.0038  0.00376  0.00362  0.00339  0.00308  0.00269  0.00223  0.00172  0.00116 0.000568        0

G (22x12): 
         |        0        1        2        3        4        5        6        7        8        9       10       11       12       13       14       15       16       17       18       19       20       21
-------------------------------------------------------------------------------------------------------------------------------------------------------------------------------------------------------------------------
       10| -0.00897  0.00892  0.00926  0.00869  0.00787  0.00687  0.00574  0.00453  0.00328  0.00201 0.000721-0.000574 -0.00187 -0.00316 -0.00444 -0.00568 -0.00685  -0.0079 -0.00877 -0.00937 -0.00906  0.00915
        9| -0.00747  0.00743  0.00772  0.00728  0.00663  0.00582   0.0049  0.00389  0.00283  0.00173 0.000617-0.000505 -0.00163 -0.00274 -0.00383 -0.00486 -0.00583 -0.00667 -0.00736 -0.00783 -0.00755  0.00759
        8| -0.00619  0.00616  0.00641  0.00605  0.00554  0.00488  0.00413  0.00329   0.0024  0.00147 0.000522-0.000437 -0.00139 -0.00233 -0.00324  -0.0041 -0.00489 -0.00557 -0.00611 -0.00648 -0.00624  0.00627
        7| -0.00509  0.00506  0.00527  0.00499  0.00458  0.00405  0.00343  0.00274    0.002  0.00123 0.000434 -0.00037 -0.00117 -0.00196 -0.00271 -0.00342 -0.00405  -0.0046 -0.00504 -0.00533 -0.00512  0.00515
        6| -0.00413  0.00411  0.00428  0.00406  0.00373  0.00331  0.00281  0.00225  0.00165  0.00101 0.000356-0.000308-0.000966 -0.00161 -0.00222  -0.0028 -0.00331 -0.00375 -0.00409 -0.00432 -0.00415  0.00417
        5| -0.00328  0.00326   0.0034  0.00323  0.00297  0.00264  0.00225   0.0018  0.00132  0.00081 0.000283-0.000248-0.000778 -0.00129 -0.00178 -0.00224 -0.00264 -0.00298 -0.00325 -0.00343 -0.00329  0.00331
        4| -0.00252  0.00251  0.00262  0.00248  0.00229  0.00203  0.00173  0.00139  0.00102 0.000626 0.000219-0.000194-0.000602   -0.001 -0.00138 -0.00173 -0.00203  -0.0023  -0.0025 -0.00263 -0.00253  0.00254
        3| -0.00183  0.00182   0.0019   0.0018  0.00166  0.00148  0.00126  0.00101 0.000742 0.000456 0.000159-0.000141 -0.00044-0.000728   -0.001 -0.00125 -0.00148 -0.00166 -0.00181 -0.00191 -0.00183  0.00184
        2| -0.00118  0.00117  0.00123  0.00116  0.00107 0.000956 0.000816 0.000655 0.000481 0.000295 0.000103-9.21e-05-0.000285-0.000473-0.000649-0.000812-0.000955 -0.00108 -0.00117 -0.00123 -0.00118  0.00119
        1|-0.000565 0.000562 0.000586 0.000558 0.000514 0.000459 0.000391 0.000315  0.00023 0.000142 4.93e-05-4.34e-05-0.000137-0.000226-0.000311-0.000389-0.000458-0.000515 -0.00056-0.000589-0.000565 0.000567
        0|        0        0        0        0        0        0        0        0        0        0        0        0        0        0        0        0        0        0        0        0        0        0

rhs (22x12): 
         |        0        1        2        3        4        5        6        7        8        9       10       11       12       13       14       15       16       17       18       19       20       21
-------------------------------------------------------------------------------------------------------------------------------------------------------------------------------------------------------------------------
       11|        0        0        0        0        0        0        0        0        0        0        0        0        0        0        0        0        0        0        0        0        0        0
       10|        0 -0.00699 -0.00307 -0.00432 -0.00328 -0.00437 -0.00306 -0.00379 -0.00207 -0.00238-0.000239-0.000131  0.00253  0.00327  0.00654  0.00782   0.0115   0.0129   0.0163   0.0169   0.0205        0
        9|        0 -0.00221-0.000761 0.000366 -0.00073 0.000414-0.000681  0.00046-0.000643 0.000488-0.000627 0.000475-0.000654  0.00045 -0.00069 0.000403-0.000746 0.000343-0.000803 0.000319  0.00218        0
        8|        0  -0.0026 0.000449-0.000665 0.000471-0.000629 0.000509-0.000594 0.000539-0.000571 0.000553-0.000581 0.000532  -0.0006 0.000503-0.000636 0.000462 -0.00068 0.000421-0.000699  0.00273        0
        7|        0 -0.00142-0.000611 0.000516 -0.00059 0.000546-0.000559 0.000576-0.000533 0.000595-0.000521 0.000589-0.000538 0.000573-0.000561 0.000543-0.000595 0.000508-0.000628 0.000493  0.00164        0
        6|        0 -0.00199 0.000553-0.000562 0.000571-0.000535   0.0006-0.000508 0.000623 -0.00049 0.000634-0.000494 0.000621-0.000508   0.0006-0.000534  0.00057-0.000565 0.000543 -0.00058  0.00229        0
        5|        0-0.000942-0.000539 0.000589 -0.00052 0.000613-0.000494 0.000639-0.000471 0.000657 -0.00046 0.000654-0.000471 0.000641 -0.00049 0.000617-0.000518 0.000589-0.000544 0.000575   0.0013        0
        4|        0 -0.00163 0.000603-0.000512  0.00062-0.000488 0.000646-0.000462 0.000668-0.000445 0.000679-0.000446  0.00067-0.000459 0.000651-0.000482 0.000625-0.000509 0.000601-0.000524  0.00202        0
        3|        0-0.000681-0.000505 0.000623-0.000487 0.000646-0.000462 0.000671 -0.00044 0.000688 -0.00043 0.000688-0.000437 0.000676-0.000455 0.000653-0.000481 0.000627-0.000505 0.000613  0.00109        0
        2|        0 -0.00145 0.000627-0.000489 0.000643-0.000467 0.000667-0.000444 0.000687-0.000428 0.000697-0.000426 0.000692-0.000437 0.000674 -0.00046  0.00065-0.000484 0.000628  -0.0005  0.00188        0
        1|        0 0.000643 0.000977  0.00177 0.000846  0.00159 0.000619  0.00132 0.000315 0.000984-3.97e-05 0.000613-0.000418 0.000237-0.000785-0.000111  -0.0011-0.000388 -0.00133-0.000552 7.85e-05        0
        0|        0        0        0        0        0        0        0        0        0        0        0        0        0        0        0        0        0        0        0        0        0        0

