t: 0.839556
nCells: 20x10, dx: 0.1, dy: 0.1

u (22x12): 
         |        0        1        2        3        4        5        6        7        8        9       10       11       12       13       14       15       16       17       18       19       20
-------------------------------------------------------------------------------------------------------------------------------------------------------------------------------------------------------------------------
       11|        0     1.94     1.91     1.89     1.88     1.88     1.88     1.87     1.87     1.87     1.87     1.87     1.87     1.87     1.87     1.88     1.88     1.89      1.9     1.93        0
       10|        0   0.0642   0.0951    0.111    0.119    0.124    0.127    0.129    0.131    0.132    0.132    0.132    0.132    0.131     0.13    0.128    0.124    0.118    0.104   0.0722        0
        9|        0  -0.0248  -0.0262  -0.0228  -0.0194  -0.0168  -0.0149  -0.0136  -0.0127  -0.0122   -0.012   -0.012  -0.0123   -0.013   -0.014  -0.0157   -0.018  -0.0211  -0.0241  -0.0224        0
        8|        0  -0.0128   -0.019  -0.0206  -0.0203  -0.0196  -0.0188  -0.0181  -0.0176  -0.0174  -0.0173  -0.0174  -0.0177  -0.0182  -0.0191  -0.0202  -0.0217  -0.0231  -0.0232   -0.018        0
        7|        0 -0.00754  -0.0129  -0.0156  -0.0167   -0.017   -0.017  -0.0169  -0.0167  -0.0166  -0.0166  -0.0167  -0.0169  -0.0172  -0.0176  -0.0179  -0.0181  -0.0177  -0.0156  -0.0101        0
        6|        0 -0.00504  -0.0093  -0.0121  -0.0138  -0.0148  -0.0153  -0.0155  -0.0156  -0.0157  -0.0158  -0.0158  -0.0159  -0.0159  -0.0158  -0.0156   -0.015  -0.0136  -0.0109 -0.00621        0
        5|        0 -0.00372 -0.00717 -0.00981  -0.0117  -0.0129  -0.0137  -0.0143  -0.0146  -0.0148  -0.0149  -0.0149  -0.0148  -0.0146  -0.0143  -0.0136  -0.0126  -0.0108 -0.00812 -0.00433        0
        4|        0 -0.00297 -0.00586 -0.00827  -0.0101  -0.0115  -0.0125  -0.0132  -0.0137   -0.014  -0.0141  -0.0141  -0.0139  -0.0136   -0.013  -0.0121  -0.0108 -0.00897 -0.00647 -0.00332        0
        3|        0 -0.00252 -0.00505 -0.00726 -0.00908  -0.0105  -0.0116  -0.0124   -0.013  -0.0133  -0.0134  -0.0134  -0.0132  -0.0127   -0.012   -0.011 -0.00962 -0.00778 -0.00548 -0.00275        0
        2|        0 -0.00226 -0.00457 -0.00664 -0.00841 -0.00986   -0.011  -0.0118  -0.0124  -0.0128   -0.013  -0.0129  -0.0126  -0.0121  -0.0114  -0.0103 -0.00887 -0.00707  -0.0049 -0.00243        0
        1|        0 -0.00217 -0.00444 -0.00649 -0.00826  -0.0097  -0.0108  -0.0117  -0.0122  -0.0126  -0.0127  -0.0126  -0.0123  -0.0117  -0.0109 -0.00974 -0.00831 -0.00655  -0.0045  -0.0022        0
        0|        0 -0.00179 -0.00366 -0.00538  -0.0069 -0.00819 -0.00923    -0.01  -0.0106   -0.011  -0.0111   -0.011  -0.0107  -0.0102 -0.00946 -0.00844 -0.00716 -0.00561 -0.00384  -0.0019        0

v (22x12): 
         |        0        1        2        3        4        5        6        7        8        9       10       11       12       13       14       15       16       17       18       19       20       21
-------------------------------------------------------------------------------------------------------------------------------------------------------------------------------------------------------------------------
       10|        0        0        0        0        0        0        0        0        0        0        0        0        0        0        0        0        0        0        0        0        0        0
        9|  -0.0629   0.0642   0.0309   0.0155  0.00855  0.00508  0.00317  0.00204  0.00131 0.000804 0.000419 7.64e-05-0.000267-0.000654 -0.00119 -0.00202 -0.00354 -0.00666  -0.0138  -0.0318  -0.0722   0.0702
        8|  -0.0386   0.0394   0.0295   0.0189    0.012  0.00772  0.00507  0.00334  0.00216  0.00131 0.000631 3.33e-05-0.000575 -0.00129 -0.00224 -0.00364 -0.00588 -0.00973  -0.0168  -0.0301  -0.0498   0.0481
        7|   -0.026   0.0266   0.0234   0.0173   0.0122   0.0085  0.00586  0.00399  0.00263  0.00158 0.000716-7.14e-05-0.000889 -0.00184 -0.00308  -0.0048 -0.00732  -0.0111  -0.0169   -0.025  -0.0317   0.0307
        6|  -0.0186    0.019   0.0181   0.0145   0.0111  0.00818  0.00589  0.00413  0.00277  0.00167 0.000726-0.000156 -0.00107 -0.00213 -0.00344 -0.00518 -0.00752  -0.0107  -0.0148  -0.0195  -0.0217    0.021
        5|  -0.0136    0.014   0.0138   0.0117  0.00938  0.00724   0.0054  0.00388  0.00264   0.0016 0.000673-0.000204 -0.00112 -0.00215 -0.00339 -0.00494  -0.0069 -0.00931  -0.0121  -0.0148  -0.0154    0.015
        4|    -0.01   0.0103   0.0104  0.00906  0.00752  0.00598  0.00458  0.00336  0.00232   0.0014 0.000578 -0.00022 -0.00104 -0.00196 -0.00303 -0.00431 -0.00582 -0.00757  -0.0094   -0.011  -0.0111   0.0108
        3| -0.00712  0.00729  0.00745  0.00666  0.00565  0.00459  0.00358  0.00267  0.00185  0.00113 0.000451-0.000203-0.000882 -0.00162 -0.00246 -0.00343 -0.00453 -0.00572 -0.00691 -0.00788  -0.0078  0.00759
        2| -0.00466  0.00477  0.00492  0.00445  0.00383  0.00315  0.00249  0.00187  0.00131  0.00079 0.000307-0.000168-0.000654 -0.00118 -0.00176 -0.00242 -0.00313 -0.00388  -0.0046 -0.00516 -0.00505  0.00491
        1| -0.00246  0.00251  0.00261  0.00237  0.00205  0.00171  0.00136  0.00102 0.000713 0.000426 0.000152-0.000115 -0.00039 -0.00068-0.000998 -0.00134 -0.00171 -0.00208 -0.00243 -0.00269 -0.00262  0.00255
        0|  -0.0104   0.0107   0.0112   0.0106  0.00958  0.00838  0.00702  0.00556  0.00405   0.0025 0.000932-0.000649 -0.00224 -0.00382  -0.0054 -0.00693 -0.00838 -0.00968  -0.0108  -0.0115   -0.011   0.0107

p (22x12): 
         |        0        1        2        3        4        5        6        7        8        9       10       11       12       13       14       15       16       17       18       19       20       21
-------------------------------------------------------------------------------------------------------------------------------------------------------------------------------------------------------------------------
       11|   -0.501   -0.501   -0.494    -0.49   -0.486   -0.483    -0.48   -0.478   -0.476   -0.474   -0.471   -0.469   -0.467   -0.465   -0.463   -0.461   -0.458   -0.455    -0.45   -0.442   -0.429   -0.429
       10|   -0.501   -0.501   -0.494    -0.49   -0.486   -0.483    -0.48   -0.478   -0.476   -0.474   -0.471   -0.469   -0.467   -0.465   -0.463   -0.461   -0.458   -0.455    -0.45   -0.442   -0.429   -0.429
        9|   -0.493   -0.493   -0.491   -0.488   -0.485   -0.482    -0.48   -0.478   -0.475   -0.473   -0.471   -0.469   -0.467   -0.465   -0.463   -0.461   -0.458   -0.455   -0.452   -0.447   -0.441   -0.441
        8|   -0.488   -0.488   -0.487   -0.486   -0.484   -0.481   -0.479   -0.477   -0.475   -0.473   -0.471   -0.469   -0.467   -0.465   -0.463   -0.461   -0.459   -0.456   -0.453    -0.45   -0.448   -0.448
        7|   -0.485   -0.485   -0.485   -0.484   -0.482    -0.48   -0.478   -0.477   -0.475   -0.473   -0.471   -0.469   -0.467   -0.465   -0.463   -0.461   -0.459   -0.457   -0.455   -0.453   -0.452   -0.452
        6|   -0.483   -0.483   -0.483   -0.482   -0.481   -0.479   -0.478   -0.476   -0.474   -0.473   -0.471   -0.469   -0.467   -0.466   -0.464   -0.462    -0.46   -0.458   -0.457   -0.455   -0.454   -0.454
        5|   -0.482   -0.482   -0.481   -0.481    -0.48   -0.478   -0.477   -0.476   -0.474   -0.472   -0.471   -0.469   -0.467   -0.466   -0.464   -0.462   -0.461   -0.459   -0.458   -0.457   -0.456   -0.456
        4|    -0.48    -0.48    -0.48    -0.48   -0.479   -0.478   -0.476   -0.475   -0.474   -0.472   -0.471   -0.469   -0.467   -0.466   -0.464   -0.463   -0.461    -0.46   -0.459   -0.458   -0.458   -0.458
        3|    -0.48    -0.48   -0.479   -0.479   -0.478   -0.477   -0.476   -0.475   -0.473   -0.472   -0.471   -0.469   -0.467   -0.466   -0.464   -0.463   -0.462   -0.461    -0.46   -0.459   -0.459   -0.459
        2|   -0.479   -0.479   -0.479   -0.478   -0.478   -0.477   -0.476   -0.475   -0.473   -0.472    -0.47   -0.469   -0.468   -0.466   -0.465   -0.463   -0.462   -0.461    -0.46    -0.46   -0.459   -0.459
        1|   -0.479   -0.479   -0.479   -0.478   -0.478   -0.477   -0.476   -0.475   -0.473   -0.472    -0.47   -0.469   -0.468   -0.466   -0.465   -0.463   -0.462   -0.461    -0.46    -0.46    -0.46    -0.46
        0|   -0.478   -0.478   -0.477   -0.477   -0.477   -0.476   -0.475   -0.474   -0.473   -0.472    -0.47   -0.469   -0.468   -0.467   -0.465   -0.464   -0.463   -0.462   -0.462   -0.461   -0.461   -0.461

F (22x12): 
         |        0        1        2        3        4        5        6        7        8        9       10       11       12       13       14       15       16       17       18       19       20
-------------------------------------------------------------------------------------------------------------------------------------------------------------------------------------------------------------------------
       11|        0     1.94     1.91     1.89     1.88     1.88     1.88     1.87     1.87     1.87     1.87     1.87     1.87     1.87     1.87     1.88     1.88     1.89      1.9     1.93        0
       10|        0   0.0661   0.0962    0.112     0.12    0.125    0.128     0.13    0.131    0.132    0.133    0.133    0.132    0.132    0.131    0.129    0.125    0.119    0.106   0.0756        0
        9|        0  -0.0243  -0.0255  -0.0221  -0.0187  -0.0161  -0.0143   -0.013  -0.0122  -0.0117  -0.0115  -0.0115  -0.0118  -0.0124  -0.0135   -0.015  -0.0173  -0.0202  -0.0228  -0.0209        0
        8|        0  -0.0126  -0.0185    -0.02  -0.0198   -0.019  -0.0182  -0.0176  -0.0171  -0.0169  -0.0168  -0.0169  -0.0172  -0.0177  -0.0185  -0.0196   -0.021  -0.0223  -0.0224  -0.0174        0
        7|        0 -0.00738  -0.0126  -0.0152  -0.0163  -0.0166  -0.0165  -0.0164  -0.0163  -0.0162  -0.0162  -0.0162  -0.0164  -0.0167   -0.017  -0.0174  -0.0176  -0.0171  -0.0151 -0.00974        0
        6|        0 -0.00493 -0.00907  -0.0118  -0.0135  -0.0144  -0.0148  -0.0151  -0.0152  -0.0153  -0.0153  -0.0153  -0.0154  -0.0154  -0.0153  -0.0151  -0.0145  -0.0132  -0.0105 -0.00601        0
        5|        0 -0.00363   -0.007 -0.00956  -0.0114  -0.0126  -0.0134  -0.0139  -0.0142  -0.0144  -0.0144  -0.0145  -0.0144  -0.0142  -0.0138  -0.0132  -0.0122  -0.0105 -0.00786 -0.00419        0
        4|        0  -0.0029 -0.00571 -0.00805 -0.00987  -0.0112  -0.0122  -0.0128  -0.0133  -0.0136  -0.0137  -0.0137  -0.0135  -0.0132  -0.0126  -0.0117  -0.0105 -0.00869 -0.00627 -0.00322        0
        3|        0 -0.00246 -0.00492 -0.00707 -0.00884  -0.0102  -0.0113  -0.0121  -0.0126  -0.0129   -0.013   -0.013  -0.0128  -0.0123  -0.0117  -0.0107 -0.00933 -0.00754 -0.00531 -0.00267        0
        2|        0 -0.00221 -0.00445 -0.00647 -0.00819 -0.00959  -0.0107  -0.0115  -0.0121  -0.0124  -0.0126  -0.0125  -0.0123  -0.0118   -0.011 -0.00998  -0.0086 -0.00685 -0.00475 -0.00236        0
        1|        0 -0.00211 -0.00433 -0.00632 -0.00803 -0.00943  -0.0105  -0.0113  -0.0119  -0.0122  -0.0123  -0.0122  -0.0119  -0.0113  -0.0105 -0.00943 -0.00804 -0.00634 -0.00435 -0.00214        0
        0|        0        0        0        0        0        0        0        0        0        0        0        0        0        0        0        0        0        0        0        0        0

G (22x12): 
         |        0        1        2        3        4        5        6        7        8        9       10       11       12       13       14       15       16       17       18       19       20       21
-------------------------------------------------------------------------------------------------------------------------------------------------------------------------------------------------------------------------
       10|        0        0        0        0        0        0        0        0        0        0        0        0        0        0        0        0        0        0        0        0        0        0
        9|  -0.0629   0.0622   0.0302   0.0151   0.0083  0.00492  0.00306  0.00196  0.00126  0.00077 0.000397 6.47e-05-0.000268-0.000644 -0.00116 -0.00198 -0.00344 -0.00643  -0.0133  -0.0305  -0.0689   0.0702
        8|  -0.0386   0.0382   0.0286   0.0182   0.0115  0.00744  0.00487  0.00321  0.00207  0.00124 0.000591  1.1e-05-0.000582 -0.00128 -0.00221 -0.00359 -0.00578 -0.00955  -0.0164  -0.0293  -0.0481   0.0481
        7|   -0.026   0.0258   0.0227   0.0167   0.0118  0.00821  0.00566  0.00385  0.00252  0.00151 0.000674-9.15e-05-0.000888 -0.00182 -0.00302  -0.0047 -0.00716  -0.0109  -0.0165  -0.0243  -0.0307   0.0307
        6|  -0.0186   0.0185   0.0176   0.0141   0.0107  0.00791   0.0057  0.00399  0.00267   0.0016 0.000685-0.000172 -0.00106 -0.00209 -0.00337 -0.00506 -0.00734  -0.0104  -0.0144  -0.0189  -0.0209    0.021
        5|  -0.0136   0.0136   0.0134   0.0114   0.0091  0.00701  0.00523  0.00376  0.00255  0.00153 0.000637-0.000215  -0.0011 -0.00211 -0.00332 -0.00482 -0.00672 -0.00906  -0.0118  -0.0144  -0.0149    0.015
        4|    -0.01  0.00995   0.0101  0.00881   0.0073   0.0058  0.00444  0.00325  0.00224  0.00135 0.000548-0.000227 -0.00103 -0.00192 -0.00296  -0.0042 -0.00567 -0.00736 -0.00914  -0.0107  -0.0108   0.0108
        3| -0.00712  0.00708  0.00725  0.00647  0.00549  0.00446  0.00348  0.00259  0.00179  0.00109 0.000429-0.000207-0.000867 -0.00158  -0.0024 -0.00334 -0.00441 -0.00556 -0.00671 -0.00765 -0.00755  0.00759
        2| -0.00466  0.00463  0.00479  0.00432  0.00372  0.00306  0.00242  0.00182  0.00127 0.000764 0.000294-0.000169-0.000642 -0.00115 -0.00172 -0.00236 -0.00305 -0.00378 -0.00447 -0.00501 -0.00489  0.00491
        1| -0.00246  0.00248  0.00259  0.00235  0.00203  0.00169  0.00134  0.00101 0.000706 0.000421 0.000149-0.000115-0.000387-0.000674-0.000987 -0.00132 -0.00169 -0.00205 -0.00239 -0.00264 -0.00256  0.00255
        0|  -0.0104        0        0        0        0        0        0        0        0        0        0        0        0        0        0        0        0        0        0        0        0   0.0107

rhs (22x12): 
         |        0        1        2        3        4        5        6        7        8        9       10       11       12       13       14       15       16       17       18       19       20       21
-------------------------------------------------------------------------------------------------------------------------------------------------------------------------------------------------------------------------
       11|        0        0        0        0        0        0        0        0        0        0        0        0        0        0        0        0        0        0        0        0        0        0
       10|        0     1.52  -0.0298   0.0819   0.0546   0.0305   0.0191   0.0112  0.00882  0.00582   0.0064  0.00477  0.00519  0.00553  0.00963   0.0141   0.0267   0.0496   0.0951   0.0856     -2.6        0
        9|        0  -0.0817    0.135   0.0912   0.0474   0.0277   0.0153   0.0111  0.00622    0.006   0.0035  0.00555  0.00581  0.00895    0.011   0.0206   0.0369   0.0817    0.183    0.309   0.0272        0
        8|        0   -0.065  -0.0158 -0.00789 -0.00161 -0.00145  0.00081-0.000554  0.00114-0.000446  0.00117-0.000359  0.00135 -0.00023  0.00141-0.000226  0.00115 -0.00148 -0.00465  -0.0263  -0.0237        0
        7|        0  -0.0262 -0.00854 -0.00393 -0.00331-0.000448 -0.00139 0.000568-0.000861 0.000838-0.000734 0.000887 -0.00076 0.000751 -0.00107 7.88e-05 -0.00252  -0.0031 -0.00935  -0.0141 -0.00621        0
        6|        0  -0.0154 -0.00305 -0.00347 -0.00079 -0.00168 0.000362-0.000996 0.000754-0.000783 0.000859-0.000751 0.000822-0.000875 0.000559 -0.00139-0.000438 -0.00324 -0.00357 -0.00717  0.00453        0
        5|        0 -0.00912 -0.00299-0.000825 -0.00185 0.000201 -0.00111 0.000682-0.000819 0.000851-0.000735 0.000872-0.000772 0.000769-0.000977 0.000388 -0.00164-0.000698 -0.00324 -0.00246   0.0045        0
        4|        0 -0.00782-0.000583 -0.00188 9.07e-05 -0.00122 0.000605-0.000862 0.000838-0.000723 0.000911-0.000708 0.000876-0.000792 0.000712 -0.00108 0.000242 -0.00179-0.000704 -0.00273  0.00542        0
        3|        0 -0.00524 -0.00179 3.51e-05 -0.00132 0.000513-0.000926 0.000806-0.000728 0.000929-0.000662 0.000943-0.000692  0.00087 -0.00083 0.000636 -0.00119 0.000123 -0.00184-0.000478   0.0038        0
        2|        0  -0.0211  -0.0163  -0.0164  -0.0127   -0.012 -0.00801 -0.00732 -0.00357 -0.00324 9.28e-05-1.44e-05  0.00297  0.00261  0.00531   0.0046  0.00689  0.00572  0.00754  0.00602   0.0123        0
        1|        0    0.143    0.144    0.138    0.126    0.113   0.0955   0.0792   0.0585   0.0401    0.018 -0.00147  -0.0248  -0.0457  -0.0702  -0.0917   -0.116   -0.135   -0.154   -0.165   -0.165        0
        0|        0        0        0        0        0        0        0        0        0        0        0        0        0        0        0        0        0        0        0        0        0        0

