t: 0.813744
nCells: 20x10, dx: 0.1, dy: 0.1

u (22x12): 
         |        0        1        2        3        4        5        6        7        8        9       10       11       12       13       14       15       16       17       18       19       20
-------------------------------------------------------------------------------------------------------------------------------------------------------------------------------------------------------------------------
       11|        0     1.94     1.91     1.89     1.89     1.88     1.88     1.88     1.88     1.88     1.88     1.88     1.88     1.88     1.88     1.88     1.88     1.89      1.9     1.93        0
       10|        0   0.0629   0.0929    0.108    0.116    0.121    0.124    0.126    0.127    0.128    0.128    0.128    0.128    0.128    0.126    0.124    0.121    0.114    0.101   0.0702        0
        9|        0  -0.0244  -0.0257  -0.0224   -0.019  -0.0164  -0.0146  -0.0133  -0.0125   -0.012  -0.0118  -0.0119  -0.0122  -0.0128  -0.0138  -0.0154  -0.0177  -0.0208  -0.0237  -0.0221        0
        8|        0  -0.0126  -0.0185  -0.0201  -0.0198   -0.019  -0.0182  -0.0176  -0.0171  -0.0169  -0.0168  -0.0169  -0.0172  -0.0177  -0.0185  -0.0196   -0.021  -0.0223  -0.0224  -0.0174        0
        7|        0 -0.00738  -0.0126  -0.0152  -0.0163  -0.0166  -0.0165  -0.0164  -0.0163  -0.0162  -0.0162  -0.0162  -0.0164  -0.0167   -0.017  -0.0174  -0.0176  -0.0171  -0.0151 -0.00971        0
        6|        0 -0.00493 -0.00908  -0.0118  -0.0135  -0.0144  -0.0148  -0.0151  -0.0152  -0.0153  -0.0153  -0.0153  -0.0154  -0.0154  -0.0153  -0.0151  -0.0145  -0.0132  -0.0105   -0.006        0
        5|        0 -0.00363 -0.00699 -0.00956  -0.0114  -0.0126  -0.0134  -0.0139  -0.0142  -0.0144  -0.0144  -0.0145  -0.0144  -0.0142  -0.0138  -0.0132  -0.0122  -0.0105 -0.00786 -0.00419        0
        4|        0 -0.00289 -0.00571 -0.00805 -0.00987  -0.0112  -0.0122  -0.0128  -0.0133  -0.0136  -0.0137  -0.0137  -0.0135  -0.0132  -0.0126  -0.0117  -0.0105 -0.00869 -0.00627 -0.00322        0
        3|        0 -0.00246 -0.00492 -0.00707 -0.00884  -0.0102  -0.0113  -0.0121  -0.0126  -0.0129   -0.013   -0.013  -0.0128  -0.0123  -0.0117  -0.0107 -0.00933 -0.00754 -0.00531 -0.00267        0
        2|        0  -0.0022 -0.00445 -0.00647 -0.00818 -0.00959  -0.0107  -0.0115  -0.0121  -0.0124  -0.0126  -0.0125  -0.0123  -0.0118   -0.011 -0.00998  -0.0086 -0.00685 -0.00475 -0.00236        0
        1|        0 -0.00211 -0.00432 -0.00631 -0.00802 -0.00942  -0.0105  -0.0113  -0.0119  -0.0122  -0.0123  -0.0122  -0.0119  -0.0113  -0.0105 -0.00945 -0.00807 -0.00636 -0.00437 -0.00214        0
        0|        0 -0.00174 -0.00356 -0.00523 -0.00671 -0.00796 -0.00897 -0.00975  -0.0103  -0.0106  -0.0108  -0.0107  -0.0104 -0.00992 -0.00918 -0.00819 -0.00694 -0.00544 -0.00372 -0.00184        0

v (22x12): 
         |        0        1        2        3        4        5        6        7        8        9       10       11       12       13       14       15       16       17       18       19       20       21
-------------------------------------------------------------------------------------------------------------------------------------------------------------------------------------------------------------------------
       10|        0        0        0        0        0        0        0        0        0        0        0        0        0        0        0        0        0        0        0        0        0        0
        9|  -0.0616   0.0629     0.03    0.015  0.00823  0.00488  0.00304  0.00195  0.00125 0.000763 0.000392    6e-05-0.000273 -0.00065 -0.00117 -0.00199 -0.00347 -0.00649  -0.0134  -0.0308  -0.0702   0.0682
        8|  -0.0377   0.0386   0.0287   0.0183   0.0116  0.00745  0.00488  0.00321  0.00207  0.00125 0.000594 1.34e-05-0.000579 -0.00128 -0.00221 -0.00358 -0.00576 -0.00952  -0.0164  -0.0292  -0.0481   0.0464
        7|  -0.0253    0.026   0.0228   0.0168   0.0118  0.00822  0.00567  0.00385  0.00253  0.00152 0.000677-8.81e-05-0.000884 -0.00181 -0.00302 -0.00469 -0.00715  -0.0108  -0.0164  -0.0242  -0.0307   0.0297
        6|  -0.0181   0.0186   0.0176   0.0141   0.0108  0.00792  0.00571    0.004  0.00267   0.0016 0.000689-0.000168 -0.00106 -0.00209 -0.00336 -0.00505 -0.00733  -0.0104  -0.0144  -0.0189   -0.021   0.0203
        5|  -0.0133   0.0136   0.0134   0.0114  0.00911  0.00702  0.00523  0.00376  0.00255  0.00154  0.00064-0.000212  -0.0011  -0.0021 -0.00331 -0.00482 -0.00671 -0.00905  -0.0117  -0.0144   -0.015   0.0145
        4| -0.00976     0.01   0.0101  0.00881  0.00731  0.00581  0.00445  0.00326  0.00224  0.00135 0.000551-0.000224 -0.00103 -0.00192 -0.00295 -0.00419 -0.00566 -0.00735 -0.00913  -0.0107  -0.0108   0.0105
        3| -0.00694  0.00712  0.00726  0.00648  0.00549  0.00446  0.00348  0.00259   0.0018  0.00109 0.000431-0.000205-0.000864 -0.00158  -0.0024 -0.00334  -0.0044 -0.00556  -0.0067 -0.00764 -0.00759  0.00737
        2| -0.00455  0.00466  0.00479  0.00433  0.00372  0.00307  0.00242  0.00182  0.00127 0.000766 0.000295-0.000167 -0.00064 -0.00115 -0.00172 -0.00235 -0.00305 -0.00378 -0.00447 -0.00501 -0.00491  0.00478
        1|  -0.0024  0.00246  0.00255  0.00231    0.002  0.00166  0.00132 0.000999 0.000695 0.000415 0.000148-0.000113-0.000381-0.000664-0.000974 -0.00131 -0.00167 -0.00203 -0.00236 -0.00262 -0.00255  0.00249
        0|  -0.0101   0.0104   0.0109   0.0103   0.0093  0.00813  0.00681   0.0054  0.00392  0.00242 0.000896-0.000638 -0.00218 -0.00372 -0.00524 -0.00673 -0.00813 -0.00939  -0.0104  -0.0111  -0.0107   0.0104

p (22x12): 
         |        0        1        2        3        4        5        6        7        8        9       10       11       12       13       14       15       16       17       18       19       20       21
-------------------------------------------------------------------------------------------------------------------------------------------------------------------------------------------------------------------------
       11|   -0.457   -0.457    -0.45   -0.446   -0.442   -0.439   -0.436   -0.434   -0.432   -0.429   -0.427   -0.425   -0.423   -0.421   -0.419   -0.416   -0.414    -0.41   -0.406   -0.398   -0.385   -0.385
       10|   -0.457   -0.457    -0.45   -0.446   -0.442   -0.439   -0.436   -0.434   -0.432   -0.429   -0.427   -0.425   -0.423   -0.421   -0.419   -0.416   -0.414    -0.41   -0.406   -0.398   -0.385   -0.385
        9|   -0.449   -0.449   -0.447   -0.444   -0.441   -0.438   -0.436   -0.434   -0.431   -0.429   -0.427   -0.425   -0.423   -0.421   -0.419   -0.417   -0.414   -0.411   -0.408   -0.403   -0.397   -0.397
        8|   -0.445   -0.445   -0.443   -0.442    -0.44   -0.437   -0.435   -0.433   -0.431   -0.429   -0.427   -0.425   -0.423   -0.421   -0.419   -0.417   -0.415   -0.412   -0.409   -0.406   -0.404   -0.404
        7|   -0.441   -0.441   -0.441    -0.44   -0.438   -0.436   -0.434   -0.433   -0.431   -0.429   -0.427   -0.425   -0.423   -0.421   -0.419   -0.417   -0.415   -0.413   -0.411   -0.409   -0.408   -0.408
        6|   -0.439   -0.439   -0.439   -0.438   -0.437   -0.435   -0.434   -0.432    -0.43   -0.429   -0.427   -0.425   -0.423   -0.421    -0.42   -0.418   -0.416   -0.414   -0.412   -0.411    -0.41    -0.41
        5|   -0.438   -0.438   -0.437   -0.437   -0.436   -0.434   -0.433   -0.431    -0.43   -0.428   -0.427   -0.425   -0.423   -0.422    -0.42   -0.418   -0.417   -0.415   -0.414   -0.413   -0.412   -0.412
        4|   -0.436   -0.436   -0.436   -0.436   -0.435   -0.434   -0.432   -0.431    -0.43   -0.428   -0.427   -0.425   -0.423   -0.422    -0.42   -0.419   -0.417   -0.416   -0.415   -0.414   -0.414   -0.414
        3|   -0.436   -0.436   -0.435   -0.435   -0.434   -0.433   -0.432   -0.431   -0.429   -0.428   -0.426   -0.425   -0.423   -0.422    -0.42   -0.419   -0.418   -0.416   -0.416   -0.415   -0.415   -0.415
        2|   -0.435   -0.435   -0.435   -0.434   -0.434   -0.433   -0.432   -0.431   -0.429   -0.428   -0.426   -0.425   -0.423   -0.422   -0.421   -0.419   -0.418   -0.417   -0.416   -0.415   -0.415   -0.415
        1|   -0.435   -0.435   -0.435   -0.434   -0.434   -0.433   -0.432    -0.43   -0.429   -0.428   -0.426   -0.425   -0.423   -0.422   -0.421   -0.419   -0.418   -0.417   -0.416   -0.416   -0.415   -0.415
        0|   -0.434   -0.434   -0.433   -0.433   -0.432   -0.432   -0.431    -0.43   -0.429   -0.427   -0.426   -0.425   -0.424   -0.422   -0.421    -0.42   -0.419   -0.418   -0.418   -0.417   -0.417   -0.417

F (22x12): 
         |        0        1        2        3        4        5        6        7        8        9       10       11       12       13       14       15       16       17       18       19       20
-------------------------------------------------------------------------------------------------------------------------------------------------------------------------------------------------------------------------
       11|        0     1.94     1.91     1.89     1.89     1.88     1.88     1.88     1.88     1.88     1.88     1.88     1.88     1.88     1.88     1.88     1.88     1.89      1.9     1.93        0
       10|        0   0.0648   0.0941    0.109    0.117    0.122    0.125    0.127    0.128    0.129    0.129    0.129    0.129    0.128    0.127    0.125    0.122    0.116    0.103   0.0736        0
        9|        0  -0.0238  -0.0249  -0.0216  -0.0183  -0.0158   -0.014  -0.0128   -0.012  -0.0115  -0.0113  -0.0113  -0.0116  -0.0122  -0.0133  -0.0148   -0.017  -0.0198  -0.0225  -0.0206        0
        8|        0  -0.0123  -0.0181  -0.0195  -0.0192  -0.0185  -0.0177  -0.0171  -0.0166  -0.0164  -0.0163  -0.0164  -0.0167  -0.0172   -0.018   -0.019  -0.0204  -0.0216  -0.0216  -0.0167        0
        7|        0 -0.00722  -0.0122  -0.0148  -0.0158  -0.0161  -0.0161  -0.0159  -0.0158  -0.0157  -0.0157  -0.0157  -0.0159  -0.0162  -0.0165  -0.0168   -0.017  -0.0166  -0.0146 -0.00938        0
        6|        0 -0.00481 -0.00884  -0.0115  -0.0131   -0.014  -0.0144  -0.0146  -0.0147  -0.0148  -0.0148  -0.0149  -0.0149  -0.0149  -0.0149  -0.0146   -0.014  -0.0127  -0.0102  -0.0058        0
        5|        0 -0.00355 -0.00681  -0.0093  -0.0111  -0.0122   -0.013  -0.0135  -0.0138  -0.0139   -0.014   -0.014  -0.0139  -0.0138  -0.0134  -0.0128  -0.0118  -0.0101  -0.0076 -0.00405        0
        4|        0 -0.00282 -0.00556 -0.00783 -0.00959  -0.0109  -0.0118  -0.0125  -0.0129  -0.0132  -0.0133  -0.0132  -0.0131  -0.0128  -0.0122  -0.0114  -0.0101 -0.00841 -0.00607 -0.00312        0
        3|        0 -0.00239 -0.00479 -0.00687 -0.00859 -0.00994   -0.011  -0.0117  -0.0122  -0.0125  -0.0126  -0.0126  -0.0124   -0.012  -0.0113  -0.0103 -0.00903  -0.0073 -0.00514 -0.00259        0
        2|        0 -0.00215 -0.00433 -0.00629 -0.00795 -0.00931  -0.0104  -0.0112  -0.0117  -0.0121  -0.0122  -0.0121  -0.0119  -0.0114  -0.0107 -0.00967 -0.00832 -0.00663  -0.0046 -0.00229        0
        1|        0 -0.00206  -0.0042 -0.00613 -0.00779 -0.00915  -0.0102   -0.011  -0.0115  -0.0118  -0.0119  -0.0118  -0.0115   -0.011  -0.0102 -0.00914  -0.0078 -0.00615 -0.00422 -0.00207        0
        0|        0        0        0        0        0        0        0        0        0        0        0        0        0        0        0        0        0        0        0        0        0

G (22x12): 
         |        0        1        2        3        4        5        6        7        8        9       10       11       12       13       14       15       16       17       18       19       20       21
-------------------------------------------------------------------------------------------------------------------------------------------------------------------------------------------------------------------------
       10|        0        0        0        0        0        0        0        0        0        0        0        0        0        0        0        0        0        0        0        0        0        0
        9|  -0.0616   0.0609   0.0293   0.0146  0.00798  0.00472  0.00293  0.00188   0.0012  0.00073  0.00037 4.93e-05-0.000273 -0.00064 -0.00115 -0.00194 -0.00337 -0.00627  -0.0129  -0.0296   -0.067   0.0682
        8|  -0.0377   0.0373   0.0278   0.0177   0.0112  0.00717  0.00469  0.00308  0.00199  0.00119 0.000556-7.21e-06-0.000584 -0.00127 -0.00218 -0.00352 -0.00566 -0.00933   -0.016  -0.0284  -0.0465   0.0464
        7|  -0.0253   0.0252   0.0221   0.0162   0.0114  0.00794  0.00546  0.00371  0.00243  0.00145 0.000636-0.000106 -0.00088 -0.00179 -0.00296 -0.00459 -0.00698  -0.0106   -0.016  -0.0235  -0.0297   0.0297
        6|  -0.0181    0.018   0.0171   0.0137   0.0104  0.00766  0.00551  0.00385  0.00257  0.00154  0.00065-0.000182 -0.00105 -0.00205 -0.00329 -0.00493 -0.00714  -0.0101   -0.014  -0.0183  -0.0203   0.0203
        5|  -0.0133   0.0132    0.013    0.011  0.00883   0.0068  0.00506  0.00363  0.00246  0.00148 0.000606-0.000222 -0.00109 -0.00206 -0.00323 -0.00469 -0.00653 -0.00879  -0.0114  -0.0139  -0.0145   0.0145
        4| -0.00976  0.00971  0.00979  0.00856  0.00709  0.00563   0.0043  0.00315  0.00216   0.0013 0.000523 -0.00023 -0.00101 -0.00187 -0.00288 -0.00408 -0.00551 -0.00714 -0.00886  -0.0104  -0.0104   0.0105
        3| -0.00694   0.0069  0.00705  0.00629  0.00533  0.00433  0.00337  0.00251  0.00174  0.00105  0.00041-0.000208-0.000849 -0.00155 -0.00234 -0.00325 -0.00428  -0.0054 -0.00651 -0.00742 -0.00734  0.00737
        2| -0.00455  0.00452  0.00466  0.00421  0.00362  0.00298  0.00235  0.00176  0.00123  0.00074 0.000282-0.000167-0.000628 -0.00113 -0.00168 -0.00229 -0.00297 -0.00367 -0.00434 -0.00486 -0.00476  0.00478
        1|  -0.0024  0.00242  0.00252  0.00229  0.00198  0.00165  0.00131 0.000988 0.000687  0.00041 0.000145-0.000113-0.000378-0.000657-0.000962 -0.00129 -0.00164 -0.00199 -0.00232 -0.00257  -0.0025  0.00249
        0|  -0.0101        0        0        0        0        0        0        0        0        0        0        0        0        0        0        0        0        0        0        0        0   0.0104

rhs (22x12): 
         |        0        1        2        3        4        5        6        7        8        9       10       11       12       13       14       15       16       17       18       19       20       21
-------------------------------------------------------------------------------------------------------------------------------------------------------------------------------------------------------------------------
       11|        0        0        0        0        0        0        0        0        0        0        0        0        0        0        0        0        0        0        0        0        0        0
       10|        0     1.54  -0.0263   0.0784   0.0515   0.0285   0.0178   0.0104  0.00821  0.00544  0.00601  0.00443  0.00493   0.0053  0.00921   0.0135   0.0254   0.0471   0.0903   0.0833    -2.56        0
        9|        0  -0.0788     0.13   0.0867   0.0447    0.026   0.0143   0.0103   0.0058   0.0056  0.00328  0.00529  0.00549  0.00847   0.0105   0.0194   0.0348   0.0767    0.172    0.292   0.0268        0
        8|        0   -0.063  -0.0151 -0.00753 -0.00157  -0.0014 0.000733-0.000534  0.00105-0.000426  0.00108-0.000339  0.00125 -0.00023  0.00129-0.000253 0.000987  -0.0016 -0.00487  -0.0254  -0.0221        0
        7|        0  -0.0254 -0.00813 -0.00374 -0.00312-0.000431  -0.0013 0.000528-0.000807 0.000782-0.000688 0.000828-0.000713 0.000698 -0.00101 6.37e-05 -0.00237 -0.00292 -0.00874  -0.0132 -0.00508        0
        6|        0  -0.0149 -0.00291 -0.00328-0.000755 -0.00158 0.000334-0.000933 0.000704-0.000733 0.000802-0.000704 0.000767 -0.00082 0.000519 -0.00131-0.000415 -0.00303 -0.00333 -0.00669  0.00465        0
        5|        0 -0.00887 -0.00283 -0.00079 -0.00174 0.000182 -0.00104 0.000636-0.000767 0.000794-0.000688 0.000814-0.000723 0.000717-0.000916 0.000359 -0.00154-0.000656 -0.00303  -0.0023  0.00448        0
        4|        0 -0.00757-0.000563 -0.00177 7.77e-05 -0.00115 0.000563-0.000807 0.000783-0.000676 0.000851-0.000663 0.000818-0.000743 0.000663 -0.00101 0.000223 -0.00167 -0.00066 -0.00256  0.00528        0
        3|        0 -0.00511 -0.00168 2.48e-05 -0.00124 0.000477-0.000867 0.000753-0.000681 0.000868-0.000619 0.000881-0.000648 0.000812-0.000778 0.000593 -0.00112 0.000112 -0.00172-0.000451  0.00373        0
        2|        0  -0.0203  -0.0157  -0.0157  -0.0122  -0.0115 -0.00772 -0.00702 -0.00346  -0.0031 6.55e-05  1.4e-05  0.00285  0.00256  0.00513  0.00451   0.0067  0.00563  0.00737  0.00596    0.012        0
        1|        0    0.143    0.145    0.139    0.126    0.113   0.0953   0.0788   0.0581   0.0396   0.0175 -0.00203  -0.0252  -0.0461  -0.0703  -0.0917   -0.115   -0.134   -0.153   -0.164   -0.164        0
        0|        0        0        0        0        0        0        0        0        0        0        0        0        0        0        0        0        0        0        0        0        0        0

