t: 0.582315
nCells: 20x10, dx: 0.1, dy: 0.1

u (22x12): 
         |        0        1        2        3        4        5        6        7        8        9       10       11       12       13       14       15       16       17       18       19       20
-------------------------------------------------------------------------------------------------------------------------------------------------------------------------------------------------------------------------
       11|        0 -0.00156 -0.00316 -0.00459 -0.00581 -0.00682 -0.00761 -0.00819 -0.00859 -0.00882  -0.0089 -0.00882 -0.00859 -0.00819 -0.00761 -0.00683 -0.00583 -0.00461 -0.00317 -0.00157        0
       10|        0  -0.0013 -0.00262 -0.00384  -0.0049  -0.0058 -0.00653 -0.00708 -0.00747  -0.0077 -0.00779 -0.00773 -0.00751 -0.00714  -0.0066 -0.00588 -0.00499 -0.00391 -0.00268 -0.00134        0
        9|        0 -0.00111 -0.00223 -0.00328 -0.00421 -0.00501 -0.00566 -0.00617 -0.00653 -0.00675 -0.00683 -0.00677 -0.00657 -0.00622 -0.00572 -0.00507 -0.00427 -0.00333 -0.00227 -0.00113        0
        8|        0-0.000951 -0.00192 -0.00283 -0.00365 -0.00436 -0.00495 -0.00541 -0.00574 -0.00594 -0.00602 -0.00596 -0.00577 -0.00544 -0.00499  -0.0044 -0.00369 -0.00287 -0.00195-0.000967        0
        7|        0-0.000828 -0.00168 -0.00247 -0.00319 -0.00383 -0.00436 -0.00478 -0.00508 -0.00526 -0.00533 -0.00527  -0.0051  -0.0048 -0.00439 -0.00386 -0.00323  -0.0025  -0.0017-0.000839        0
        6|        0-0.000731 -0.00148 -0.00219 -0.00283  -0.0034 -0.00388 -0.00426 -0.00454 -0.00471 -0.00476 -0.00471 -0.00455 -0.00428  -0.0039 -0.00343 -0.00286 -0.00221  -0.0015 -0.00074        0
        5|        0-0.000655 -0.00133 -0.00196 -0.00255 -0.00306  -0.0035 -0.00385  -0.0041 -0.00426 -0.00431 -0.00426 -0.00411 -0.00386 -0.00352 -0.00308 -0.00257 -0.00198 -0.00134-0.000661        0
        4|        0-0.000598 -0.00121 -0.00179 -0.00233  -0.0028 -0.00321 -0.00353 -0.00376 -0.00391 -0.00396 -0.00391 -0.00377 -0.00354 -0.00322 -0.00282 -0.00234 -0.00181 -0.00122-0.000603        0
        3|        0-0.000557 -0.00113 -0.00167 -0.00217 -0.00262   -0.003  -0.0033 -0.00352 -0.00366  -0.0037 -0.00366 -0.00353 -0.00331 -0.00301 -0.00263 -0.00218 -0.00168 -0.00114-0.000561        0
        2|        0 -0.00053 -0.00107 -0.00159 -0.00207 -0.00249 -0.00285 -0.00315 -0.00336 -0.00349 -0.00353 -0.00349 -0.00336 -0.00315 -0.00286  -0.0025 -0.00208  -0.0016 -0.00108-0.000534        0
        1|        0 -0.00049-0.000996 -0.00147 -0.00192 -0.00231 -0.00265 -0.00292 -0.00311 -0.00323 -0.00328 -0.00324 -0.00312 -0.00292 -0.00266 -0.00232 -0.00193 -0.00148   -0.001-0.000493        0
        0|        0 0.000471 0.000956  0.00142  0.00184  0.00222  0.00254   0.0028  0.00299   0.0031  0.00314   0.0031  0.00299   0.0028  0.00255  0.00222  0.00185  0.00142 0.000961 0.000474        0

v (22x12): 
         |        0        1        2        3        4        5        6        7        8        9       10       11       12       13       14       15       16       17       18       19       20       21
-------------------------------------------------------------------------------------------------------------------------------------------------------------------------------------------------------------------------
       10| -0.00744  0.00775  0.00792  0.00743  0.00672  0.00586   0.0049  0.00386  0.00279   0.0017   0.0006-0.000506 -0.00161 -0.00272 -0.00381 -0.00486 -0.00586 -0.00676 -0.00749 -0.00801 -0.00786  0.00753
        9| -0.00619  0.00645   0.0066  0.00622  0.00566  0.00496  0.00417  0.00331   0.0024  0.00147 0.000514-0.000442  -0.0014 -0.00234 -0.00327 -0.00415 -0.00496 -0.00568 -0.00626 -0.00667 -0.00652  0.00625
        8| -0.00513  0.00534  0.00548  0.00517  0.00473  0.00416  0.00352   0.0028  0.00204  0.00124 0.000436-0.000381 -0.00119 -0.00199 -0.00277  -0.0035 -0.00416 -0.00474 -0.00521 -0.00552 -0.00539  0.00517
        7| -0.00421  0.00439  0.00451  0.00427  0.00391  0.00346  0.00293  0.00234   0.0017  0.00104 0.000363-0.000322   -0.001 -0.00167 -0.00231 -0.00291 -0.00346 -0.00392 -0.00429 -0.00454 -0.00443  0.00424
        6| -0.00342  0.00356  0.00366  0.00347  0.00318  0.00282   0.0024  0.00192   0.0014 0.000857 0.000298-0.000268-0.000829 -0.00138  -0.0019 -0.00239 -0.00282 -0.00319 -0.00348 -0.00368 -0.00359  0.00344
        5| -0.00272  0.00283  0.00291  0.00276  0.00254  0.00225  0.00192  0.00154  0.00112 0.000688 0.000238-0.000216-0.000667 -0.00111 -0.00152 -0.00191 -0.00225 -0.00254 -0.00277 -0.00293 -0.00285  0.00273
        4| -0.00209  0.00218  0.00224  0.00212  0.00196  0.00174  0.00148  0.00119 0.000869 0.000532 0.000184-0.000168-0.000517-0.000856 -0.00118 -0.00147 -0.00174 -0.00196 -0.00213 -0.00225 -0.00219   0.0021
        3| -0.00152  0.00158  0.00162  0.00154  0.00142  0.00126  0.00108 0.000864 0.000632 0.000388 0.000134-0.000122-0.000377-0.000624-0.000858 -0.00107 -0.00126 -0.00142 -0.00155 -0.00163 -0.00159  0.00152
        2|-0.000981  0.00102  0.00105 0.000998  0.00092 0.000818 0.000698  0.00056 0.000411 0.000251 8.73e-05-7.99e-05-0.000245-0.000405-0.000556-0.000695-0.000818-0.000921   -0.001 -0.00105 -0.00103 0.000984
        1|-0.000472 0.000491 0.000505 0.000481 0.000442 0.000394 0.000336  0.00027 0.000198 0.000122 4.18e-05 -3.8e-05-0.000118-0.000195-0.000268-0.000334-0.000394-0.000443-0.000482-0.000507-0.000493 0.000474
        0|        0        0        0        0        0        0        0        0        0        0        0        0        0        0        0        0        0        0        0        0        0        0

p (22x12): 
         |        0        1        2        3        4        5        6        7        8        9       10       11       12       13       14       15       16       17       18       19       20       21
-------------------------------------------------------------------------------------------------------------------------------------------------------------------------------------------------------------------------
       11|   -0.154   -0.154   -0.153   -0.153   -0.152   -0.151    -0.15   -0.149   -0.147   -0.146   -0.144   -0.143   -0.141    -0.14   -0.138   -0.137   -0.136   -0.135   -0.134   -0.134   -0.133   -0.133
       10|   -0.152   -0.152   -0.152   -0.152   -0.151    -0.15   -0.149   -0.148   -0.147   -0.146   -0.144   -0.143   -0.142    -0.14   -0.139   -0.138   -0.137   -0.136   -0.136   -0.135   -0.135   -0.135
        9|   -0.151   -0.151   -0.151   -0.151    -0.15   -0.149   -0.148   -0.147   -0.146   -0.145   -0.144   -0.143   -0.142   -0.141    -0.14   -0.139   -0.138   -0.137   -0.137   -0.136   -0.136   -0.136
        8|    -0.15    -0.15    -0.15    -0.15   -0.149   -0.149   -0.148   -0.147   -0.146   -0.145   -0.144   -0.143   -0.142   -0.141    -0.14   -0.139   -0.139   -0.138   -0.137   -0.137   -0.137   -0.137
        7|   -0.149   -0.149   -0.149   -0.149   -0.149   -0.148   -0.147   -0.147   -0.146   -0.145   -0.144   -0.143   -0.142   -0.141   -0.141    -0.14   -0.139   -0.139   -0.138   -0.138   -0.138   -0.138
        6|   -0.149   -0.149   -0.149   -0.148   -0.148   -0.147   -0.147   -0.146   -0.146   -0.145   -0.144   -0.143   -0.142   -0.142   -0.141    -0.14    -0.14   -0.139   -0.139   -0.139   -0.138   -0.138
        5|   -0.148   -0.148   -0.148   -0.148   -0.148   -0.147   -0.147   -0.146   -0.145   -0.145   -0.144   -0.143   -0.142   -0.142   -0.141   -0.141    -0.14    -0.14   -0.139   -0.139   -0.139   -0.139
        4|   -0.148   -0.148   -0.148   -0.147   -0.147   -0.147   -0.146   -0.146   -0.145   -0.145   -0.144   -0.143   -0.143   -0.142   -0.141   -0.141    -0.14    -0.14    -0.14   -0.139   -0.139   -0.139
        3|   -0.148   -0.148   -0.147   -0.147   -0.147   -0.147   -0.146   -0.146   -0.145   -0.145   -0.144   -0.143   -0.143   -0.142   -0.141   -0.141   -0.141    -0.14    -0.14    -0.14    -0.14    -0.14
        2|   -0.147   -0.147   -0.147   -0.147   -0.147   -0.146   -0.146   -0.146   -0.145   -0.144   -0.144   -0.143   -0.143   -0.142   -0.142   -0.141   -0.141    -0.14    -0.14    -0.14    -0.14    -0.14
        1|   -0.147   -0.147   -0.147   -0.147   -0.147   -0.146   -0.146   -0.146   -0.145   -0.144   -0.144   -0.143   -0.143   -0.142   -0.142   -0.141   -0.141    -0.14    -0.14    -0.14    -0.14    -0.14
        0|   -0.147   -0.147   -0.147   -0.147   -0.147   -0.146   -0.146   -0.146   -0.145   -0.144   -0.144   -0.143   -0.143   -0.142   -0.142   -0.141   -0.141    -0.14    -0.14    -0.14    -0.14    -0.14

F (22x12): 
         |        0        1        2        3        4        5        6        7        8        9       10       11       12       13       14       15       16       17       18       19       20
-------------------------------------------------------------------------------------------------------------------------------------------------------------------------------------------------------------------------
       11|        0        0        0        0        0        0        0        0        0        0        0        0        0        0        0        0        0        0        0        0        0
       10|        0 -0.00125 -0.00251 -0.00367 -0.00469 -0.00555 -0.00625 -0.00677 -0.00715 -0.00737 -0.00745 -0.00739 -0.00718 -0.00683 -0.00631 -0.00563 -0.00477 -0.00374 -0.00256 -0.00128        0
        9|        0 -0.00106 -0.00214 -0.00314 -0.00403 -0.00479 -0.00542 -0.00591 -0.00625 -0.00646 -0.00654 -0.00648 -0.00628 -0.00595 -0.00547 -0.00485 -0.00408 -0.00319 -0.00217 -0.00108        0
        8|        0-0.000913 -0.00184 -0.00271 -0.00349 -0.00417 -0.00473 -0.00518 -0.00549 -0.00569 -0.00575  -0.0057 -0.00551 -0.00521 -0.00477 -0.00421 -0.00353 -0.00274 -0.00187-0.000927        0
        7|        0-0.000794 -0.00161 -0.00237 -0.00306 -0.00366 -0.00417 -0.00457 -0.00486 -0.00504  -0.0051 -0.00505 -0.00488 -0.00459  -0.0042 -0.00369 -0.00309 -0.00239 -0.00162-0.000804        0
        6|        0-0.000702 -0.00142 -0.00209 -0.00271 -0.00325 -0.00371 -0.00408 -0.00434  -0.0045 -0.00456 -0.00451 -0.00435 -0.00409 -0.00373 -0.00328 -0.00273 -0.00211 -0.00143-0.000709        0
        5|        0-0.000628 -0.00127 -0.00188 -0.00244 -0.00293 -0.00335 -0.00368 -0.00392 -0.00407 -0.00412 -0.00408 -0.00393 -0.00369 -0.00336 -0.00295 -0.00245 -0.00189 -0.00128-0.000634        0
        4|        0-0.000574 -0.00116 -0.00172 -0.00223 -0.00268 -0.00307 -0.00338  -0.0036 -0.00374 -0.00379 -0.00374 -0.00361 -0.00339 -0.00308  -0.0027 -0.00224 -0.00173 -0.00117-0.000578        0
        3|        0-0.000534 -0.00108  -0.0016 -0.00208  -0.0025 -0.00287 -0.00316 -0.00337  -0.0035 -0.00354  -0.0035 -0.00337 -0.00316 -0.00288 -0.00251 -0.00209 -0.00161 -0.00109-0.000537        0
        2|        0-0.000509 -0.00103 -0.00153 -0.00198 -0.00239 -0.00273 -0.00301 -0.00321 -0.00334 -0.00338 -0.00334 -0.00322 -0.00302 -0.00274 -0.00239 -0.00199 -0.00153 -0.00103-0.000511        0
        1|        0-0.000469-0.000951 -0.00141 -0.00183 -0.00221 -0.00253 -0.00278 -0.00297 -0.00309 -0.00313 -0.00309 -0.00298 -0.00279 -0.00253 -0.00221 -0.00184 -0.00141-0.000956-0.000472        0
        0|        0 0.000471 0.000956  0.00142  0.00184  0.00222  0.00254   0.0028  0.00299   0.0031  0.00314   0.0031  0.00299   0.0028  0.00255  0.00222  0.00185  0.00142 0.000961 0.000474        0

G (22x12): 
         |        0        1        2        3        4        5        6        7        8        9       10       11       12       13       14       15       16       17       18       19       20       21
-------------------------------------------------------------------------------------------------------------------------------------------------------------------------------------------------------------------------
       10| -0.00744  0.00739  0.00757   0.0071  0.00642   0.0056  0.00467  0.00368  0.00266  0.00162 0.000566-0.000489 -0.00154 -0.00259 -0.00363 -0.00464 -0.00559 -0.00644 -0.00714 -0.00763 -0.00746  0.00753
        9| -0.00619  0.00616  0.00632  0.00595  0.00541  0.00475  0.00399  0.00316  0.00229   0.0014 0.000487-0.000428 -0.00134 -0.00224 -0.00313 -0.00397 -0.00475 -0.00543 -0.00599 -0.00637 -0.00622  0.00625
        8| -0.00513   0.0051  0.00524  0.00495  0.00452  0.00398  0.00336  0.00267  0.00195  0.00119 0.000413-0.000368 -0.00115 -0.00191 -0.00265 -0.00335 -0.00398 -0.00454 -0.00498 -0.00528 -0.00515  0.00517
        7| -0.00421  0.00419  0.00431  0.00408  0.00374   0.0033   0.0028  0.00223  0.00163 0.000995 0.000345-0.000311-0.000963  -0.0016 -0.00221 -0.00279 -0.00331 -0.00375  -0.0041 -0.00434 -0.00422  0.00424
        6| -0.00342   0.0034   0.0035  0.00332  0.00305   0.0027  0.00229  0.00183  0.00134 0.000818 0.000283-0.000258-0.000794 -0.00132 -0.00182 -0.00228  -0.0027 -0.00305 -0.00333 -0.00352 -0.00342  0.00344
        5| -0.00272   0.0027  0.00278  0.00264  0.00243  0.00216  0.00183  0.00147  0.00107 0.000657 0.000226-0.000208-0.000639 -0.00106 -0.00146 -0.00183 -0.00216 -0.00243 -0.00265  -0.0028 -0.00272  0.00273
        4| -0.00209  0.00208  0.00214  0.00203  0.00187  0.00166  0.00141  0.00113  0.00083 0.000508 0.000175-0.000162-0.000495 -0.00082 -0.00113 -0.00141 -0.00166 -0.00187 -0.00204 -0.00215 -0.00209   0.0021
        3| -0.00152  0.00151  0.00155  0.00148  0.00136  0.00121  0.00103 0.000826 0.000605  0.00037 0.000127-0.000118-0.000362-0.000597-0.000821 -0.00103 -0.00121 -0.00136 -0.00148 -0.00156 -0.00151  0.00152
        2|-0.000981 0.000976  0.00101 0.000956 0.000881 0.000783 0.000668 0.000536 0.000393  0.00024 8.31e-05-7.69e-05-0.000235-0.000388-0.000533-0.000666-0.000783-0.000882-0.000958 -0.00101-0.000979 0.000984
        1|-0.000472  0.00047 0.000484 0.000461 0.000424 0.000378 0.000322 0.000259 0.000189 0.000116 3.99e-05-3.67e-05-0.000113-0.000187-0.000257-0.000321-0.000377-0.000424-0.000462-0.000486-0.000472 0.000474
        0|        0        0        0        0        0        0        0        0        0        0        0        0        0        0        0        0        0        0        0        0        0        0

rhs (22x12): 
         |        0        1        2        3        4        5        6        7        8        9       10       11       12       13       14       15       16       17       18       19       20       21
-------------------------------------------------------------------------------------------------------------------------------------------------------------------------------------------------------------------------
       11|        0        0        0        0        0        0        0        0        0        0        0        0        0        0        0        0        0        0        0        0        0        0
       10|        0 -0.00641 -0.00337 -0.00408 -0.00331 -0.00385 -0.00285 -0.00313 -0.00184 -0.00183-0.000261 2.57e-05  0.00194  0.00264  0.00494  0.00599  0.00853  0.00963    0.012   0.0125   0.0155        0
        9|        0 -0.00192-0.000496  0.00022-0.000474 0.000252 -0.00044 0.000283-0.000415 0.000302-0.000404 0.000294-0.000421 0.000278-0.000445 0.000247-0.000481 0.000208-0.000519 0.000189  0.00186        0
        8|        0 -0.00209 0.000274 -0.00043  0.00029-0.000406 0.000316-0.000382 0.000336-0.000367 0.000345-0.000373 0.000331-0.000385 0.000313-0.000409 0.000286-0.000438 0.000259-0.000452  0.00214        0
        7|        0 -0.00128-0.000394  0.00032 -0.00038  0.00034-0.000358  0.00036-0.000341 0.000374-0.000333 0.000369-0.000344 0.000359-0.000359 0.000339-0.000382 0.000316-0.000403 0.000305   0.0014        0
        6|        0  -0.0016 0.000345-0.000361 0.000357-0.000343 0.000376-0.000324 0.000392-0.000312 0.000399-0.000316 0.000391-0.000325 0.000377-0.000342 0.000357-0.000362 0.000339-0.000373  0.00177        0
        5|        0-0.000898-0.000346 0.000369-0.000333 0.000385-0.000315 0.000403  -0.0003 0.000414-0.000293 0.000413  -0.0003 0.000404-0.000313 0.000388-0.000331 0.000369-0.000348 0.000359  0.00111        0
        4|        0 -0.00131 0.000378-0.000327  0.00039-0.000311 0.000407-0.000294 0.000422-0.000283 0.000429-0.000284 0.000423-0.000292 0.000411-0.000307 0.000393-0.000325 0.000377-0.000336  0.00154        0
        3|        0-0.000686-0.000323 0.000392-0.000311 0.000407-0.000294 0.000424-0.000279 0.000435-0.000272 0.000435-0.000277 0.000427 -0.00029 0.000412-0.000307 0.000395-0.000322 0.000385 0.000937        0
        2|        0 -0.00116 0.000394-0.000312 0.000405-0.000297 0.000421-0.000282 0.000435-0.000271 0.000441 -0.00027 0.000438-0.000277 0.000426-0.000292  0.00041-0.000309 0.000395-0.000319  0.00142        0
        1|        0 0.000403 0.000842  0.00133 0.000731  0.00118 0.000539 0.000952 0.000286 0.000675-7.73e-06  0.00037-0.000318 6.18e-05-0.000618-0.000221-0.000875-0.000445 -0.00106-0.000578 4.57e-05        0
        0|        0        0        0        0        0        0        0        0        0        0        0        0        0        0        0        0        0        0        0        0        0        0

