t: 0.200856
nCells: 20x10, dx: 0.1, dy: 0.1

u (22x12): 
         |        0        1        2        3        4        5        6        7        8        9       10       11       12       13       14       15       16       17       18       19       20
-------------------------------------------------------------------------------------------------------------------------------------------------------------------------------------------------------------------------
       11|        0-0.000539 -0.00106 -0.00153 -0.00194 -0.00226 -0.00252 -0.00271 -0.00284 -0.00291 -0.00294 -0.00291 -0.00284 -0.00271 -0.00252 -0.00227 -0.00194 -0.00154 -0.00107-0.000539        0
       10|        0-0.000451-0.000891 -0.00129 -0.00164 -0.00194 -0.00217 -0.00235 -0.00248 -0.00255 -0.00258 -0.00255 -0.00248 -0.00236 -0.00218 -0.00194 -0.00165  -0.0013-0.000893-0.000452        0
        9|        0-0.000383-0.000757  -0.0011 -0.00141 -0.00167 -0.00189 -0.00205 -0.00217 -0.00224 -0.00226 -0.00224 -0.00217 -0.00205 -0.00189 -0.00167 -0.00141  -0.0011-0.000758-0.000383        0
        8|        0-0.000328-0.000651-0.000951 -0.00122 -0.00145 -0.00165  -0.0018 -0.00191 -0.00197 -0.00199 -0.00197 -0.00191  -0.0018 -0.00165 -0.00146 -0.00122-0.000953-0.000652-0.000329        0
        7|        0-0.000286-0.000567 -0.00083 -0.00107 -0.00128 -0.00145 -0.00159 -0.00169 -0.00175 -0.00177 -0.00175 -0.00169 -0.00159 -0.00145 -0.00128 -0.00107-0.000831-0.000568-0.000286        0
        6|        0-0.000252  -0.0005-0.000734-0.000947 -0.00113 -0.00129 -0.00142 -0.00151 -0.00156 -0.00158 -0.00156 -0.00151 -0.00142 -0.00129 -0.00114-0.000948-0.000735-0.000501-0.000252        0
        5|        0-0.000226-0.000449-0.000659-0.000851 -0.00102 -0.00116 -0.00128 -0.00136 -0.00141 -0.00143 -0.00141 -0.00136 -0.00128 -0.00117 -0.00102-0.000852-0.000659-0.000449-0.000226        0
        4|        0-0.000206-0.000409-0.000602-0.000778-0.000935 -0.00107 -0.00117 -0.00125  -0.0013 -0.00131  -0.0013 -0.00125 -0.00117 -0.00107-0.000935-0.000779-0.000602 -0.00041-0.000206        0
        3|        0-0.000191-0.000381 -0.00056-0.000725-0.000872-0.000996  -0.0011 -0.00117 -0.00121 -0.00123 -0.00121 -0.00117  -0.0011-0.000996-0.000872-0.000726-0.000561-0.000381-0.000192        0
        2|        0-0.000182-0.000363-0.000534-0.000691-0.000831 -0.00095 -0.00104 -0.00111 -0.00116 -0.00117 -0.00116 -0.00111 -0.00105 -0.00095-0.000831-0.000691-0.000534-0.000363-0.000182        0
        1|        0-0.000175-0.000348-0.000512-0.000663-0.000798-0.000912   -0.001 -0.00107 -0.00111 -0.00113 -0.00111 -0.00107   -0.001-0.000913-0.000798-0.000664-0.000513-0.000348-0.000175        0
        0|        0 0.000151 0.000301 0.000443 0.000573 0.000689 0.000788 0.000867 0.000925  0.00096 0.000972  0.00096 0.000925 0.000867 0.000788  0.00069 0.000574 0.000443 0.000301 0.000151        0

v (22x12): 
         |        0        1        2        3        4        5        6        7        8        9       10       11       12       13       14       15       16       17       18       19       20       21
-------------------------------------------------------------------------------------------------------------------------------------------------------------------------------------------------------------------------
       10| -0.00232  0.00268  0.00264  0.00246  0.00222  0.00193  0.00161  0.00126 0.000907 0.000546 0.000183 -0.00018-0.000543-0.000904 -0.00126 -0.00161 -0.00193 -0.00222 -0.00247 -0.00264 -0.00268  0.00232
        9| -0.00193  0.00223   0.0022  0.00206  0.00187  0.00164  0.00137  0.00108 0.000782 0.000472 0.000159-0.000156 -0.00047 -0.00078 -0.00108 -0.00137 -0.00164 -0.00187 -0.00206  -0.0022 -0.00223  0.00193
        8|  -0.0016  0.00185  0.00182  0.00172  0.00156  0.00138  0.00116 0.000919 0.000665 0.000403 0.000135-0.000134-0.000401-0.000664-0.000918 -0.00116 -0.00138 -0.00156 -0.00172 -0.00182 -0.00185   0.0016
        7| -0.00131  0.00152   0.0015  0.00142  0.00129  0.00114 0.000965 0.000768 0.000558 0.000338 0.000114-0.000112-0.000337-0.000557-0.000767-0.000964 -0.00114 -0.00129 -0.00142  -0.0015 -0.00152  0.00131
        6| -0.00106  0.00123  0.00122  0.00115  0.00106 0.000934 0.000791 0.000631 0.000459 0.000279 9.39e-05-9.29e-05-0.000278-0.000458 -0.00063 -0.00079-0.000934 -0.00106 -0.00115 -0.00122 -0.00123  0.00106
        5|-0.000847  0.00098  0.00097 0.000918 0.000842 0.000747 0.000633 0.000507 0.000369 0.000224 7.55e-05-7.48e-05-0.000224-0.000368-0.000506-0.000633-0.000747-0.000843-0.000918 -0.00097 -0.00098 0.000847
        4|-0.000652 0.000754 0.000747 0.000707  0.00065 0.000577  0.00049 0.000392 0.000286 0.000174 5.86e-05-5.81e-05-0.000174-0.000286-0.000392 -0.00049-0.000577 -0.00065-0.000707-0.000747-0.000755 0.000652
        3|-0.000474 0.000549 0.000543 0.000515 0.000473 0.000421 0.000358 0.000287 0.000209 0.000127 4.29e-05-4.25e-05-0.000127-0.000209-0.000286-0.000357 -0.00042-0.000473-0.000515-0.000543-0.000549 0.000474
        2|-0.000309 0.000357 0.000354 0.000335 0.000309 0.000274 0.000233 0.000187 0.000137 8.32e-05  2.8e-05-2.78e-05-8.29e-05-0.000136-0.000187-0.000233-0.000274-0.000309-0.000335-0.000354-0.000357 0.000309
        1|-0.000151 0.000175 0.000173 0.000164 0.000151 0.000134 0.000114 9.18e-05  6.7e-05 4.09e-05 1.37e-05-1.36e-05-4.07e-05-6.69e-05-9.17e-05-0.000114-0.000134-0.000151-0.000164-0.000173-0.000175 0.000151
        0|        0        0        0        0        0        0        0        0        0        0        0        0        0        0        0        0        0        0        0        0        0        0

p (22x12): 
         |        0        1        2        3        4        5        6        7        8        9       10       11       12       13       14       15       16       17       18       19       20       21
-------------------------------------------------------------------------------------------------------------------------------------------------------------------------------------------------------------------------
       11|  -0.0128  -0.0128  -0.0125  -0.0119  -0.0111    -0.01  -0.0088 -0.00742 -0.00593 -0.00437 -0.00277 -0.00115 0.000452  0.00202  0.00351   0.0049  0.00614  0.00721  0.00805  0.00863  0.00892  0.00892
       10|  -0.0113  -0.0113  -0.0111  -0.0106 -0.00986 -0.00897 -0.00791 -0.00672 -0.00543 -0.00407 -0.00267 -0.00125 0.000151  0.00151  0.00281    0.004  0.00506  0.00596  0.00667  0.00716   0.0074   0.0074
        9|  -0.0101  -0.0101 -0.00985 -0.00944 -0.00884 -0.00807 -0.00715 -0.00612 -0.00499  -0.0038 -0.00258 -0.00134-0.000107  0.00108  0.00221  0.00325  0.00416  0.00494  0.00554  0.00595  0.00616  0.00616
        8| -0.00903 -0.00903 -0.00885  -0.0085 -0.00798 -0.00731 -0.00651 -0.00561 -0.00463 -0.00358  -0.0025 -0.00141-0.000326  0.00072  0.00171  0.00261  0.00341  0.00408   0.0046  0.00495  0.00513  0.00513
        7| -0.00818 -0.00818 -0.00803 -0.00772 -0.00727 -0.00668 -0.00598 -0.00519 -0.00432 -0.00339 -0.00244 -0.00147-0.000511 0.000415  0.00129  0.00208  0.00278  0.00337  0.00382  0.00413  0.00429  0.00429
        6|  -0.0075  -0.0075 -0.00736 -0.00709 -0.00669 -0.00617 -0.00555 -0.00484 -0.00407 -0.00324 -0.00238 -0.00152-0.000663 0.000164  0.00094  0.00165  0.00227  0.00279  0.00319  0.00346   0.0036   0.0036
        5| -0.00695 -0.00695 -0.00683 -0.00658 -0.00623 -0.00576  -0.0052 -0.00456 -0.00386 -0.00312 -0.00234 -0.00156-0.000785-3.82e-05 0.000663   0.0013  0.00186  0.00233  0.00269  0.00293  0.00306  0.00306
        4| -0.00653 -0.00653 -0.00642  -0.0062 -0.00587 -0.00544 -0.00493 -0.00435 -0.00371 -0.00302 -0.00231 -0.00159 -0.00088-0.000195 0.000449  0.00103  0.00155  0.00197   0.0023  0.00252  0.00264  0.00264
        3| -0.00623 -0.00623 -0.00612 -0.00592 -0.00561 -0.00521 -0.00474 -0.00419 -0.00359 -0.00295 -0.00229 -0.00161-0.000949-0.000309 0.000292 0.000838  0.00132  0.00171  0.00202  0.00223  0.00233  0.00233
        2| -0.00603 -0.00603 -0.00593 -0.00573 -0.00544 -0.00506 -0.00461 -0.00409 -0.00352 -0.00291 -0.00227 -0.00163-0.000994-0.000383  0.00019 0.000711  0.00117  0.00154  0.00184  0.00203  0.00213  0.00213
        1| -0.00593 -0.00593 -0.00584 -0.00564 -0.00536 -0.00499 -0.00455 -0.00404 -0.00348 -0.00288 -0.00226 -0.00164 -0.00102-0.000419  0.00014 0.000649  0.00109  0.00146  0.00175  0.00194  0.00204  0.00204
        0| -0.00593 -0.00593 -0.00584 -0.00564 -0.00536 -0.00499 -0.00455 -0.00404 -0.00348 -0.00288 -0.00226 -0.00164 -0.00102-0.000419  0.00014 0.000649  0.00109  0.00146  0.00175  0.00194  0.00204  0.00204

F (22x12): 
         |        0        1        2        3        4        5        6        7        8        9       10       11       12       13       14       15       16       17       18       19       20
-------------------------------------------------------------------------------------------------------------------------------------------------------------------------------------------------------------------------
       11|        0        0        0        0        0        0        0        0        0        0        0        0        0        0        0        0        0        0        0        0        0
       10|        0 -0.00039-0.000769 -0.00112 -0.00142 -0.00167 -0.00187 -0.00203 -0.00214  -0.0022 -0.00222  -0.0022 -0.00214 -0.00203 -0.00188 -0.00167 -0.00142 -0.00112 -0.00077-0.000391        0
        9|        0-0.000331-0.000653-0.000951 -0.00122 -0.00144 -0.00163 -0.00177 -0.00187 -0.00193 -0.00195 -0.00193 -0.00187 -0.00177 -0.00163 -0.00144 -0.00122-0.000952-0.000654-0.000331        0
        8|        0-0.000284-0.000562-0.000821 -0.00105 -0.00125 -0.00142 -0.00155 -0.00164  -0.0017 -0.00172  -0.0017 -0.00164 -0.00155 -0.00142 -0.00126 -0.00105-0.000821-0.000562-0.000284        0
        7|        0-0.000247-0.000489-0.000716-0.000922  -0.0011 -0.00125 -0.00137 -0.00145  -0.0015 -0.00152  -0.0015 -0.00145 -0.00137 -0.00125  -0.0011-0.000922-0.000717 -0.00049-0.000247        0
        6|        0-0.000218-0.000432-0.000633-0.000817-0.000978 -0.00111 -0.00122  -0.0013 -0.00135 -0.00136 -0.00135  -0.0013 -0.00122 -0.00111-0.000978-0.000817-0.000634-0.000432-0.000218        0
        5|        0-0.000195-0.000387-0.000568-0.000734 -0.00088   -0.001  -0.0011 -0.00117 -0.00122 -0.00123 -0.00122 -0.00117  -0.0011   -0.001-0.000881-0.000734-0.000569-0.000387-0.000195        0
        4|        0-0.000178-0.000353-0.000519-0.000671-0.000806 -0.00092 -0.00101 -0.00108 -0.00112 -0.00113 -0.00112 -0.00108 -0.00101 -0.00092-0.000806-0.000671-0.000519-0.000353-0.000178        0
        3|        0-0.000165-0.000329-0.000483-0.000625-0.000751-0.000858-0.000944 -0.00101 -0.00104 -0.00106 -0.00104 -0.00101-0.000944-0.000859-0.000752-0.000626-0.000483-0.000329-0.000165        0
        2|        0-0.000157-0.000313 -0.00046-0.000596-0.000716-0.000818  -0.0009 -0.00096-0.000997 -0.00101-0.000997 -0.00096-0.000901-0.000819-0.000716-0.000596 -0.00046-0.000313-0.000157        0
        1|        0-0.000151-0.000299-0.000441 -0.00057-0.000686-0.000784-0.000863-0.000921-0.000956-0.000967-0.000956-0.000921-0.000863-0.000784-0.000686-0.000571-0.000441  -0.0003-0.000151        0
        0|        0 0.000151 0.000301 0.000443 0.000573 0.000689 0.000788 0.000867 0.000925  0.00096 0.000972  0.00096 0.000925 0.000867 0.000788  0.00069 0.000574 0.000443 0.000301 0.000151        0

G (22x12): 
         |        0        1        2        3        4        5        6        7        8        9       10       11       12       13       14       15       16       17       18       19       20       21
-------------------------------------------------------------------------------------------------------------------------------------------------------------------------------------------------------------------------
       10| -0.00232   0.0023  0.00227  0.00212  0.00191  0.00166  0.00138  0.00108 0.000779 0.000469 0.000157-0.000155-0.000467-0.000777 -0.00108 -0.00138 -0.00166 -0.00191 -0.00212 -0.00227  -0.0023  0.00232
        9| -0.00193  0.00192  0.00189  0.00178  0.00161  0.00141  0.00118 0.000933 0.000673 0.000406 0.000136-0.000135-0.000405-0.000672-0.000932 -0.00118 -0.00141 -0.00161 -0.00178 -0.00189 -0.00192  0.00193
        8|  -0.0016  0.00159  0.00157  0.00148  0.00135  0.00118 0.000997 0.000791 0.000573 0.000347 0.000116-0.000115-0.000346-0.000572-0.000791-0.000997 -0.00118 -0.00135 -0.00148 -0.00157 -0.00159   0.0016
        7| -0.00131   0.0013  0.00129  0.00122  0.00112 0.000984 0.000831 0.000661  0.00048 0.000291 9.78e-05-9.71e-05-0.000291 -0.00048-0.000661-0.000831-0.000984 -0.00112 -0.00122 -0.00129 -0.00131  0.00131
        6| -0.00106  0.00106  0.00105 0.000992  0.00091 0.000804 0.000681 0.000544 0.000395  0.00024 8.07e-05-8.02e-05 -0.00024-0.000395-0.000543-0.000681-0.000805 -0.00091-0.000993 -0.00105 -0.00106  0.00106
        5|-0.000847 0.000843 0.000836 0.000791 0.000726 0.000643 0.000546 0.000436 0.000318 0.000193 6.49e-05-6.45e-05-0.000193-0.000318-0.000436-0.000546-0.000643-0.000726-0.000791-0.000836-0.000843 0.000847
        4|-0.000652 0.000649 0.000644  0.00061  0.00056 0.000497 0.000422 0.000338 0.000247  0.00015 5.04e-05-5.01e-05 -0.00015-0.000246-0.000338-0.000422-0.000497 -0.00056 -0.00061-0.000644-0.000649 0.000652
        3|-0.000474 0.000472 0.000468 0.000444 0.000408 0.000362 0.000308 0.000247  0.00018  0.00011 3.69e-05-3.67e-05 -0.00011 -0.00018-0.000247-0.000308-0.000362-0.000408-0.000444-0.000468-0.000472 0.000474
        2|-0.000309 0.000307 0.000305 0.000289 0.000266 0.000236 0.000201 0.000161 0.000118 7.17e-05 2.41e-05 -2.4e-05-7.16e-05-0.000118-0.000161-0.000201-0.000236-0.000266-0.000289-0.000305-0.000307 0.000309
        1|-0.000151 0.000151  0.00015 0.000142 0.000131 0.000116 9.88e-05 7.92e-05 5.79e-05 3.53e-05 1.18e-05-1.18e-05-3.52e-05-5.78e-05-7.92e-05-9.87e-05-0.000116-0.000131-0.000142 -0.00015-0.000151 0.000151
        0|        0        0        0        0        0        0        0        0        0        0        0        0        0        0        0        0        0        0        0        0        0        0

rhs (22x12): 
         |        0        1        2        3        4        5        6        7        8        9       10       11       12       13       14       15       16       17       18       19       20       21
-------------------------------------------------------------------------------------------------------------------------------------------------------------------------------------------------------------------------
       11|        0        0        0        0        0        0        0        0        0        0        0        0        0        0        0        0        0        0        0        0        0        0
       10|        0 -0.00244 -0.00161 -0.00156  -0.0014 -0.00127 -0.00105-0.000873-0.000617-0.000408-0.000128 0.000103 0.000411 0.000674  0.00101  0.00129  0.00163  0.00189  0.00217  0.00233   0.0032        0
        9|        0-0.000666-3.24e-05-1.32e-06   -3e-05  1.7e-06-2.69e-05 4.54e-06-2.45e-05 6.27e-06-2.35e-05 5.55e-06 -2.5e-05 4.25e-06 -2.7e-05 1.57e-06-3.02e-05-1.82e-06-3.35e-05 -4.2e-06 0.000638        0
        8|        0-0.000589 3.29e-06-2.61e-05 5.08e-06-2.39e-05 7.41e-06-2.17e-05 9.25e-06-2.03e-05 1.01e-05-2.09e-05 8.88e-06-2.19e-05 7.31e-06-2.39e-05 4.94e-06-2.64e-05 2.59e-06-2.81e-05 0.000572        0
        7|        0-0.000488 -2.3e-05  7.7e-06-2.15e-05 9.54e-06-1.96e-05 1.14e-05 -1.8e-05 1.25e-05-1.73e-05 1.21e-05-1.83e-05 1.13e-05-1.96e-05 9.58e-06-2.15e-05 7.57e-06-2.34e-05 6.21e-06 0.000479        0
        6|        0-0.000449 9.76e-06-1.98e-05  1.1e-05-1.82e-05 1.28e-05-1.66e-05 1.42e-05-1.55e-05 1.48e-05-1.58e-05 1.41e-05-1.65e-05 1.29e-05-1.81e-05 1.12e-05-1.98e-05 9.54e-06 -2.1e-05 0.000446        0
        5|        0-0.000379-1.85e-05 1.21e-05-1.73e-05 1.36e-05-1.57e-05 1.51e-05-1.44e-05 1.61e-05-1.38e-05  1.6e-05-1.44e-05 1.52e-05-1.55e-05 1.38e-05-1.71e-05 1.22e-05-1.86e-05 1.11e-05  0.00038        0
        4|        0-0.000366 1.28e-05-1.68e-05  1.4e-05-1.54e-05 1.55e-05-1.39e-05 1.68e-05-1.29e-05 1.74e-05 -1.3e-05 1.69e-05-1.37e-05 1.58e-05 -1.5e-05 1.43e-05-1.66e-05 1.29e-05-1.76e-05 0.000369        0
        3|        0-0.000318-1.65e-05 1.41e-05-1.53e-05 1.55e-05-1.38e-05  1.7e-05-1.26e-05  1.8e-05 -1.2e-05  1.8e-05-1.24e-05 1.73e-05-1.35e-05 1.59e-05-1.49e-05 1.44e-05-1.63e-05 1.34e-05 0.000322        0
        2|        0-0.000324 1.42e-05-1.55e-05 1.53e-05-1.41e-05 1.67e-05-1.27e-05  1.8e-05-1.17e-05 1.86e-05-1.16e-05 1.82e-05-1.23e-05 1.72e-05-1.37e-05 1.57e-05-1.51e-05 1.44e-05-1.61e-05 0.000329        0
        1|        0 1.44e-05 0.000292 0.000299 0.000255 0.000249 0.000192 0.000176 0.000111 8.92e-05    2e-05-4.79e-06-7.44e-05-9.76e-05-0.000164-0.000181-0.000239-0.000246-0.000292-0.000285-7.48e-07        0
        0|        0        0        0        0        0        0        0        0        0        0        0        0        0        0        0        0        0        0        0        0        0        0

