t: 0.403569
nCells: 20x10, dx: 0.1, dy: 0.1

u (22x12): 
         |        0        1        2        3        4        5        6        7        8        9       10       11       12       13       14       15       16       17       18       19       20
-------------------------------------------------------------------------------------------------------------------------------------------------------------------------------------------------------------------------
       11|        0     1.97     1.95     1.94     1.94     1.94     1.94     1.94     1.94     1.94     1.94     1.94     1.94     1.94     1.94     1.94     1.94     1.94     1.95     1.96        0
       10|        0   0.0362   0.0515   0.0586   0.0623   0.0645   0.0658   0.0667   0.0672   0.0675   0.0676   0.0675   0.0673   0.0668   0.0661   0.0649    0.063   0.0595   0.0526   0.0372        0
        9|        0  -0.0144  -0.0149  -0.0129  -0.0111 -0.00974  -0.0088 -0.00817 -0.00776 -0.00754 -0.00746 -0.00752 -0.00772  -0.0081  -0.0087 -0.00961  -0.0109  -0.0127  -0.0146  -0.0141        0
        8|        0 -0.00733  -0.0102  -0.0107  -0.0104 -0.00988  -0.0094 -0.00903 -0.00878 -0.00863 -0.00859 -0.00864 -0.00879 -0.00905 -0.00944 -0.00996  -0.0106   -0.011  -0.0108 -0.00803        0
        7|        0  -0.0042 -0.00687 -0.00811 -0.00854  -0.0086 -0.00851 -0.00839 -0.00829 -0.00822  -0.0082 -0.00823 -0.00831 -0.00843 -0.00857  -0.0087  -0.0087 -0.00835 -0.00718  -0.0045        0
        6|        0 -0.00275 -0.00491 -0.00628 -0.00705 -0.00745 -0.00764 -0.00772 -0.00774 -0.00775 -0.00776 -0.00776 -0.00777 -0.00776  -0.0077 -0.00754 -0.00718 -0.00645 -0.00509 -0.00289        0
        5|        0   -0.002 -0.00375 -0.00504 -0.00593 -0.00651 -0.00687 -0.00709 -0.00722 -0.00729 -0.00731  -0.0073 -0.00724 -0.00713 -0.00693 -0.00659 -0.00603 -0.00516 -0.00386 -0.00207        0
        4|        0 -0.00157 -0.00303 -0.00422 -0.00513 -0.00578 -0.00624 -0.00655 -0.00675 -0.00686  -0.0069 -0.00688 -0.00678 -0.00659 -0.00629 -0.00585  -0.0052  -0.0043  -0.0031 -0.00162        0
        3|        0 -0.00132 -0.00259 -0.00368 -0.00457 -0.00525 -0.00577 -0.00613 -0.00637 -0.00651 -0.00656 -0.00653  -0.0064 -0.00617 -0.00581 -0.00531 -0.00463 -0.00374 -0.00264 -0.00135        0
        2|        0 -0.00118 -0.00233 -0.00335 -0.00421  -0.0049 -0.00544 -0.00583  -0.0061 -0.00625 -0.00631 -0.00627 -0.00612 -0.00586 -0.00548 -0.00495 -0.00426 -0.00339 -0.00236  -0.0012        0
        1|        0  -0.0011  -0.0022 -0.00319 -0.00404 -0.00473 -0.00527 -0.00567 -0.00594  -0.0061 -0.00615  -0.0061 -0.00594 -0.00567 -0.00527 -0.00473 -0.00404  -0.0032 -0.00221 -0.00111        0
        0|        0-0.000921 -0.00184 -0.00268 -0.00342 -0.00404 -0.00453 -0.00491 -0.00518 -0.00534 -0.00539 -0.00534 -0.00519 -0.00493 -0.00456 -0.00406 -0.00344  -0.0027 -0.00186-0.000932        0

v (22x12): 
         |        0        1        2        3        4        5        6        7        8        9       10       11       12       13       14       15       16       17       18       19       20       21
-------------------------------------------------------------------------------------------------------------------------------------------------------------------------------------------------------------------------
       10|        0        0        0        0        0        0        0        0        0        0        0        0        0        0        0        0        0        0        0        0        0        0
        9|  -0.0342   0.0362   0.0153  0.00711  0.00374  0.00216  0.00132 0.000828 0.000512 0.000289  0.00011-5.41e-05-0.000226-0.000436-0.000729 -0.00118 -0.00197  -0.0035 -0.00688  -0.0154  -0.0372    0.035
        8|  -0.0206   0.0218   0.0148  0.00904  0.00556  0.00351  0.00226  0.00146 0.000916 0.000515 0.000189-0.000112 -0.00043-0.000816 -0.00133 -0.00209 -0.00329 -0.00529 -0.00877  -0.0148  -0.0231   0.0217
        7|  -0.0137   0.0145   0.0119  0.00854   0.0059  0.00403  0.00274  0.00183  0.00117 0.000662 0.000236-0.000162-0.000582 -0.00108 -0.00172 -0.00261 -0.00389 -0.00577 -0.00849  -0.0121  -0.0151   0.0142
        6| -0.00971   0.0103  0.00925   0.0073  0.00547  0.00397  0.00282  0.00195  0.00127 0.000727 0.000256 -0.00019-0.000658  -0.0012 -0.00187 -0.00274  -0.0039 -0.00542 -0.00732 -0.00941  -0.0106  0.00997
        5| -0.00712  0.00755  0.00709  0.00593  0.00469  0.00358  0.00264  0.00187  0.00124 0.000717 0.000251-0.000196-0.000661 -0.00119 -0.00181 -0.00258 -0.00354 -0.00469 -0.00597  -0.0072 -0.00773  0.00727
        4| -0.00524  0.00555  0.00534  0.00463  0.00381    0.003  0.00227  0.00165  0.00111 0.000648 0.000226-0.000183-0.000605 -0.00107 -0.00161 -0.00224 -0.00298 -0.00381 -0.00467 -0.00542 -0.00566  0.00533
        3| -0.00376  0.00397  0.00388  0.00344   0.0029  0.00234  0.00181  0.00134 0.000915 0.000536 0.000186-0.000155-0.000506-0.000887 -0.00131  -0.0018 -0.00234 -0.00291 -0.00347 -0.00393 -0.00404  0.00381
        2| -0.00251  0.00265  0.00261  0.00235  0.00202  0.00166   0.0013 0.000973 0.000672 0.000396 0.000137-0.000118-0.000378-0.000656-0.000959 -0.00129 -0.00165 -0.00202 -0.00237 -0.00265 -0.00269  0.00254
        1| -0.00141  0.00148  0.00146  0.00133  0.00115 0.000962 0.000767  0.00058 0.000404  0.00024 8.16e-05-7.35e-05-0.000232-0.000398-0.000576-0.000765-0.000963 -0.00116 -0.00134 -0.00148 -0.00149  0.00142
        0| -0.00514  0.00548   0.0055  0.00515  0.00465  0.00405  0.00338  0.00266  0.00191  0.00116 0.000397-0.000367 -0.00113 -0.00189 -0.00264 -0.00337 -0.00405 -0.00466 -0.00517 -0.00553 -0.00551  0.00517

p (22x12): 
         |        0        1        2        3        4        5        6        7        8        9       10       11       12       13       14       15       16       17       18       19       20       21
-------------------------------------------------------------------------------------------------------------------------------------------------------------------------------------------------------------------------
       11|  -0.0766  -0.0766  -0.0673  -0.0617  -0.0575  -0.0541  -0.0512  -0.0486  -0.0462  -0.0438  -0.0416  -0.0394  -0.0372  -0.0349  -0.0325  -0.0299   -0.027  -0.0235  -0.0191  -0.0126 -0.00167 -0.00167
       10|  -0.0766  -0.0766  -0.0673  -0.0617  -0.0575  -0.0541  -0.0512  -0.0486  -0.0462  -0.0438  -0.0416  -0.0394  -0.0372  -0.0349  -0.0325  -0.0299   -0.027  -0.0235  -0.0191  -0.0126 -0.00167 -0.00167
        9|  -0.0673  -0.0673  -0.0638    -0.06  -0.0566  -0.0536  -0.0509  -0.0484   -0.046  -0.0438  -0.0416  -0.0394  -0.0372   -0.035  -0.0326  -0.0302  -0.0275  -0.0244  -0.0208  -0.0166  -0.0122  -0.0122
        8|  -0.0618  -0.0618  -0.0601  -0.0577  -0.0552  -0.0527  -0.0503   -0.048  -0.0458  -0.0436  -0.0415  -0.0394  -0.0373  -0.0351  -0.0329  -0.0306  -0.0282  -0.0256  -0.0228  -0.0201  -0.0181  -0.0181
        7|  -0.0582  -0.0582  -0.0572  -0.0556  -0.0537  -0.0517  -0.0496  -0.0475  -0.0455  -0.0435  -0.0414  -0.0394  -0.0374  -0.0354  -0.0333  -0.0312  -0.0291  -0.0269  -0.0248   -0.023  -0.0219  -0.0219
        6|  -0.0557  -0.0557   -0.055  -0.0539  -0.0524  -0.0507  -0.0489   -0.047  -0.0452  -0.0433  -0.0414  -0.0395  -0.0375  -0.0356  -0.0337  -0.0318  -0.0299  -0.0282  -0.0266  -0.0253  -0.0246  -0.0246
        5|  -0.0538  -0.0538  -0.0534  -0.0525  -0.0513  -0.0499  -0.0483  -0.0466  -0.0449  -0.0431  -0.0413  -0.0395  -0.0377  -0.0359  -0.0341  -0.0324  -0.0308  -0.0293   -0.028   -0.027  -0.0265  -0.0265
        4|  -0.0525  -0.0525  -0.0521  -0.0514  -0.0504  -0.0492  -0.0477  -0.0462  -0.0446  -0.0429  -0.0412  -0.0395  -0.0378  -0.0361  -0.0345  -0.0329  -0.0314  -0.0301  -0.0291  -0.0283  -0.0279  -0.0279
        3|  -0.0516  -0.0516  -0.0512  -0.0506  -0.0497  -0.0486  -0.0473  -0.0459  -0.0444  -0.0428  -0.0412  -0.0395  -0.0379  -0.0363  -0.0348  -0.0333   -0.032  -0.0308  -0.0299  -0.0292  -0.0289  -0.0289
        2|   -0.051   -0.051  -0.0507  -0.0501  -0.0493  -0.0483   -0.047  -0.0457  -0.0442  -0.0427  -0.0411  -0.0396   -0.038  -0.0364  -0.0349  -0.0336  -0.0323  -0.0312  -0.0304  -0.0298  -0.0295  -0.0295
        1|  -0.0507  -0.0507  -0.0505  -0.0499  -0.0491  -0.0481  -0.0469  -0.0456  -0.0442  -0.0427  -0.0411  -0.0396   -0.038  -0.0365   -0.035  -0.0337  -0.0324  -0.0314  -0.0306    -0.03  -0.0297  -0.0297
        0|  -0.0493  -0.0493   -0.049  -0.0486  -0.0479  -0.0471  -0.0461  -0.0449  -0.0437  -0.0424   -0.041  -0.0396  -0.0383   -0.037  -0.0357  -0.0346  -0.0335  -0.0326   -0.032  -0.0315  -0.0313  -0.0313

F (22x12): 
         |        0        1        2        3        4        5        6        7        8        9       10       11       12       13       14       15       16       17       18       19       20
-------------------------------------------------------------------------------------------------------------------------------------------------------------------------------------------------------------------------
       11|        0     1.97     1.95     1.94     1.94     1.94     1.94     1.94     1.94     1.94     1.94     1.94     1.94     1.94     1.94     1.94     1.94     1.94     1.95     1.96        0
       10|        0   0.0385   0.0529   0.0597   0.0632   0.0652   0.0665   0.0673   0.0678    0.068   0.0681   0.0681   0.0679   0.0675   0.0668   0.0657   0.0638   0.0606   0.0542     0.04        0
        9|        0  -0.0135  -0.0139  -0.0121  -0.0103 -0.00905 -0.00817 -0.00757 -0.00719 -0.00698 -0.00691 -0.00696 -0.00715 -0.00751 -0.00807 -0.00893  -0.0102  -0.0118  -0.0135  -0.0129        0
        8|        0 -0.00691 -0.00962  -0.0101 -0.00976 -0.00927 -0.00882 -0.00847 -0.00823  -0.0081 -0.00805  -0.0081 -0.00824 -0.00849 -0.00885 -0.00934  -0.0099  -0.0103  -0.0101 -0.00751        0
        7|        0 -0.00396 -0.00646 -0.00762 -0.00802 -0.00807 -0.00799 -0.00787 -0.00777 -0.00771 -0.00769 -0.00772 -0.00779  -0.0079 -0.00804 -0.00815 -0.00816 -0.00782 -0.00673 -0.00421        0
        6|        0 -0.00259 -0.00462  -0.0059 -0.00662 -0.00699 -0.00716 -0.00724 -0.00726 -0.00727 -0.00727 -0.00728 -0.00728 -0.00727 -0.00722 -0.00707 -0.00673 -0.00604 -0.00477 -0.00271        0
        5|        0 -0.00188 -0.00352 -0.00474 -0.00557 -0.00611 -0.00644 -0.00665 -0.00677 -0.00683 -0.00685 -0.00684 -0.00679 -0.00668 -0.00649 -0.00617 -0.00565 -0.00483 -0.00361 -0.00194        0
        4|        0 -0.00148 -0.00285 -0.00396 -0.00481 -0.00542 -0.00585 -0.00614 -0.00633 -0.00643 -0.00647 -0.00644 -0.00635 -0.00617  -0.0059 -0.00548 -0.00487 -0.00403 -0.00291 -0.00152        0
        3|        0 -0.00124 -0.00243 -0.00345 -0.00428 -0.00493  -0.0054 -0.00574 -0.00597  -0.0061 -0.00615 -0.00611 -0.00599 -0.00577 -0.00544 -0.00497 -0.00433  -0.0035 -0.00247 -0.00127        0
        2|        0 -0.00111 -0.00218 -0.00314 -0.00394 -0.00459 -0.00509 -0.00546 -0.00571 -0.00586 -0.00591 -0.00586 -0.00573 -0.00548 -0.00512 -0.00463 -0.00398 -0.00318 -0.00221 -0.00112        0
        1|        0 -0.00103 -0.00207 -0.00299 -0.00378 -0.00443 -0.00493  -0.0053 -0.00556 -0.00571 -0.00576 -0.00571 -0.00556  -0.0053 -0.00493 -0.00442 -0.00378 -0.00299 -0.00207 -0.00104        0
        0|        0        0        0        0        0        0        0        0        0        0        0        0        0        0        0        0        0        0        0        0        0

G (22x12): 
         |        0        1        2        3        4        5        6        7        8        9       10       11       12       13       14       15       16       17       18       19       20       21
-------------------------------------------------------------------------------------------------------------------------------------------------------------------------------------------------------------------------
       10|        0        0        0        0        0        0        0        0        0        0        0        0        0        0        0        0        0        0        0        0        0        0
        9|  -0.0342   0.0338   0.0144  0.00668  0.00351  0.00202  0.00124 0.000775 0.000479 0.000269 0.000101-5.29e-05-0.000215-0.000413-0.000689 -0.00112 -0.00186 -0.00329 -0.00644  -0.0143  -0.0345    0.035
        8|  -0.0206   0.0204   0.0139  0.00846   0.0052  0.00328  0.00211  0.00136 0.000855 0.000479 0.000173 -0.00011-0.000411-0.000774 -0.00126 -0.00198 -0.00311 -0.00499 -0.00827  -0.0139  -0.0216   0.0217
        7|  -0.0137   0.0136   0.0112  0.00801  0.00553  0.00378  0.00256  0.00171  0.00109 0.000617 0.000217-0.000157-0.000553 -0.00102 -0.00163 -0.00247 -0.00367 -0.00543 -0.00798  -0.0114  -0.0141   0.0142
        6| -0.00971  0.00966  0.00869  0.00685  0.00513  0.00373  0.00265  0.00183  0.00119 0.000679 0.000236-0.000183-0.000624 -0.00113 -0.00176 -0.00258 -0.00367  -0.0051 -0.00688 -0.00883 -0.00994  0.00997
        5| -0.00712  0.00708  0.00666  0.00557  0.00441  0.00336  0.00247  0.00175  0.00117 0.000671 0.000232-0.000188-0.000627 -0.00112 -0.00171 -0.00243 -0.00333 -0.00441 -0.00561 -0.00677 -0.00724  0.00727
        4| -0.00524  0.00521  0.00503  0.00435  0.00358  0.00282  0.00214  0.00155  0.00105 0.000608 0.000209-0.000176-0.000574 -0.00101 -0.00152 -0.00211 -0.00281 -0.00359 -0.00439  -0.0051  -0.0053  0.00533
        3| -0.00376  0.00374  0.00366  0.00324  0.00273  0.00221  0.00171  0.00126 0.000861 0.000504 0.000173-0.000149 -0.00048-0.000839 -0.00124  -0.0017  -0.0022 -0.00274 -0.00327  -0.0037 -0.00379  0.00381
        2| -0.00251   0.0025  0.00247  0.00222   0.0019  0.00156  0.00123  0.00092 0.000635 0.000374 0.000128-0.000113-0.000359-0.000622 -0.00091 -0.00123 -0.00157 -0.00191 -0.00224  -0.0025 -0.00253  0.00254
        1| -0.00141  0.00142  0.00141  0.00128  0.00111 0.000927  0.00074  0.00056  0.00039 0.000231 7.83e-05-7.17e-05-0.000225-0.000385-0.000556-0.000737-0.000927 -0.00111 -0.00128 -0.00142 -0.00143  0.00142
        0| -0.00514        0        0        0        0        0        0        0        0        0        0        0        0        0        0        0        0        0        0        0        0  0.00517

rhs (22x12): 
         |        0        1        2        3        4        5        6        7        8        9       10       11       12       13       14       15       16       17       18       19       20       21
-------------------------------------------------------------------------------------------------------------------------------------------------------------------------------------------------------------------------
       11|        0        0        0        0        0        0        0        0        0        0        0        0        0        0        0        0        0        0        0        0        0        0
       10|        0     1.86 -0.00618   0.0195   0.0108  0.00525  0.00303  0.00172  0.00146  0.00111   0.0014 0.000988  0.00152  0.00195  0.00321  0.00481  0.00841    0.015   0.0287   0.0386    -2.14        0
        9|        0   -0.035   0.0419   0.0234   0.0109  0.00589  0.00316  0.00222  0.00128  0.00122 0.000786  0.00151  0.00148  0.00223  0.00289  0.00505  0.00876   0.0184   0.0416   0.0785   0.0198        0
        8|        0  -0.0264 -0.00484 -0.00223-0.000667-0.000454 3.33e-05-0.000163 0.000158-0.000109 0.000181-8.43e-05 0.000197-9.92e-05 0.000151-0.000219-0.000164  -0.0011 -0.00282 -0.00818-0.000624        0
        7|        0  -0.0115 -0.00224 -0.00106-0.000762-0.000168-0.000292  7.4e-05-0.000168 0.000136-0.000139 0.000146-0.000149  0.00011-0.000226-4.99e-05-0.000557-0.000737 -0.00192 -0.00288   0.0036        0
        6|        0 -0.00672-0.000867-0.000807 -0.00025-0.000359 2.78e-05-0.000197 0.000118-0.000149 0.000142-0.000143 0.000132-0.000172 7.07e-05-0.000289-0.000145-0.000669 -0.00076 -0.00147  0.00391        0
        5|        0 -0.00436-0.000702-0.000261  -0.0004   -1e-05-0.000224 0.000102-0.000157  0.00014-0.000138 0.000143-0.000148 0.000119-0.000195 3.49e-05-0.000337-0.000189-0.000657-0.000558  0.00307        0
        4|        0 -0.00348-0.000208-0.000407-3.52e-05-0.000248 8.53e-05-0.000166 0.000138-0.000135 0.000153-0.000133 0.000144-0.000153 0.000107-0.000216 6.78e-06-0.000362-0.000184-0.000562  0.00276        0
        3|        0 -0.00265-0.000387-4.74e-05 -0.00027 6.58e-05-0.000179 0.000132-0.000135 0.000158-0.000122  0.00016 -0.00013 0.000143-0.000161 9.18e-05-0.000238-1.42e-05-0.000368-0.000141   0.0022        0
        2|        0  -0.0086 -0.00616 -0.00592 -0.00493 -0.00441 -0.00329 -0.00274 -0.00165 -0.00117-0.000176 0.000204  0.00112  0.00144  0.00229  0.00252  0.00325  0.00332  0.00388  0.00377   0.0063        0
        1|        0     0.15    0.148     0.14    0.126    0.111   0.0923   0.0733    0.053   0.0328   0.0119 -0.00859  -0.0298  -0.0504  -0.0714  -0.0914   -0.111   -0.128   -0.142   -0.152   -0.154        0
        0|        0        0        0        0        0        0        0        0        0        0        0        0        0        0        0        0        0        0        0        0        0        0

