t: 0.865386
nCells: 20x10, dx: 0.1, dy: 0.1

u (22x12): 
         |        0        1        2        3        4        5        6        7        8        9       10       11       12       13       14       15       16       17       18       19       20
-------------------------------------------------------------------------------------------------------------------------------------------------------------------------------------------------------------------------
       11|        0     1.94      1.9     1.89     1.88     1.88     1.87     1.87     1.87     1.87     1.87     1.87     1.87     1.87     1.87     1.87     1.88     1.88      1.9     1.93        0
       10|        0   0.0655   0.0973    0.113    0.122    0.127    0.131    0.133    0.134    0.135    0.136    0.136    0.135    0.135    0.134    0.132    0.128    0.121    0.107   0.0741        0
        9|        0  -0.0253  -0.0267  -0.0233  -0.0198  -0.0171  -0.0151  -0.0138  -0.0129  -0.0124  -0.0122  -0.0122  -0.0125  -0.0132  -0.0142  -0.0159  -0.0183  -0.0214  -0.0244  -0.0226        0
        8|        0  -0.0131  -0.0194  -0.0211  -0.0209  -0.0201  -0.0193  -0.0186  -0.0181  -0.0178  -0.0178  -0.0179  -0.0182  -0.0188  -0.0196  -0.0208  -0.0223  -0.0238  -0.0239  -0.0187        0
        7|        0 -0.00769  -0.0132   -0.016  -0.0172  -0.0175  -0.0175  -0.0174  -0.0172  -0.0171  -0.0171  -0.0172  -0.0174  -0.0177  -0.0181  -0.0185  -0.0187  -0.0183  -0.0161  -0.0105        0
        6|        0 -0.00515 -0.00952  -0.0124  -0.0142  -0.0152  -0.0157  -0.0159  -0.0161  -0.0162  -0.0162  -0.0163  -0.0163  -0.0163  -0.0163  -0.0161  -0.0154   -0.014  -0.0112 -0.00643        0
        5|        0  -0.0038 -0.00735  -0.0101   -0.012  -0.0133  -0.0141  -0.0147   -0.015  -0.0152  -0.0153  -0.0153  -0.0153  -0.0151  -0.0147   -0.014  -0.0129  -0.0112 -0.00838 -0.00447        0
        4|        0 -0.00304 -0.00601 -0.00849  -0.0104  -0.0118  -0.0129  -0.0136  -0.0141  -0.0144  -0.0145  -0.0145  -0.0143   -0.014  -0.0134  -0.0125  -0.0111 -0.00925 -0.00667 -0.00342        0
        3|        0 -0.00258 -0.00518 -0.00745 -0.00933  -0.0108  -0.0119  -0.0128  -0.0133  -0.0137  -0.0138  -0.0138  -0.0136  -0.0131  -0.0124  -0.0113 -0.00992 -0.00802 -0.00564 -0.00284        0
        2|        0 -0.00232 -0.00469 -0.00682 -0.00864  -0.0101  -0.0113  -0.0122  -0.0128  -0.0132  -0.0133  -0.0133   -0.013  -0.0125  -0.0117  -0.0106 -0.00914 -0.00729 -0.00505 -0.00251        0
        1|        0 -0.00222 -0.00457 -0.00668 -0.00849 -0.00998  -0.0111   -0.012  -0.0126  -0.0129  -0.0131  -0.0129  -0.0126   -0.012  -0.0112    -0.01 -0.00855 -0.00674 -0.00463 -0.00226        0
        0|        0 -0.00183 -0.00375 -0.00553 -0.00709 -0.00842  -0.0095  -0.0103  -0.0109  -0.0113  -0.0114  -0.0114  -0.0111  -0.0105 -0.00974  -0.0087 -0.00737 -0.00578 -0.00395 -0.00195        0

v (22x12): 
         |        0        1        2        3        4        5        6        7        8        9       10       11       12       13       14       15       16       17       18       19       20       21
-------------------------------------------------------------------------------------------------------------------------------------------------------------------------------------------------------------------------
       10|        0        0        0        0        0        0        0        0        0        0        0        0        0        0        0        0        0        0        0        0        0        0
        9|  -0.0642   0.0655   0.0318    0.016  0.00887  0.00529  0.00331  0.00213  0.00137 0.000846 0.000447 9.41e-05 -0.00026-0.000656  -0.0012 -0.00206 -0.00362 -0.00682  -0.0142  -0.0328  -0.0741   0.0722
        8|  -0.0394   0.0402   0.0303   0.0194   0.0124    0.008  0.00526  0.00347  0.00225  0.00137  0.00067  5.5e-05-0.000568  -0.0013 -0.00227  -0.0037 -0.00599 -0.00994  -0.0172   -0.031  -0.0515   0.0498
        7|  -0.0266   0.0271    0.024   0.0178   0.0126  0.00877  0.00606  0.00414  0.00273  0.00165 0.000757-5.31e-05-0.000893 -0.00187 -0.00314  -0.0049 -0.00749  -0.0114  -0.0174  -0.0258  -0.0328   0.0317
        6|   -0.019   0.0195   0.0185   0.0149   0.0114  0.00843  0.00608  0.00427  0.00287  0.00173 0.000765-0.000143 -0.00108 -0.00217 -0.00352  -0.0053 -0.00771   -0.011  -0.0152  -0.0201  -0.0223   0.0217
        5|   -0.014   0.0143   0.0142    0.012  0.00965  0.00745  0.00556  0.00401  0.00273  0.00166 0.000707-0.000195 -0.00113 -0.00219 -0.00347 -0.00507 -0.00709 -0.00958  -0.0125  -0.0153  -0.0159   0.0154
        4|  -0.0103   0.0105   0.0106  0.00931  0.00773  0.00616  0.00472  0.00347  0.00239  0.00145 0.000605-0.000215 -0.00106 -0.00201  -0.0031 -0.00442 -0.00598 -0.00778 -0.00968  -0.0114  -0.0114   0.0111
        3| -0.00729  0.00746  0.00765  0.00684   0.0058  0.00472  0.00369  0.00275  0.00191  0.00116 0.000471-0.000201-0.000898 -0.00166 -0.00252 -0.00352 -0.00465 -0.00588 -0.00711 -0.00811 -0.00802   0.0078
        2| -0.00477  0.00488  0.00505  0.00456  0.00393  0.00324  0.00256  0.00193  0.00135 0.000815  0.00032-0.000168-0.000667 -0.00121 -0.00181 -0.00248 -0.00322 -0.00399 -0.00473 -0.00531 -0.00518  0.00505
        1| -0.00251  0.00256  0.00268  0.00243  0.00211  0.00175  0.00139  0.00105 0.000731 0.000437 0.000156-0.000117-0.000399-0.000696 -0.00102 -0.00137 -0.00175 -0.00213 -0.00249 -0.00276 -0.00268  0.00262
        0|  -0.0107    0.011   0.0115   0.0109  0.00986  0.00862  0.00723  0.00573  0.00418  0.00258 0.000969-0.000659 -0.00229 -0.00393 -0.00555 -0.00713 -0.00863 -0.00997  -0.0111  -0.0118  -0.0113    0.011

p (22x12): 
         |        0        1        2        3        4        5        6        7        8        9       10       11       12       13       14       15       16       17       18       19       20       21
-------------------------------------------------------------------------------------------------------------------------------------------------------------------------------------------------------------------------
       11|   -0.548   -0.548   -0.541   -0.536   -0.533    -0.53   -0.527   -0.525   -0.523   -0.521   -0.518   -0.516   -0.514   -0.512    -0.51   -0.508   -0.505   -0.502   -0.497   -0.489   -0.475   -0.475
       10|   -0.548   -0.548   -0.541   -0.536   -0.533    -0.53   -0.527   -0.525   -0.523   -0.521   -0.518   -0.516   -0.514   -0.512    -0.51   -0.508   -0.505   -0.502   -0.497   -0.489   -0.475   -0.475
        9|    -0.54    -0.54   -0.538   -0.535   -0.532   -0.529   -0.527   -0.525   -0.522    -0.52   -0.518   -0.516   -0.514   -0.512    -0.51   -0.508   -0.505   -0.503   -0.499   -0.494   -0.488   -0.488
        8|   -0.535   -0.535   -0.534   -0.532    -0.53   -0.528   -0.526   -0.524   -0.522    -0.52   -0.518   -0.516   -0.514   -0.512    -0.51   -0.508   -0.506   -0.503     -0.5   -0.497   -0.495   -0.495
        7|   -0.532   -0.532   -0.532    -0.53   -0.529   -0.527   -0.525   -0.524   -0.522    -0.52   -0.518   -0.516   -0.514   -0.512    -0.51   -0.508   -0.506   -0.504   -0.502     -0.5   -0.499   -0.499
        6|    -0.53    -0.53    -0.53   -0.529   -0.528   -0.526   -0.525   -0.523   -0.521    -0.52   -0.518   -0.516   -0.514   -0.513   -0.511   -0.509   -0.507   -0.505   -0.504   -0.502   -0.501   -0.501
        5|   -0.528   -0.528   -0.528   -0.527   -0.526   -0.525   -0.524   -0.522   -0.521   -0.519   -0.518   -0.516   -0.514   -0.513   -0.511   -0.509   -0.508   -0.506   -0.505   -0.504   -0.503   -0.503
        4|   -0.527   -0.527   -0.527   -0.526   -0.526   -0.525   -0.523   -0.522   -0.521   -0.519   -0.518   -0.516   -0.514   -0.513   -0.511    -0.51   -0.508   -0.507   -0.506   -0.505   -0.505   -0.505
        3|   -0.526   -0.526   -0.526   -0.526   -0.525   -0.524   -0.523   -0.522    -0.52   -0.519   -0.517   -0.516   -0.514   -0.513   -0.511    -0.51   -0.509   -0.508   -0.507   -0.506   -0.506   -0.506
        2|   -0.526   -0.526   -0.526   -0.525   -0.525   -0.524   -0.523   -0.522    -0.52   -0.519   -0.517   -0.516   -0.515   -0.513   -0.512    -0.51   -0.509   -0.508   -0.507   -0.507   -0.506   -0.506
        1|   -0.526   -0.526   -0.526   -0.525   -0.525   -0.524   -0.523   -0.521    -0.52   -0.519   -0.517   -0.516   -0.515   -0.513   -0.512    -0.51   -0.509   -0.508   -0.507   -0.507   -0.506   -0.506
        0|   -0.525   -0.525   -0.524   -0.524   -0.523   -0.523   -0.522   -0.521    -0.52   -0.518   -0.517   -0.516   -0.515   -0.514   -0.512   -0.511    -0.51   -0.509   -0.509   -0.508   -0.508   -0.508

F (22x12): 
         |        0        1        2        3        4        5        6        7        8        9       10       11       12       13       14       15       16       17       18       19       20
-------------------------------------------------------------------------------------------------------------------------------------------------------------------------------------------------------------------------
       11|        0     1.94      1.9     1.89     1.88     1.88     1.87     1.87     1.87     1.87     1.87     1.87     1.87     1.87     1.87     1.87     1.88     1.88      1.9     1.93        0
       10|        0   0.0674   0.0983    0.114    0.123    0.128    0.131    0.133    0.135    0.136    0.136    0.136    0.136    0.135    0.134    0.132    0.129    0.122    0.109   0.0776        0
        9|        0  -0.0247   -0.026  -0.0226  -0.0191  -0.0164  -0.0145  -0.0132  -0.0124  -0.0119  -0.0116  -0.0117   -0.012  -0.0126  -0.0136  -0.0152  -0.0175  -0.0205  -0.0232  -0.0211        0
        8|        0  -0.0128  -0.0189  -0.0205  -0.0203  -0.0195  -0.0187  -0.0181  -0.0176  -0.0173  -0.0173  -0.0174  -0.0177  -0.0182  -0.0191  -0.0202  -0.0217   -0.023  -0.0231   -0.018        0
        7|        0 -0.00754  -0.0129  -0.0156  -0.0167   -0.017   -0.017  -0.0169  -0.0167  -0.0166  -0.0166  -0.0167  -0.0169  -0.0172  -0.0176  -0.0179  -0.0181  -0.0177  -0.0156  -0.0101        0
        6|        0 -0.00504  -0.0093  -0.0121  -0.0138  -0.0148  -0.0153  -0.0155  -0.0156  -0.0157  -0.0158  -0.0158  -0.0159  -0.0159  -0.0158  -0.0156   -0.015  -0.0136  -0.0109 -0.00622        0
        5|        0 -0.00372 -0.00717 -0.00981  -0.0117  -0.0129  -0.0137  -0.0143  -0.0146  -0.0148  -0.0149  -0.0149  -0.0148  -0.0146  -0.0143  -0.0136  -0.0126  -0.0108 -0.00812 -0.00433        0
        4|        0 -0.00297 -0.00586 -0.00827  -0.0101  -0.0115  -0.0125  -0.0132  -0.0137   -0.014  -0.0141  -0.0141  -0.0139  -0.0136   -0.013  -0.0121  -0.0108 -0.00897 -0.00647 -0.00332        0
        3|        0 -0.00252 -0.00505 -0.00726 -0.00909  -0.0105  -0.0116  -0.0124   -0.013  -0.0133  -0.0134  -0.0134  -0.0132  -0.0127   -0.012   -0.011 -0.00962 -0.00778 -0.00547 -0.00275        0
        2|        0 -0.00226 -0.00457 -0.00665 -0.00842 -0.00987   -0.011  -0.0118  -0.0124  -0.0128   -0.013  -0.0129  -0.0126  -0.0121  -0.0114  -0.0103 -0.00887 -0.00707  -0.0049 -0.00243        0
        1|        0 -0.00217 -0.00445 -0.00651 -0.00827 -0.00971  -0.0108  -0.0117  -0.0123  -0.0126  -0.0127  -0.0126  -0.0122  -0.0117  -0.0108 -0.00971 -0.00829 -0.00653 -0.00448  -0.0022        0
        0|        0        0        0        0        0        0        0        0        0        0        0        0        0        0        0        0        0        0        0        0        0

G (22x12): 
         |        0        1        2        3        4        5        6        7        8        9       10       11       12       13       14       15       16       17       18       19       20       21
-------------------------------------------------------------------------------------------------------------------------------------------------------------------------------------------------------------------------
       10|        0        0        0        0        0        0        0        0        0        0        0        0        0        0        0        0        0        0        0        0        0        0
        9|  -0.0642   0.0635    0.031   0.0156  0.00862  0.00512   0.0032  0.00205  0.00132 0.000811 0.000424 8.14e-05-0.000262-0.000648 -0.00118 -0.00201 -0.00352  -0.0066  -0.0137  -0.0315  -0.0708   0.0722
        8|  -0.0394    0.039   0.0294   0.0188   0.0119  0.00771  0.00506  0.00333  0.00216   0.0013 0.000629 3.09e-05-0.000578  -0.0013 -0.00225 -0.00365  -0.0059 -0.00977  -0.0169  -0.0303  -0.0498   0.0498
        7|  -0.0266   0.0264   0.0233   0.0172   0.0122  0.00848  0.00585  0.00399  0.00262  0.00158 0.000713 -7.5e-05-0.000893 -0.00185 -0.00309 -0.00481 -0.00734  -0.0112  -0.0169  -0.0251  -0.0317   0.0317
        6|   -0.019   0.0189    0.018   0.0145   0.0111  0.00816  0.00589  0.00413  0.00276  0.00166 0.000722 -0.00016 -0.00108 -0.00213 -0.00345 -0.00519 -0.00753  -0.0107  -0.0148  -0.0195  -0.0216   0.0217
        5|   -0.014   0.0139   0.0138   0.0117  0.00937  0.00723  0.00539  0.00388  0.00264  0.00159 0.000669-0.000208 -0.00112 -0.00215  -0.0034 -0.00495 -0.00691 -0.00933  -0.0121  -0.0148  -0.0154   0.0154
        4|  -0.0103   0.0102   0.0103  0.00906  0.00751  0.00598  0.00458  0.00336  0.00231   0.0014 0.000575-0.000223 -0.00105 -0.00197 -0.00303 -0.00431 -0.00583 -0.00758 -0.00941   -0.011  -0.0111   0.0111
        3| -0.00729  0.00725  0.00745  0.00665  0.00564  0.00459  0.00358  0.00267  0.00185  0.00112 0.000448-0.000206-0.000884 -0.00162 -0.00246 -0.00343 -0.00453 -0.00573 -0.00691 -0.00788 -0.00777   0.0078
        2| -0.00477  0.00475  0.00492  0.00444  0.00382  0.00315  0.00249  0.00187  0.00131 0.000789 0.000306-0.000169-0.000656 -0.00118 -0.00177 -0.00242 -0.00314 -0.00389  -0.0046 -0.00516 -0.00503  0.00505
        1| -0.00251  0.00254  0.00265  0.00241  0.00209  0.00174  0.00138  0.00104 0.000724 0.000432 0.000154-0.000117-0.000396 -0.00069 -0.00101 -0.00136 -0.00173  -0.0021 -0.00245 -0.00271 -0.00263  0.00262
        0|  -0.0107        0        0        0        0        0        0        0        0        0        0        0        0        0        0        0        0        0        0        0        0    0.011

rhs (22x12): 
         |        0        1        2        3        4        5        6        7        8        9       10       11       12       13       14       15       16       17       18       19       20       21
-------------------------------------------------------------------------------------------------------------------------------------------------------------------------------------------------------------------------
       11|        0        0        0        0        0        0        0        0        0        0        0        0        0        0        0        0        0        0        0        0        0        0
       10|        0     1.49  -0.0336   0.0853   0.0577   0.0325   0.0205   0.0121  0.00946  0.00622  0.00679  0.00514  0.00545  0.00575     0.01   0.0147    0.028   0.0522      0.1   0.0879    -2.63        0
        9|        0  -0.0845     0.14   0.0957   0.0502   0.0295   0.0163   0.0119  0.00666  0.00641  0.00373   0.0058  0.00614  0.00944   0.0116   0.0217    0.039   0.0867    0.195    0.326   0.0277        0
        8|        0   -0.067  -0.0164 -0.00825 -0.00163 -0.00151 0.000892-0.000572  0.00123-0.000466  0.00125 -0.00038  0.00145 -0.00023  0.00153-0.000195  0.00133 -0.00134 -0.00437  -0.0272  -0.0254        0
        7|        0  -0.0269 -0.00897 -0.00413  -0.0035-0.000464 -0.00148 0.000609-0.000917 0.000896-0.000782 0.000948-0.000808 0.000805 -0.00114 9.52e-05 -0.00267 -0.00329 -0.00998  -0.0151 -0.00741        0
        6|        0  -0.0158 -0.00319 -0.00367-0.000825 -0.00179  0.00039 -0.00106 0.000806-0.000834 0.000918  -0.0008 0.000879-0.000931   0.0006 -0.00148-0.000461 -0.00345 -0.00382 -0.00766   0.0044        0
        5|        0 -0.00936 -0.00316 -0.00086 -0.00196 0.000221 -0.00118  0.00073-0.000873 0.000909-0.000783 0.000932-0.000822 0.000823 -0.00104 0.000418 -0.00175-0.000742 -0.00346 -0.00263  0.00452        0
        4|        0 -0.00806-0.000603   -0.002 0.000104  -0.0013 0.000648-0.000918 0.000895 -0.00077 0.000973-0.000754 0.000936-0.000844 0.000762 -0.00115 0.000262  -0.0019 -0.00075 -0.00292  0.00556        0
        3|        0 -0.00536  -0.0019 4.62e-05 -0.00141 0.000551-0.000987 0.000861-0.000776 0.000992-0.000706  0.00101-0.000738  0.00093-0.000884 0.000682 -0.00127 0.000134 -0.00196-0.000508  0.00387        0
        2|        0  -0.0218   -0.017  -0.0171  -0.0132  -0.0125 -0.00831 -0.00762 -0.00368 -0.00338 0.000121-4.47e-05  0.00309  0.00265  0.00549  0.00469  0.00709   0.0058  0.00771  0.00606   0.0126        0
        1|        0    0.142    0.144    0.138    0.126    0.114   0.0957   0.0796   0.0589   0.0407   0.0184  -0.0009  -0.0244  -0.0453  -0.0701  -0.0916   -0.116   -0.135   -0.155   -0.166   -0.166        0
        0|        0        0        0        0        0        0        0        0        0        0        0        0        0        0        0        0        0        0        0        0        0        0

