t: 0.327345
nCells: 20x10, dx: 0.1, dy: 0.1

u (22x12): 
         |        0        1        2        3        4        5        6        7        8        9       10       11       12       13       14       15       16       17       18       19       20
-------------------------------------------------------------------------------------------------------------------------------------------------------------------------------------------------------------------------
       11|        0     1.97     1.96     1.96     1.95     1.95     1.95     1.95     1.95     1.95     1.95     1.95     1.95     1.95     1.95     1.95     1.95     1.95     1.96     1.97        0
       10|        0     0.03   0.0425   0.0483   0.0513    0.053    0.054   0.0547   0.0551   0.0553   0.0554   0.0554   0.0552   0.0548   0.0542   0.0532   0.0516   0.0487   0.0431   0.0306        0
        9|        0   -0.012  -0.0124  -0.0108 -0.00926 -0.00815 -0.00738 -0.00687 -0.00654 -0.00635 -0.00629 -0.00634 -0.00651 -0.00683 -0.00733 -0.00808 -0.00917  -0.0107  -0.0122  -0.0118        0
        8|        0 -0.00607 -0.00841 -0.00879 -0.00849 -0.00805 -0.00766 -0.00735 -0.00714 -0.00702 -0.00698 -0.00702 -0.00715 -0.00736 -0.00768  -0.0081 -0.00858 -0.00895 -0.00869 -0.00645        0
        7|        0 -0.00347 -0.00564 -0.00664 -0.00697 -0.00701 -0.00693 -0.00682 -0.00674 -0.00668 -0.00666 -0.00669 -0.00675 -0.00684 -0.00696 -0.00706 -0.00706 -0.00676 -0.00581 -0.00363        0
        6|        0 -0.00227 -0.00403 -0.00513 -0.00575 -0.00607 -0.00621 -0.00627 -0.00629  -0.0063  -0.0063  -0.0063  -0.0063 -0.00629 -0.00625 -0.00612 -0.00582 -0.00522 -0.00412 -0.00234        0
        5|        0 -0.00164 -0.00307 -0.00412 -0.00483  -0.0053 -0.00558 -0.00576 -0.00586 -0.00591 -0.00593 -0.00592 -0.00587 -0.00578 -0.00561 -0.00534 -0.00489 -0.00418 -0.00312 -0.00168        0
        4|        0 -0.00129 -0.00248 -0.00344 -0.00417  -0.0047 -0.00507 -0.00532 -0.00547 -0.00556 -0.00559 -0.00557 -0.00549 -0.00534  -0.0051 -0.00473 -0.00421 -0.00348 -0.00251 -0.00131        0
        3|        0 -0.00108 -0.00211 -0.00299 -0.00371 -0.00426 -0.00467 -0.00497 -0.00516 -0.00527 -0.00531 -0.00528 -0.00517 -0.00498  -0.0047 -0.00429 -0.00374 -0.00302 -0.00214  -0.0011        0
        2|        0 -0.00096 -0.00189 -0.00272 -0.00341 -0.00397  -0.0044 -0.00471 -0.00493 -0.00505 -0.00509 -0.00506 -0.00494 -0.00473 -0.00442 -0.00399 -0.00344 -0.00274 -0.00191 -0.00097        0
        1|        0-0.000895 -0.00178 -0.00258 -0.00326 -0.00381 -0.00425 -0.00457 -0.00479 -0.00492 -0.00496 -0.00492 -0.00479 -0.00457 -0.00425 -0.00381 -0.00326 -0.00258 -0.00179-0.000897        0
        0|        0-0.000749 -0.00149 -0.00217 -0.00276 -0.00326 -0.00366 -0.00396 -0.00418  -0.0043 -0.00434 -0.00431 -0.00418 -0.00397 -0.00367 -0.00327 -0.00277 -0.00218  -0.0015-0.000755        0

v (22x12): 
         |        0        1        2        3        4        5        6        7        8        9       10       11       12       13       14       15       16       17       18       19       20       21
-------------------------------------------------------------------------------------------------------------------------------------------------------------------------------------------------------------------------
       10|        0        0        0        0        0        0        0        0        0        0        0        0        0        0        0        0        0        0        0        0        0        0
        9|  -0.0279     0.03   0.0125  0.00574  0.00301  0.00173  0.00106 0.000664 0.000409 0.000227 8.22e-05-5.22e-05-0.000194-0.000368-0.000611-0.000987 -0.00163 -0.00288 -0.00562  -0.0125  -0.0306   0.0284
        8|  -0.0168   0.0181   0.0121  0.00734  0.00451  0.00284  0.00183  0.00118 0.000738 0.000411 0.000144-0.000103-0.000366-0.000684 -0.00111 -0.00174 -0.00272 -0.00436  -0.0072  -0.0121  -0.0188   0.0173
        7|  -0.0111    0.012  0.00975  0.00697   0.0048  0.00328  0.00222  0.00148 0.000947 0.000532 0.000183-0.000144 -0.00049-0.000899 -0.00143 -0.00216 -0.00321 -0.00474 -0.00694 -0.00984  -0.0123   0.0114
        6| -0.00791  0.00852  0.00758  0.00597  0.00447  0.00324   0.0023  0.00159  0.00103 0.000588 0.000201-0.000166-0.000551-0.000995 -0.00155 -0.00226  -0.0032 -0.00444 -0.00598 -0.00766 -0.00869  0.00804
        5| -0.00581  0.00625  0.00582  0.00486  0.00385  0.00293  0.00216  0.00153  0.00102 0.000583 0.000199-0.000169-0.000553-0.000985  -0.0015 -0.00213 -0.00291 -0.00384 -0.00489 -0.00588 -0.00635  0.00588
        4| -0.00428  0.00461   0.0044  0.00381  0.00313  0.00247  0.00187  0.00136 0.000914  0.00053  0.00018-0.000157-0.000507-0.000892 -0.00133 -0.00185 -0.00246 -0.00313 -0.00383 -0.00444 -0.00466  0.00433
        3| -0.00309  0.00331  0.00321  0.00285   0.0024  0.00194   0.0015  0.00111 0.000757 0.000442  0.00015-0.000134-0.000426-0.000741 -0.00109 -0.00149 -0.00194 -0.00241 -0.00286 -0.00324 -0.00335  0.00312
        2| -0.00209  0.00223  0.00218  0.00196  0.00168  0.00139  0.00109 0.000816 0.000563 0.000331 0.000112-0.000102-0.000321-0.000554-0.000808 -0.00109 -0.00138 -0.00169 -0.00197  -0.0022 -0.00225  0.00211
        1|  -0.0012  0.00127  0.00125  0.00114  0.00099 0.000827 0.000661 0.000501 0.000349 0.000207 6.99e-05-6.48e-05-0.000202-0.000345-0.000498 -0.00066-0.000828-0.000994 -0.00114 -0.00126 -0.00128  0.00121
        0| -0.00411  0.00445  0.00444  0.00415  0.00375  0.00326  0.00272  0.00214  0.00154 0.000928 0.000315  -0.0003-0.000913 -0.00152 -0.00213 -0.00271 -0.00326 -0.00375 -0.00416 -0.00445 -0.00447  0.00412

p (22x12): 
         |        0        1        2        3        4        5        6        7        8        9       10       11       12       13       14       15       16       17       18       19       20       21
-------------------------------------------------------------------------------------------------------------------------------------------------------------------------------------------------------------------------
       11|  -0.0554  -0.0554  -0.0459    -0.04  -0.0357  -0.0323  -0.0293  -0.0267  -0.0243  -0.0219  -0.0197  -0.0174  -0.0152  -0.0128  -0.0104 -0.00779 -0.00485 -0.00138  0.00307  0.00946   0.0201   0.0201
       10|  -0.0554  -0.0554  -0.0459    -0.04  -0.0357  -0.0323  -0.0293  -0.0267  -0.0243  -0.0219  -0.0197  -0.0174  -0.0152  -0.0128  -0.0104 -0.00779 -0.00485 -0.00138  0.00307  0.00946   0.0201   0.0201
        9|  -0.0459  -0.0459  -0.0422  -0.0383  -0.0348  -0.0318   -0.029  -0.0265  -0.0241  -0.0219  -0.0196  -0.0174  -0.0152  -0.0129  -0.0106 -0.00807 -0.00533 -0.00224  0.00133   0.0055  0.00979  0.00979
        8|  -0.0403  -0.0403  -0.0385  -0.0361  -0.0335  -0.0309  -0.0285  -0.0261  -0.0239  -0.0217  -0.0196  -0.0175  -0.0153  -0.0131  -0.0109 -0.00855 -0.00609 -0.00347-0.000735  0.00195  0.00395  0.00395
        7|  -0.0366  -0.0366  -0.0356   -0.034   -0.032  -0.0299  -0.0278  -0.0257  -0.0236  -0.0216  -0.0195  -0.0175  -0.0154  -0.0134  -0.0113 -0.00915   -0.007 -0.00484 -0.00277-0.000981  0.00013  0.00013
        6|   -0.034   -0.034  -0.0334  -0.0322  -0.0307  -0.0289  -0.0271  -0.0252  -0.0233  -0.0214  -0.0194  -0.0175  -0.0156  -0.0136  -0.0117 -0.00979 -0.00791 -0.00613 -0.00452 -0.00326 -0.00254 -0.00254
        5|  -0.0322  -0.0322  -0.0317  -0.0308  -0.0296  -0.0281  -0.0265  -0.0248   -0.023  -0.0212  -0.0194  -0.0176  -0.0157  -0.0139  -0.0121  -0.0104 -0.00874 -0.00723 -0.00595 -0.00499 -0.00447 -0.00447
        4|  -0.0308  -0.0308  -0.0304  -0.0297  -0.0287  -0.0274  -0.0259  -0.0244  -0.0227   -0.021  -0.0193  -0.0176  -0.0159  -0.0141  -0.0125  -0.0109 -0.00943 -0.00812 -0.00704 -0.00627 -0.00587 -0.00587
        3|  -0.0299  -0.0299  -0.0295  -0.0289   -0.028  -0.0268  -0.0255  -0.0241  -0.0225  -0.0209  -0.0193  -0.0176   -0.016  -0.0143  -0.0128  -0.0113 -0.00996 -0.00879 -0.00784 -0.00718 -0.00684 -0.00684
        2|  -0.0293  -0.0293   -0.029  -0.0284  -0.0276  -0.0265  -0.0253  -0.0239  -0.0224  -0.0208  -0.0192  -0.0176   -0.016  -0.0145   -0.013  -0.0116  -0.0103 -0.00923 -0.00836 -0.00776 -0.00746 -0.00746
        1|   -0.029   -0.029  -0.0287  -0.0282  -0.0274  -0.0263  -0.0251  -0.0238  -0.0223  -0.0208  -0.0192  -0.0176  -0.0161  -0.0145  -0.0131  -0.0117  -0.0105 -0.00942 -0.00859 -0.00802 -0.00773 -0.00773
        0|  -0.0275  -0.0275  -0.0273  -0.0268  -0.0261  -0.0253  -0.0242  -0.0231  -0.0218  -0.0205  -0.0191  -0.0177  -0.0164   -0.015  -0.0138  -0.0126  -0.0115  -0.0107 -0.00996 -0.00949 -0.00925 -0.00925

F (22x12): 
         |        0        1        2        3        4        5        6        7        8        9       10       11       12       13       14       15       16       17       18       19       20
-------------------------------------------------------------------------------------------------------------------------------------------------------------------------------------------------------------------------
       11|        0     1.97     1.96     1.96     1.95     1.95     1.95     1.95     1.95     1.95     1.95     1.95     1.95     1.95     1.95     1.95     1.95     1.95     1.96     1.97        0
       10|        0   0.0325    0.044   0.0493   0.0521   0.0537   0.0547   0.0553   0.0557   0.0559    0.056    0.056   0.0558   0.0554   0.0549    0.054   0.0525   0.0498   0.0447   0.0333        0
        9|        0  -0.0111  -0.0114 -0.00988 -0.00848 -0.00746 -0.00674 -0.00626 -0.00596 -0.00579 -0.00573 -0.00578 -0.00594 -0.00623 -0.00669 -0.00739 -0.00839 -0.00975  -0.0112  -0.0107        0
        8|        0 -0.00563 -0.00779 -0.00813 -0.00785 -0.00744 -0.00707 -0.00679 -0.00659 -0.00648 -0.00644 -0.00648 -0.00659 -0.00679 -0.00709 -0.00747 -0.00792 -0.00826 -0.00801 -0.00594        0
        7|        0 -0.00322 -0.00522 -0.00614 -0.00644 -0.00647  -0.0064  -0.0063 -0.00622 -0.00616 -0.00615 -0.00617 -0.00622 -0.00631 -0.00642 -0.00651 -0.00651 -0.00624 -0.00535 -0.00335        0
        6|        0  -0.0021 -0.00373 -0.00475 -0.00531  -0.0056 -0.00573 -0.00579  -0.0058 -0.00581 -0.00581 -0.00581 -0.00581  -0.0058 -0.00576 -0.00564 -0.00537 -0.00481  -0.0038 -0.00216        0
        5|        0 -0.00152 -0.00284 -0.00381 -0.00446 -0.00489 -0.00515 -0.00531  -0.0054 -0.00545 -0.00547 -0.00545 -0.00541 -0.00533 -0.00517 -0.00492  -0.0045 -0.00385 -0.00288 -0.00155        0
        4|        0  -0.0012 -0.00229 -0.00318 -0.00385 -0.00433 -0.00467  -0.0049 -0.00504 -0.00512 -0.00515 -0.00513 -0.00505 -0.00491 -0.00469 -0.00436 -0.00388 -0.00321 -0.00232 -0.00121        0
        3|        0   -0.001 -0.00195 -0.00276 -0.00342 -0.00393 -0.00431 -0.00457 -0.00475 -0.00485 -0.00489 -0.00486 -0.00476 -0.00459 -0.00432 -0.00395 -0.00344 -0.00278 -0.00197 -0.00101        0
        2|        0-0.000886 -0.00174  -0.0025 -0.00314 -0.00365 -0.00405 -0.00434 -0.00453 -0.00465 -0.00469 -0.00465 -0.00454 -0.00435 -0.00406 -0.00367 -0.00316 -0.00252 -0.00176-0.000894        0
        1|        0-0.000826 -0.00164 -0.00237   -0.003 -0.00351  -0.0039  -0.0042  -0.0044 -0.00452 -0.00456 -0.00452  -0.0044  -0.0042  -0.0039  -0.0035 -0.00299 -0.00237 -0.00164-0.000826        0
        0|        0        0        0        0        0        0        0        0        0        0        0        0        0        0        0        0        0        0        0        0        0

G (22x12): 
         |        0        1        2        3        4        5        6        7        8        9       10       11       12       13       14       15       16       17       18       19       20       21
-------------------------------------------------------------------------------------------------------------------------------------------------------------------------------------------------------------------------
       10|        0        0        0        0        0        0        0        0        0        0        0        0        0        0        0        0        0        0        0        0        0        0
        9|  -0.0279   0.0276   0.0115  0.00531  0.00278   0.0016 0.000977 0.000612 0.000377 0.000209 7.47e-05-4.97e-05-0.000181-0.000343-0.000568-0.000916 -0.00151 -0.00266 -0.00518  -0.0115   -0.028   0.0284
        8|  -0.0168   0.0166   0.0112  0.00677  0.00415  0.00262  0.00168  0.00109 0.000679 0.000377  0.00013-9.88e-05-0.000343-0.000638 -0.00104 -0.00162 -0.00253 -0.00405 -0.00667  -0.0112  -0.0173   0.0173
        7|  -0.0111   0.0111  0.00901  0.00644  0.00444  0.00303  0.00205  0.00137 0.000874  0.00049 0.000167-0.000137-0.000458-0.000838 -0.00133   -0.002 -0.00297 -0.00439 -0.00642  -0.0091  -0.0113   0.0114
        6| -0.00791  0.00786  0.00701  0.00552  0.00413    0.003  0.00213  0.00147 0.000956 0.000542 0.000183-0.000157-0.000514-0.000926 -0.00144  -0.0021 -0.00297 -0.00412 -0.00554 -0.00709 -0.00801  0.00804
        5| -0.00581  0.00578  0.00539   0.0045  0.00356  0.00271    0.002  0.00142 0.000939 0.000539 0.000182 -0.00016-0.000516-0.000917 -0.00139 -0.00198  -0.0027 -0.00356 -0.00452 -0.00544 -0.00586  0.00588
        4| -0.00428  0.00426  0.00408  0.00353   0.0029  0.00229  0.00174  0.00126 0.000848 0.000491 0.000166-0.000149-0.000474-0.000831 -0.00124 -0.00172 -0.00228 -0.00291 -0.00355 -0.00411 -0.00431  0.00433
        3| -0.00309  0.00307  0.00298  0.00265  0.00223   0.0018   0.0014  0.00103 0.000704 0.000411 0.000139-0.000126-0.000399-0.000693 -0.00102 -0.00139  -0.0018 -0.00224 -0.00266 -0.00301  -0.0031  0.00312
        2| -0.00209  0.00208  0.00204  0.00183  0.00157  0.00129  0.00102 0.000763 0.000527 0.000309 0.000104-9.64e-05-0.000302 -0.00052-0.000757 -0.00102 -0.00129 -0.00158 -0.00184 -0.00205  -0.0021  0.00211
        1|  -0.0012  0.00121  0.00119  0.00108 0.000944 0.000789 0.000632 0.000479 0.000334 0.000198 6.66e-05-6.26e-05-0.000194-0.000331-0.000476 -0.00063-0.000789-0.000946 -0.00109  -0.0012 -0.00121  0.00121
        0| -0.00411        0        0        0        0        0        0        0        0        0        0        0        0        0        0        0        0        0        0        0        0  0.00412

rhs (22x12): 
         |        0        1        2        3        4        5        6        7        8        9       10       11       12       13       14       15       16       17       18       19       20       21
-------------------------------------------------------------------------------------------------------------------------------------------------------------------------------------------------------------------------
       11|        0        0        0        0        0        0        0        0        0        0        0        0        0        0        0        0        0        0        0        0        0        0
       10|        0     1.91 -0.00679   0.0111    0.006  0.00281  0.00157 0.000887 0.000794 0.000654  0.00088 0.000659  0.00107  0.00143  0.00232  0.00352  0.00607   0.0108   0.0206   0.0298    -2.09        0
        9|        0  -0.0274   0.0281   0.0153  0.00704  0.00375  0.00202   0.0014 0.000829 0.000771 0.000515 0.000988 0.000983  0.00145  0.00191  0.00328  0.00569   0.0119   0.0268   0.0517   0.0174        0
        8|        0  -0.0197 -0.00326 -0.00148-0.000475-0.000302-5.68e-06-0.000104  8.1e-05-6.57e-05 9.71e-05 -5.1e-05 0.000104 -6.5e-05 6.69e-05-0.000156-0.000163-0.000779 -0.00198 -0.00546  0.00153        0
        7|        0  -0.0088 -0.00145-0.000701-0.000484-0.000125 -0.00018 3.17e-05-9.96e-05  7.2e-05-8.12e-05 7.79e-05-8.74e-05 5.46e-05-0.000138-4.89e-05 -0.00035-0.000487 -0.00121 -0.00185  0.00366        0
        6|        0 -0.00521-0.000581-0.000512-0.000177-0.000223 2.06e-06-0.000119 6.04e-05-8.74e-05 7.53e-05-8.36e-05  6.9e-05-0.000103 2.95e-05-0.000178-0.000108-0.000419-0.000496-0.000929  0.00335        0
        5|        0 -0.00346-0.000445-0.000184-0.000248-2.19e-05-0.000136 4.99e-05-9.27e-05 7.42e-05-8.08e-05 7.63e-05-8.69e-05 6.09e-05-0.000117  6.9e-06-0.000208-0.000135-0.000409-0.000369  0.00258        0
        4|        0 -0.00272-0.000149-0.000252-3.73e-05-0.000151 3.95e-05-9.82e-05 7.29e-05-7.86e-05 8.27e-05-7.75e-05 7.69e-05   -9e-05 5.31e-05 -0.00013-1.03e-05-0.000222 -0.00013-0.000349  0.00224        0
        3|        0 -0.00212-0.000238-4.42e-05-0.000164 2.76e-05-0.000106 6.94e-05-7.84e-05 8.61e-05-6.98e-05 8.69e-05 -7.5e-05 7.62e-05-9.48e-05 4.39e-05-0.000143-2.26e-05-0.000225-0.000103  0.00181        0
        2|        0 -0.00655  -0.0046 -0.00438 -0.00371 -0.00329 -0.00251 -0.00205 -0.00129-0.000874 -0.00017 0.000185 0.000838  0.00115  0.00176  0.00201  0.00254  0.00268  0.00308  0.00307  0.00504        0
        1|        0    0.151    0.149     0.14    0.126     0.11   0.0919   0.0726   0.0524   0.0321   0.0113 -0.00928  -0.0302  -0.0508  -0.0714  -0.0912    -0.11   -0.127   -0.141   -0.151   -0.153        0
        0|        0        0        0        0        0        0        0        0        0        0        0        0        0        0        0        0        0        0        0        0        0        0

