t: 0.226097
nCells: 20x10, dx: 0.1, dy: 0.1

u (22x12): 
         |        0        1        2        3        4        5        6        7        8        9       10       11       12       13       14       15       16       17       18       19       20
-------------------------------------------------------------------------------------------------------------------------------------------------------------------------------------------------------------------------
       11|        0     1.98     1.97     1.97     1.97     1.97     1.97     1.97     1.97     1.97     1.97     1.97     1.97     1.97     1.97     1.97     1.97     1.97     1.97     1.98        0
       10|        0   0.0214     0.03    0.034    0.036   0.0372    0.038   0.0384   0.0387   0.0388   0.0389   0.0389   0.0387   0.0384    0.038   0.0373   0.0361   0.0341   0.0302   0.0215        0
        9|        0 -0.00858 -0.00882 -0.00768 -0.00663 -0.00585 -0.00531 -0.00495 -0.00472 -0.00459 -0.00455 -0.00459 -0.00471 -0.00494  -0.0053 -0.00583  -0.0066 -0.00765 -0.00878 -0.00853        0
        8|        0 -0.00429 -0.00589 -0.00613  -0.0059 -0.00558  -0.0053 -0.00508 -0.00493 -0.00484 -0.00482 -0.00484 -0.00493 -0.00508  -0.0053  -0.0056 -0.00593 -0.00618 -0.00598 -0.00441        0
        7|        0 -0.00244 -0.00394 -0.00462 -0.00484 -0.00485 -0.00479 -0.00471 -0.00464  -0.0046 -0.00459  -0.0046 -0.00464 -0.00471  -0.0048 -0.00487 -0.00487 -0.00466 -0.00399  -0.0025        0
        6|        0 -0.00159 -0.00281 -0.00357 -0.00398 -0.00419 -0.00428 -0.00432 -0.00433 -0.00433 -0.00433 -0.00433 -0.00433 -0.00432 -0.00429 -0.00421 -0.00401 -0.00359 -0.00284 -0.00162        0
        5|        0 -0.00115 -0.00213 -0.00285 -0.00334 -0.00365 -0.00384 -0.00395 -0.00402 -0.00405 -0.00406 -0.00405 -0.00402 -0.00396 -0.00385 -0.00366 -0.00336 -0.00287 -0.00215 -0.00116        0
        4|        0-0.000899 -0.00171 -0.00237 -0.00287 -0.00323 -0.00348 -0.00364 -0.00374  -0.0038 -0.00382  -0.0038 -0.00375 -0.00365 -0.00348 -0.00324 -0.00288 -0.00239 -0.00173-0.000906        0
        3|        0-0.000749 -0.00145 -0.00206 -0.00254 -0.00292 -0.00319 -0.00339 -0.00352 -0.00359 -0.00361 -0.00359 -0.00352 -0.00339  -0.0032 -0.00292 -0.00255 -0.00206 -0.00146-0.000754        0
        2|        0 -0.00066 -0.00129 -0.00185 -0.00232  -0.0027 -0.00299  -0.0032 -0.00334 -0.00343 -0.00345 -0.00343 -0.00335 -0.00321   -0.003 -0.00271 -0.00233 -0.00186  -0.0013-0.000664        0
        1|        0-0.000611 -0.00121 -0.00174  -0.0022 -0.00258 -0.00287 -0.00308 -0.00323 -0.00332 -0.00335 -0.00332 -0.00323 -0.00308 -0.00287 -0.00258  -0.0022 -0.00175 -0.00121-0.000612        0
        0|        0-0.000512 -0.00101 -0.00147 -0.00187 -0.00221 -0.00247 -0.00268 -0.00282  -0.0029 -0.00293 -0.00291 -0.00282 -0.00268 -0.00248 -0.00221 -0.00187 -0.00147 -0.00102-0.000514        0

v (22x12): 
         |        0        1        2        3        4        5        6        7        8        9       10       11       12       13       14       15       16       17       18       19       20       21
-------------------------------------------------------------------------------------------------------------------------------------------------------------------------------------------------------------------------
       10|        0        0        0        0        0        0        0        0        0        0        0        0        0        0        0        0        0        0        0        0        0        0
        9|  -0.0191   0.0214  0.00865  0.00396  0.00207  0.00119 0.000728 0.000456  0.00028 0.000154 5.21e-05-4.24e-05-0.000143-0.000267-0.000439-0.000705 -0.00116 -0.00203 -0.00392 -0.00866  -0.0215   0.0192
        8|  -0.0114   0.0128  0.00841  0.00509  0.00312  0.00197  0.00127 0.000817  0.00051 0.000282  9.4e-05-8.08e-05-0.000267-0.000493-0.000796 -0.00124 -0.00193 -0.00308 -0.00505 -0.00841   -0.013   0.0116
        7| -0.00759  0.00849  0.00681  0.00486  0.00335  0.00228  0.00155  0.00104  0.00066 0.000368 0.000122-0.000109-0.000355-0.000644 -0.00102 -0.00153 -0.00226 -0.00333 -0.00485 -0.00684 -0.00859  0.00766
        6| -0.00541  0.00604  0.00531  0.00418  0.00313  0.00227  0.00162  0.00111 0.000725  0.00041 0.000136-0.000124-0.000398-0.000712  -0.0011  -0.0016 -0.00226 -0.00312 -0.00419 -0.00534  -0.0061  0.00544
        5| -0.00399  0.00445   0.0041  0.00342  0.00271  0.00206  0.00152  0.00108 0.000716  0.00041 0.000136-0.000126  -0.0004-0.000707 -0.00107 -0.00151 -0.00206 -0.00271 -0.00343 -0.00412 -0.00448  0.00401
        4| -0.00296   0.0033  0.00312   0.0027  0.00222  0.00175  0.00133 0.000966 0.000652 0.000376 0.000125-0.000118-0.000369-0.000644-0.000959 -0.00133 -0.00175 -0.00222 -0.00271 -0.00313 -0.00332  0.00298
        3| -0.00217   0.0024   0.0023  0.00204  0.00173   0.0014  0.00108 0.000801 0.000547 0.000319 0.000106-0.000101-0.000314-0.000542-0.000796 -0.00108  -0.0014 -0.00173 -0.00205 -0.00231 -0.00241  0.00218
        2|  -0.0015  0.00165   0.0016  0.00144  0.00124  0.00102 0.000807 0.000605 0.000419 0.000246 8.22e-05-7.84e-05-0.000242-0.000415-0.000603-0.000806 -0.00102 -0.00124 -0.00144 -0.00161 -0.00166  0.00151
        1|-0.000919 0.000991 0.000966  0.00088 0.000769 0.000645 0.000518 0.000394 0.000276 0.000163 5.47e-05-5.25e-05-0.000161-0.000274-0.000393-0.000518-0.000646-0.000771-0.000883 -0.00097-0.000995 0.000922
        0| -0.00268  0.00304    0.003   0.0028  0.00253   0.0022  0.00183  0.00144  0.00103 0.000622 0.000209-0.000205-0.000618 -0.00103 -0.00144 -0.00183  -0.0022 -0.00253 -0.00281   -0.003 -0.00305  0.00268

p (22x12): 
         |        0        1        2        3        4        5        6        7        8        9       10       11       12       13       14       15       16       17       18       19       20       21
-------------------------------------------------------------------------------------------------------------------------------------------------------------------------------------------------------------------------
       11|  -0.0415  -0.0415  -0.0317  -0.0256  -0.0212  -0.0177  -0.0148  -0.0121 -0.00959 -0.00722 -0.00492 -0.00264-0.000342  0.00202   0.0045  0.00717   0.0102   0.0137   0.0181   0.0244   0.0348   0.0348
       10|  -0.0415  -0.0415  -0.0317  -0.0256  -0.0212  -0.0177  -0.0148  -0.0121 -0.00959 -0.00722 -0.00492 -0.00264-0.000342  0.00202   0.0045  0.00717   0.0102   0.0137   0.0181   0.0244   0.0348   0.0348
        9|  -0.0318  -0.0318  -0.0279  -0.0239  -0.0203  -0.0172  -0.0144  -0.0119 -0.00947 -0.00716  -0.0049 -0.00266-0.000399  0.00191  0.00432  0.00687  0.00966   0.0128   0.0164   0.0205   0.0247   0.0247
        8|  -0.0261  -0.0261  -0.0242  -0.0217   -0.019  -0.0164  -0.0139  -0.0115 -0.00925 -0.00703 -0.00485 -0.00268-0.000503  0.00171  0.00399  0.00636  0.00886   0.0115   0.0142   0.0169   0.0189   0.0189
        7|  -0.0223  -0.0223  -0.0213  -0.0196  -0.0175  -0.0154  -0.0132  -0.0111 -0.00897 -0.00687  -0.0048 -0.00272-0.000643  0.00145  0.00358  0.00573  0.00791   0.0101   0.0122   0.0139    0.015    0.015
        6|  -0.0197  -0.0197   -0.019  -0.0178  -0.0162  -0.0144  -0.0125  -0.0106 -0.00866  -0.0067 -0.00473 -0.00277  -0.0008  0.00117  0.00313  0.00507  0.00697  0.00877   0.0104   0.0116   0.0124   0.0124
        5|  -0.0178  -0.0178  -0.0173  -0.0163  -0.0151  -0.0136  -0.0119  -0.0102 -0.00837 -0.00653 -0.00468 -0.00281-0.000956 0.000886   0.0027  0.00445  0.00612  0.00764  0.00894  0.00991   0.0104   0.0104
        4|  -0.0164  -0.0164   -0.016  -0.0152  -0.0142  -0.0129  -0.0114 -0.00978 -0.00811 -0.00638 -0.00462 -0.00286  -0.0011 0.000637  0.00232  0.00393  0.00541  0.00674  0.00783  0.00861  0.00902  0.00902
        3|  -0.0154  -0.0154  -0.0151  -0.0144  -0.0135  -0.0123   -0.011 -0.00948  -0.0079 -0.00626 -0.00458 -0.00289 -0.00121 0.000437  0.00202  0.00352  0.00488  0.00606  0.00702  0.00769  0.00803  0.00803
        2|  -0.0148  -0.0148  -0.0145  -0.0139   -0.013  -0.0119  -0.0107 -0.00927 -0.00776 -0.00617 -0.00455 -0.00291 -0.00129 0.000298  0.00182  0.00324  0.00452  0.00562  0.00649   0.0071  0.00741  0.00741
        1|  -0.0145  -0.0145  -0.0142  -0.0137  -0.0128  -0.0118  -0.0106 -0.00917 -0.00769 -0.00614 -0.00454 -0.00293 -0.00132 0.000234  0.00172  0.00311  0.00435  0.00541  0.00625  0.00683  0.00712  0.00712
        0|   -0.013   -0.013  -0.0128  -0.0123  -0.0116  -0.0107 -0.00965 -0.00847 -0.00718 -0.00583 -0.00443 -0.00302 -0.00163-0.000268  0.00102  0.00221  0.00327  0.00417  0.00487  0.00536   0.0056   0.0056

F (22x12): 
         |        0        1        2        3        4        5        6        7        8        9       10       11       12       13       14       15       16       17       18       19       20
-------------------------------------------------------------------------------------------------------------------------------------------------------------------------------------------------------------------------
       11|        0     1.98     1.97     1.97     1.97     1.97     1.97     1.97     1.97     1.97     1.97     1.97     1.97     1.97     1.97     1.97     1.97     1.97     1.97     1.98        0
       10|        0   0.0238   0.0315   0.0351   0.0369    0.038   0.0386    0.039   0.0393   0.0394   0.0395   0.0394   0.0393   0.0391   0.0387    0.038    0.037   0.0352   0.0318   0.0241        0
        9|        0 -0.00761  -0.0078 -0.00678 -0.00584 -0.00515 -0.00467 -0.00434 -0.00414 -0.00402 -0.00399 -0.00402 -0.00413 -0.00433 -0.00465 -0.00513 -0.00581 -0.00674 -0.00773 -0.00748        0
        8|        0 -0.00382 -0.00524 -0.00545 -0.00524 -0.00496  -0.0047 -0.00451 -0.00437 -0.00429 -0.00427 -0.00429 -0.00437 -0.00451 -0.00471 -0.00497 -0.00526 -0.00549 -0.00531 -0.00392        0
        7|        0 -0.00218 -0.00351 -0.00411  -0.0043  -0.0043 -0.00424 -0.00417 -0.00411 -0.00408 -0.00406 -0.00408 -0.00412 -0.00418 -0.00425 -0.00432 -0.00432 -0.00413 -0.00355 -0.00222        0
        6|        0 -0.00142  -0.0025 -0.00317 -0.00354 -0.00372  -0.0038 -0.00383 -0.00383 -0.00383 -0.00383 -0.00383 -0.00383 -0.00383  -0.0038 -0.00373 -0.00355 -0.00319 -0.00252 -0.00144        0
        5|        0 -0.00102 -0.00189 -0.00253 -0.00296 -0.00323  -0.0034  -0.0035 -0.00356 -0.00358 -0.00359 -0.00359 -0.00356  -0.0035 -0.00341 -0.00324 -0.00297 -0.00254 -0.00191 -0.00103        0
        4|        0-0.000798 -0.00152  -0.0021 -0.00254 -0.00286 -0.00307 -0.00322 -0.00331 -0.00336 -0.00337 -0.00336 -0.00331 -0.00322 -0.00308 -0.00286 -0.00255 -0.00211 -0.00153-0.000803        0
        3|        0-0.000664 -0.00129 -0.00182 -0.00225 -0.00257 -0.00282 -0.00299  -0.0031 -0.00317 -0.00319 -0.00317  -0.0031 -0.00299 -0.00282 -0.00258 -0.00225 -0.00182 -0.00129-0.000667        0
        2|        0-0.000584 -0.00114 -0.00164 -0.00205 -0.00238 -0.00263 -0.00282 -0.00294 -0.00302 -0.00304 -0.00302 -0.00295 -0.00282 -0.00264 -0.00238 -0.00205 -0.00164 -0.00115-0.000586        0
        1|        0-0.000539 -0.00106 -0.00154 -0.00194 -0.00226 -0.00252 -0.00271 -0.00284 -0.00291 -0.00294 -0.00291 -0.00284 -0.00271 -0.00252 -0.00226 -0.00194 -0.00153 -0.00106-0.000539        0
        0|        0        0        0        0        0        0        0        0        0        0        0        0        0        0        0        0        0        0        0        0        0

G (22x12): 
         |        0        1        2        3        4        5        6        7        8        9       10       11       12       13       14       15       16       17       18       19       20       21
-------------------------------------------------------------------------------------------------------------------------------------------------------------------------------------------------------------------------
       10|        0        0        0        0        0        0        0        0        0        0        0        0        0        0        0        0        0        0        0        0        0        0
        9|  -0.0191   0.0189  0.00771  0.00353  0.00184  0.00106 0.000649 0.000407  0.00025 0.000137 4.59e-05-3.86e-05-0.000129 -0.00024-0.000394-0.000631 -0.00104 -0.00181 -0.00348 -0.00768   -0.019   0.0192
        8|  -0.0114   0.0113  0.00748  0.00453  0.00278  0.00175  0.00113 0.000728 0.000454 0.000251 8.27e-05-7.39e-05-0.000241-0.000443-0.000714 -0.00111 -0.00173 -0.00275  -0.0045 -0.00749  -0.0115   0.0116
        7| -0.00759  0.00754  0.00607  0.00433  0.00298  0.00204  0.00138 0.000924 0.000589 0.000328 0.000108-9.95e-05-0.000319-0.000579-0.000912 -0.00137 -0.00202 -0.00297 -0.00433 -0.00609 -0.00763  0.00766
        6| -0.00541  0.00538  0.00474  0.00373  0.00279  0.00203  0.00144 0.000996 0.000648 0.000366  0.00012-0.000113-0.000358 -0.00064-0.000987 -0.00143 -0.00202 -0.00279 -0.00374 -0.00476 -0.00542  0.00544
        5| -0.00399  0.00397  0.00366  0.00306  0.00242  0.00185  0.00136 0.000967 0.000642 0.000367 0.000121-0.000115-0.000361-0.000636-0.000961 -0.00136 -0.00184 -0.00242 -0.00307 -0.00368 -0.00399  0.00401
        4| -0.00296  0.00295  0.00279  0.00242  0.00199  0.00157   0.0012 0.000868 0.000586 0.000338 0.000112-0.000107-0.000333-0.000581-0.000864 -0.00119 -0.00157   -0.002 -0.00243 -0.00281 -0.00296  0.00298
        3| -0.00217  0.00216  0.00207  0.00184  0.00155  0.00126 0.000979 0.000724 0.000495 0.000288 9.57e-05-9.21e-05-0.000285-0.000492-0.000721-0.000977 -0.00126 -0.00156 -0.00184 -0.00208 -0.00216  0.00218
        2|  -0.0015  0.00149  0.00145  0.00131  0.00113  0.00093 0.000736 0.000552 0.000382 0.000224 7.47e-05-7.23e-05-0.000222 -0.00038-0.000551-0.000735-0.000931 -0.00113 -0.00131 -0.00146  -0.0015  0.00151
        1|-0.000919 0.000921   0.0009 0.000821 0.000719 0.000604 0.000486  0.00037  0.00026 0.000154 5.13e-05-4.98e-05-0.000152-0.000258-0.000369-0.000485-0.000604-0.000719-0.000822-0.000902-0.000923 0.000922
        0| -0.00268        0        0        0        0        0        0        0        0        0        0        0        0        0        0        0        0        0        0        0        0  0.00268

rhs (22x12): 
         |        0        1        2        3        4        5        6        7        8        9       10       11       12       13       14       15       16       17       18       19       20       21
-------------------------------------------------------------------------------------------------------------------------------------------------------------------------------------------------------------------------
       11|        0        0        0        0        0        0        0        0        0        0        0        0        0        0        0        0        0        0        0        0        0        0
       10|        0     1.96 -0.00717  0.00294  0.00155 0.000589 0.000276 0.000143 0.000188 0.000219 0.000366  0.00033 0.000568 0.000829  0.00132  0.00204  0.00344  0.00608   0.0116   0.0187    -2.04        0
        9|        0  -0.0177   0.0132  0.00689  0.00316  0.00165 0.000904 0.000607  0.00038 0.000332 0.000242 0.000447 0.000464 0.000653 0.000885  0.00148  0.00259  0.00533   0.0121   0.0238   0.0131        0
        8|        0  -0.0116 -0.00154-0.000682-0.000246-0.000138-2.49e-05-4.31e-05 1.79e-05-2.36e-05 2.62e-05-1.79e-05 2.71e-05-2.68e-05  5.8e-06-7.62e-05-0.000113-0.000385-0.000983 -0.00255  0.00302        0
        7|        0 -0.00547-0.000651 -0.00033-0.000209-7.17e-05-7.27e-05-1.31e-06-3.66e-05  1.7e-05-2.82e-05 1.96e-05-3.11e-05 8.88e-06-5.41e-05-3.78e-05-0.000149-0.000232-0.000526-0.000832   0.0031        0
        6|        0  -0.0033-0.000276 -0.00022-9.42e-05-9.16e-05-1.45e-05-4.51e-05 1.17e-05-3.11e-05 1.84e-05-2.93e-05 1.55e-05-3.81e-05-2.34e-06-7.16e-05-6.32e-05-0.000177-0.000232-0.000402  0.00243        0
        5|        0 -0.00225-0.000189-9.57e-05-0.000102-2.47e-05-5.26e-05 6.99e-06-3.35e-05 1.78e-05-2.82e-05 1.87e-05-3.09e-05 1.18e-05-4.45e-05-1.21e-05-8.42e-05-7.37e-05-0.000171-0.000176  0.00183        0
        4|        0 -0.00174-7.94e-05-0.000102-3.06e-05-5.86e-05 2.72e-06-3.58e-05 1.72e-05-2.72e-05 2.16e-05-2.68e-05  1.9e-05-3.23e-05  8.5e-06-4.99e-05-1.89e-05-8.93e-05   -7e-05-0.000144  0.00151        0
        3|        0  -0.0014-9.54e-05-3.24e-05-6.34e-05-1.77e-06-3.87e-05  1.6e-05-2.69e-05 2.32e-05-2.33e-05 2.34e-05-2.56e-05 1.88e-05-3.41e-05 4.99e-06-5.47e-05-2.31e-05 -8.9e-05-5.74e-05  0.00124        0
        2|        0 -0.00392 -0.00266  -0.0025 -0.00217 -0.00189  -0.0015 -0.00119-0.000796-0.000505-0.000132 0.000133 0.000485 0.000732  0.00106  0.00128  0.00157  0.00172  0.00193    0.002  0.00324        0
        1|        0    0.151    0.148    0.139    0.126    0.109   0.0911   0.0717   0.0516   0.0312   0.0106  -0.0099  -0.0305   -0.051  -0.0713  -0.0908   -0.109   -0.126    -0.14   -0.149   -0.152        0
        0|        0        0        0        0        0        0        0        0        0        0        0        0        0        0        0        0        0        0        0        0        0        0

