t: 0.607945
nCells: 20x10, dx: 0.1, dy: 0.1

u (22x12): 
         |        0        1        2        3        4        5        6        7        8        9       10       11       12       13       14       15       16       17       18       19       20
-------------------------------------------------------------------------------------------------------------------------------------------------------------------------------------------------------------------------
       11|        0     1.95     1.93     1.92     1.91     1.91     1.91     1.91     1.91     1.91     1.91     1.91     1.91     1.91     1.91     1.91     1.91     1.92     1.93     1.95        0
       10|        0   0.0509   0.0737   0.0846   0.0904   0.0938   0.0959   0.0973   0.0981   0.0986   0.0988   0.0988   0.0985   0.0979   0.0969   0.0953   0.0925   0.0874   0.0772   0.0541        0
        9|        0  -0.0199  -0.0208  -0.0181  -0.0154  -0.0135  -0.0121  -0.0111  -0.0105  -0.0102    -0.01  -0.0101  -0.0104  -0.0109  -0.0117   -0.013  -0.0149  -0.0174    -0.02  -0.0189        0
        8|        0  -0.0103  -0.0147  -0.0156  -0.0153  -0.0146  -0.0139  -0.0134   -0.013  -0.0128  -0.0128  -0.0128  -0.0131  -0.0135  -0.0141  -0.0149  -0.0158  -0.0166  -0.0164  -0.0125        0
        7|        0 -0.00595 -0.00991  -0.0118  -0.0126  -0.0127  -0.0126  -0.0125  -0.0123  -0.0123  -0.0122  -0.0123  -0.0124  -0.0126  -0.0128   -0.013  -0.0131  -0.0127   -0.011 -0.00696        0
        6|        0 -0.00393 -0.00712 -0.00918  -0.0104   -0.011  -0.0113  -0.0115  -0.0115  -0.0116  -0.0116  -0.0116  -0.0116  -0.0116  -0.0115  -0.0113  -0.0108 -0.00975 -0.00774 -0.00439        0
        5|        0 -0.00287 -0.00546  -0.0074 -0.00875 -0.00963  -0.0102  -0.0106  -0.0108  -0.0109  -0.0109  -0.0109  -0.0109  -0.0107  -0.0104  -0.0099 -0.00909 -0.00779 -0.00583 -0.00311        0
        4|        0 -0.00228 -0.00444 -0.00621 -0.00758 -0.00858 -0.00929 -0.00977  -0.0101  -0.0103  -0.0103  -0.0103  -0.0102  -0.0099 -0.00946  -0.0088 -0.00784 -0.00649 -0.00467 -0.00242        0
        3|        0 -0.00192 -0.00381 -0.00544 -0.00677 -0.00781  -0.0086 -0.00916 -0.00954 -0.00976 -0.00985  -0.0098 -0.00962 -0.00928 -0.00875   -0.008 -0.00698 -0.00564 -0.00397 -0.00201        0
        2|        0 -0.00172 -0.00343 -0.00496 -0.00626 -0.00731 -0.00813 -0.00873 -0.00915  -0.0094 -0.00949 -0.00943 -0.00922 -0.00884 -0.00827 -0.00748 -0.00643 -0.00513 -0.00356 -0.00179        0
        1|        0 -0.00163 -0.00329 -0.00478 -0.00606 -0.00711 -0.00793 -0.00854 -0.00896  -0.0092 -0.00928  -0.0092 -0.00896 -0.00855 -0.00794 -0.00713 -0.00608 -0.00481 -0.00331 -0.00164        0
        0|        0 -0.00135 -0.00273   -0.004 -0.00511 -0.00605  -0.0068 -0.00738 -0.00779 -0.00804 -0.00813 -0.00806 -0.00784 -0.00745 -0.00689 -0.00614 -0.00521 -0.00408  -0.0028 -0.00139        0

v (22x12): 
         |        0        1        2        3        4        5        6        7        8        9       10       11       12       13       14       15       16       17       18       19       20       21
-------------------------------------------------------------------------------------------------------------------------------------------------------------------------------------------------------------------------
       10|        0        0        0        0        0        0        0        0        0        0        0        0        0        0        0        0        0        0        0        0        0        0
        9|  -0.0492   0.0509   0.0228   0.0109  0.00584  0.00341   0.0021  0.00133 0.000834 0.000489 0.000219-2.79e-05 -0.00028-0.000578-0.000994 -0.00165 -0.00279 -0.00507  -0.0102  -0.0231  -0.0541   0.0521
        8|  -0.0299   0.0309   0.0219   0.0136  0.00848  0.00539  0.00349  0.00227  0.00144 0.000837  0.00035-9.08e-05-0.000552  -0.0011 -0.00184 -0.00293 -0.00466 -0.00758  -0.0128  -0.0221  -0.0352   0.0337
        7|  -0.0199   0.0207   0.0175   0.0127  0.00885  0.00608  0.00415  0.00279  0.00181  0.00105 0.000417-0.000166-0.000779  -0.0015 -0.00244 -0.00373 -0.00562 -0.00842  -0.0125  -0.0181  -0.0227   0.0217
        6|  -0.0142   0.0147   0.0136   0.0108  0.00812  0.00593  0.00424  0.00294  0.00194  0.00113 0.000438-0.000216-0.000899 -0.00169 -0.00267 -0.00396 -0.00568 -0.00797  -0.0109  -0.0141  -0.0158   0.0151
        5|  -0.0104   0.0108   0.0104  0.00871  0.00693   0.0053  0.00392  0.00279  0.00187   0.0011 0.000418-0.000234-0.000914 -0.00168  -0.0026 -0.00374 -0.00517  -0.0069 -0.00886  -0.0108  -0.0114   0.0109
        4| -0.00762   0.0079  0.00778  0.00677  0.00558  0.00441  0.00336  0.00244  0.00166 0.000982 0.000368-0.000226-0.000841 -0.00152 -0.00231 -0.00325 -0.00435  -0.0056  -0.0069 -0.00804 -0.00825  0.00793
        3| -0.00543  0.00563  0.00561  0.00499  0.00421  0.00341  0.00265  0.00196  0.00135   0.0008 0.000295-0.000196-0.000703 -0.00125 -0.00188 -0.00259 -0.00339 -0.00424 -0.00509 -0.00578 -0.00584  0.00561
        2| -0.00358   0.0037  0.00373  0.00336  0.00288  0.00237  0.00186  0.00139 0.000967 0.000575 0.000209-0.000151-0.000519-0.000915 -0.00135 -0.00183 -0.00236 -0.00291 -0.00342 -0.00383 -0.00382  0.00368
        1| -0.00193  0.00199  0.00201  0.00183  0.00158  0.00132  0.00105 0.000791  0.00055 0.000327 0.000114-9.46e-05-0.000309-0.000534-0.000778 -0.00104 -0.00132  -0.0016 -0.00186 -0.00205 -0.00204  0.00197
        0| -0.00775  0.00806  0.00826  0.00775  0.00702  0.00612  0.00511  0.00403  0.00292  0.00178 0.000631-0.000523 -0.00168 -0.00283 -0.00397 -0.00507 -0.00612 -0.00705 -0.00782 -0.00836 -0.00818  0.00786

p (22x12): 
         |        0        1        2        3        4        5        6        7        8        9       10       11       12       13       14       15       16       17       18       19       20       21
-------------------------------------------------------------------------------------------------------------------------------------------------------------------------------------------------------------------------
       11|     -0.2     -0.2   -0.192   -0.186   -0.183   -0.179   -0.177   -0.174   -0.172   -0.169   -0.167   -0.165   -0.163   -0.161   -0.158   -0.156   -0.153    -0.15   -0.145   -0.138   -0.126   -0.126
       10|     -0.2     -0.2   -0.192   -0.186   -0.183   -0.179   -0.177   -0.174   -0.172   -0.169   -0.167   -0.165   -0.163   -0.161   -0.158   -0.156   -0.153    -0.15   -0.145   -0.138   -0.126   -0.126
        9|   -0.191   -0.191   -0.188   -0.185   -0.182   -0.179   -0.176   -0.174   -0.171   -0.169   -0.167   -0.165   -0.163   -0.161   -0.159   -0.156   -0.154   -0.151   -0.147   -0.143   -0.138   -0.138
        8|   -0.186   -0.186   -0.185   -0.183    -0.18   -0.178   -0.176   -0.173   -0.171   -0.169   -0.167   -0.165   -0.163   -0.161   -0.159   -0.157   -0.154   -0.152   -0.149   -0.146   -0.144   -0.144
        7|   -0.183   -0.183   -0.182    -0.18   -0.179   -0.177   -0.175   -0.173   -0.171   -0.169   -0.167   -0.165   -0.163   -0.161   -0.159   -0.157   -0.155   -0.153   -0.151   -0.149   -0.148   -0.148
        6|    -0.18    -0.18    -0.18   -0.179   -0.177   -0.176   -0.174   -0.172   -0.171   -0.169   -0.167   -0.165   -0.163   -0.161   -0.159   -0.158   -0.156   -0.154   -0.152   -0.151    -0.15    -0.15
        5|   -0.179   -0.179   -0.178   -0.177   -0.176   -0.175   -0.173   -0.172    -0.17   -0.168   -0.167   -0.165   -0.163   -0.162    -0.16   -0.158   -0.156   -0.155   -0.154   -0.153   -0.152   -0.152
        4|   -0.177   -0.177   -0.177   -0.176   -0.175   -0.174   -0.173   -0.171    -0.17   -0.168   -0.167   -0.165   -0.163   -0.162    -0.16   -0.159   -0.157   -0.156   -0.155   -0.154   -0.154   -0.154
        3|   -0.176   -0.176   -0.176   -0.176   -0.175   -0.174   -0.172   -0.171    -0.17   -0.168   -0.167   -0.165   -0.163   -0.162    -0.16   -0.159   -0.158   -0.156   -0.156   -0.155   -0.155   -0.155
        2|   -0.176   -0.176   -0.176   -0.175   -0.174   -0.173   -0.172   -0.171    -0.17   -0.168   -0.167   -0.165   -0.163   -0.162   -0.161   -0.159   -0.158   -0.157   -0.156   -0.155   -0.155   -0.155
        1|   -0.176   -0.176   -0.175   -0.175   -0.174   -0.173   -0.172   -0.171   -0.169   -0.168   -0.167   -0.165   -0.164   -0.162   -0.161   -0.159   -0.158   -0.157   -0.156   -0.156   -0.155   -0.155
        0|   -0.174   -0.174   -0.174   -0.174   -0.173   -0.172   -0.171    -0.17   -0.169   -0.168   -0.166   -0.165   -0.164   -0.163   -0.161    -0.16   -0.159   -0.158   -0.158   -0.157   -0.157   -0.157

F (22x12): 
         |        0        1        2        3        4        5        6        7        8        9       10       11       12       13       14       15       16       17       18       19       20
-------------------------------------------------------------------------------------------------------------------------------------------------------------------------------------------------------------------------
       11|        0     1.95     1.93     1.92     1.91     1.91     1.91     1.91     1.91     1.91     1.91     1.91     1.91     1.91     1.91     1.91     1.91     1.92     1.93     1.95        0
       10|        0    0.053    0.075   0.0856   0.0913   0.0946   0.0966   0.0979   0.0987   0.0991   0.0994   0.0993   0.0991   0.0985   0.0976    0.096   0.0934   0.0886    0.079   0.0572        0
        9|        0  -0.0192  -0.0199  -0.0173  -0.0147  -0.0128  -0.0114  -0.0105 -0.00994 -0.00961 -0.00948 -0.00954  -0.0098  -0.0103  -0.0111  -0.0123  -0.0141  -0.0165  -0.0188  -0.0176        0
        8|        0 -0.00993  -0.0142   -0.015  -0.0147   -0.014  -0.0134  -0.0129  -0.0125  -0.0123  -0.0122  -0.0123  -0.0125  -0.0129  -0.0135  -0.0142  -0.0152  -0.0159  -0.0157  -0.0119        0
        7|        0 -0.00574 -0.00954  -0.0114  -0.0121  -0.0122  -0.0121   -0.012  -0.0118  -0.0118  -0.0117  -0.0118  -0.0119  -0.0121  -0.0123  -0.0125  -0.0126  -0.0121  -0.0105 -0.00665        0
        6|        0 -0.00379 -0.00685 -0.00883 -0.00997  -0.0106  -0.0109   -0.011  -0.0111  -0.0111  -0.0111  -0.0111  -0.0111  -0.0111  -0.0111  -0.0109  -0.0104 -0.00933  -0.0074  -0.0042        0
        5|        0 -0.00277 -0.00525 -0.00712  -0.0084 -0.00925 -0.00979  -0.0101  -0.0103  -0.0104  -0.0105  -0.0105  -0.0104  -0.0102 -0.00997 -0.00949  -0.0087 -0.00746 -0.00558 -0.00298        0
        4|        0 -0.00219 -0.00427 -0.00597 -0.00728 -0.00824 -0.00891 -0.00938 -0.00967 -0.00985 -0.00991 -0.00988 -0.00975 -0.00949 -0.00907 -0.00843 -0.00751 -0.00621 -0.00448 -0.00232        0
        3|        0 -0.00185 -0.00366 -0.00523 -0.00651  -0.0075 -0.00825 -0.00879 -0.00915 -0.00936 -0.00944  -0.0094 -0.00922 -0.00889 -0.00839 -0.00767 -0.00668  -0.0054  -0.0038 -0.00193        0
        2|        0 -0.00165  -0.0033 -0.00477 -0.00601 -0.00702  -0.0078 -0.00838 -0.00877 -0.00901  -0.0091 -0.00904 -0.00884 -0.00847 -0.00792 -0.00716 -0.00616 -0.00491 -0.00341 -0.00171        0
        1|        0 -0.00157 -0.00316 -0.00459 -0.00582 -0.00682 -0.00761 -0.00819 -0.00859 -0.00882 -0.00889 -0.00881 -0.00858 -0.00818  -0.0076 -0.00682 -0.00582  -0.0046 -0.00317 -0.00157        0
        0|        0        0        0        0        0        0        0        0        0        0        0        0        0        0        0        0        0        0        0        0        0

G (22x12): 
         |        0        1        2        3        4        5        6        7        8        9       10       11       12       13       14       15       16       17       18       19       20       21
-------------------------------------------------------------------------------------------------------------------------------------------------------------------------------------------------------------------------
       10|        0        0        0        0        0        0        0        0        0        0        0        0        0        0        0        0        0        0        0        0        0        0
        9|  -0.0492   0.0486    0.022   0.0105   0.0056  0.00326    0.002  0.00127 0.000794 0.000464 0.000205-3.16e-05-0.000273-0.000561-0.000961 -0.00159 -0.00268 -0.00486 -0.00972   -0.022  -0.0512   0.0521
        8|  -0.0299   0.0296    0.021    0.013  0.00809  0.00514  0.00333  0.00216  0.00137 0.000791 0.000325-9.88e-05-0.000543 -0.00108 -0.00179 -0.00284 -0.00451 -0.00733  -0.0123  -0.0212  -0.0337   0.0337
        7|  -0.0199   0.0198   0.0168   0.0122  0.00846  0.00581  0.00397  0.00267  0.00172 0.000995 0.000389-0.000171-0.000761 -0.00146 -0.00236 -0.00361 -0.00542 -0.00811  -0.0121  -0.0174  -0.0217   0.0217
        6|  -0.0142   0.0141    0.013   0.0103  0.00778  0.00568  0.00405  0.00281  0.00185  0.00108  0.00041-0.000218-0.000875 -0.00163 -0.00258 -0.00382 -0.00547 -0.00766  -0.0104  -0.0135  -0.0151   0.0151
        5|  -0.0104   0.0103  0.00995  0.00836  0.00664  0.00508  0.00376  0.00267  0.00179  0.00105 0.000392-0.000234-0.000888 -0.00163 -0.00251 -0.00361 -0.00497 -0.00663 -0.00851  -0.0103  -0.0109   0.0109
        4| -0.00762  0.00758  0.00747   0.0065  0.00536  0.00423  0.00322  0.00234  0.00159 0.000937 0.000346-0.000225-0.000816 -0.00147 -0.00223 -0.00313 -0.00418 -0.00538 -0.00663 -0.00772  -0.0079  0.00793
        3| -0.00543   0.0054   0.0054   0.0048  0.00405  0.00328  0.00254  0.00188  0.00129 0.000765 0.000278-0.000193-0.000681 -0.00121 -0.00181 -0.00249 -0.00326 -0.00408 -0.00489 -0.00555 -0.00559  0.00561
        2| -0.00358  0.00356  0.00359  0.00323  0.00277  0.00228  0.00179  0.00134 0.000929 0.000551 0.000198-0.000148-0.000503-0.000884  -0.0013 -0.00177 -0.00228  -0.0028 -0.00329 -0.00368 -0.00367  0.00368
        1| -0.00193  0.00194  0.00197  0.00179  0.00155  0.00129  0.00103 0.000775 0.000539  0.00032 0.000111-9.38e-05-0.000304-0.000524-0.000762 -0.00102 -0.00129 -0.00156 -0.00181   -0.002 -0.00198  0.00197
        0| -0.00775        0        0        0        0        0        0        0        0        0        0        0        0        0        0        0        0        0        0        0        0  0.00786

rhs (22x12): 
         |        0        1        2        3        4        5        6        7        8        9       10       11       12       13       14       15       16       17       18       19       20       21
-------------------------------------------------------------------------------------------------------------------------------------------------------------------------------------------------------------------------
       11|        0        0        0        0        0        0        0        0        0        0        0        0        0        0        0        0        0        0        0        0        0        0
       10|        0     1.71 -0.00893    0.048   0.0286   0.0149  0.00894  0.00515  0.00415  0.00286  0.00333  0.00229  0.00305  0.00355    0.006  0.00883    0.016   0.0291   0.0558   0.0621    -2.32        0
        9|        0  -0.0564   0.0851   0.0519   0.0252   0.0141  0.00758  0.00543  0.00306  0.00298   0.0018  0.00327  0.00322  0.00498  0.00627   0.0113   0.0198   0.0427   0.0962    0.172   0.0239        0
        8|        0  -0.0452 -0.00982 -0.00469 -0.00118-0.000926 0.000266-0.000351 0.000499-0.000258 0.000534-0.000197 0.000603-0.000186 0.000564-0.000329 0.000108 -0.00177 -0.00477  -0.0168 -0.00972        0
        7|        0  -0.0187 -0.00491 -0.00227 -0.00177-0.000296-0.000715 0.000255-0.000432 0.000398-0.000366 0.000421-0.000384 0.000343-0.000558-2.06e-05 -0.00132 -0.00165 -0.00467  -0.0069  0.00124        0
        6|        0  -0.0109 -0.00182 -0.00188-0.000484-0.000872 0.000147-0.000501 0.000356-0.000389  0.00041-0.000374 0.000389-0.000441 0.000249-0.000713-0.000261 -0.00163 -0.00177 -0.00356   0.0048        0
        5|        0 -0.00672 -0.00163 -0.00051-0.000965 5.98e-05-0.000564 0.000318-0.000408 0.000406-0.000364 0.000415-0.000385 0.000361-0.000494 0.000163-0.000832-0.000379 -0.00162 -0.00126  0.00402        0
        4|        0 -0.00553-0.000385-0.000984-4.42e-07-0.000622 0.000278 -0.00043 0.000401-0.000357 0.000438-0.000352 0.000418-0.000397 0.000331-0.000546 9.15e-05-0.000899-0.000375 -0.00138  0.00408        0
        3|        0 -0.00396-0.000938-3.14e-05-0.000675  0.00023-0.000462 0.000385-0.000359 0.000448-0.000326 0.000453-0.000343 0.000414-0.000416 0.000293-0.000601 3.54e-05 -0.00092-0.000269  0.00307        0
        2|        0  -0.0144  -0.0107  -0.0105 -0.00843 -0.00775 -0.00545 -0.00475 -0.00257 -0.00207-0.000106 0.000171  0.00195  0.00209  0.00371  0.00366  0.00504  0.00471  0.00579  0.00518  0.00934        0
        1|        0    0.147    0.147    0.139    0.126    0.112   0.0938   0.0757   0.0552   0.0357   0.0143 -0.00589  -0.0279  -0.0487  -0.0711  -0.0917   -0.113   -0.131   -0.147   -0.157   -0.158        0
        0|        0        0        0        0        0        0        0        0        0        0        0        0        0        0        0        0        0        0        0        0        0        0

