t: 0.327345
nCells: 20x10, dx: 0.1, dy: 0.1

u (22x12): 
         |        0        1        2        3        4        5        6        7        8        9       10       11       12       13       14       15       16       17       18       19       20
-------------------------------------------------------------------------------------------------------------------------------------------------------------------------------------------------------------------------
       11|        0-0.000895 -0.00178 -0.00258 -0.00326 -0.00381 -0.00425 -0.00457 -0.00479 -0.00492 -0.00496 -0.00492 -0.00479 -0.00457 -0.00425 -0.00381 -0.00326 -0.00258 -0.00179-0.000897        0
       10|        0-0.000749 -0.00149 -0.00217 -0.00276 -0.00326 -0.00366 -0.00396 -0.00418  -0.0043 -0.00434 -0.00431 -0.00418 -0.00397 -0.00367 -0.00327 -0.00277 -0.00218  -0.0015-0.000755        0
        9|        0-0.000636 -0.00127 -0.00185 -0.00237 -0.00281 -0.00317 -0.00345 -0.00365 -0.00377 -0.00381 -0.00377 -0.00366 -0.00346 -0.00318 -0.00282 -0.00238 -0.00186 -0.00127-0.000639        0
        8|        0-0.000546 -0.00109  -0.0016 -0.00205 -0.00245 -0.00277 -0.00303 -0.00321 -0.00332 -0.00336 -0.00332 -0.00321 -0.00303 -0.00278 -0.00245 -0.00206  -0.0016 -0.00109-0.000549        0
        7|        0-0.000475-0.000949 -0.00139  -0.0018 -0.00215 -0.00244 -0.00267 -0.00284 -0.00294 -0.00298 -0.00294 -0.00284 -0.00268 -0.00245 -0.00215  -0.0018  -0.0014-0.000952-0.000477        0
        6|        0-0.000419-0.000838 -0.00123 -0.00159 -0.00191 -0.00217 -0.00238 -0.00254 -0.00263 -0.00266 -0.00263 -0.00254 -0.00239 -0.00218 -0.00191  -0.0016 -0.00124 -0.00084-0.000421        0
        5|        0-0.000375-0.000751 -0.00111 -0.00143 -0.00172 -0.00196 -0.00215 -0.00229 -0.00238 -0.00241 -0.00238  -0.0023 -0.00216 -0.00196 -0.00172 -0.00143 -0.00111-0.000753-0.000377        0
        4|        0-0.000343-0.000685 -0.00101 -0.00131 -0.00157  -0.0018 -0.00197  -0.0021 -0.00218 -0.00221 -0.00218 -0.00211 -0.00198  -0.0018 -0.00157 -0.00131 -0.00101-0.000687-0.000343        0
        3|        0-0.000319-0.000638-0.000941 -0.00122 -0.00147 -0.00168 -0.00184 -0.00197 -0.00204 -0.00207 -0.00204 -0.00197 -0.00185 -0.00168 -0.00147 -0.00122-0.000943-0.000639-0.000319        0
        2|        0-0.000303-0.000607-0.000896 -0.00116  -0.0014  -0.0016 -0.00176 -0.00188 -0.00195 -0.00197 -0.00195 -0.00188 -0.00176  -0.0016  -0.0014 -0.00116-0.000898-0.000609-0.000304        0
        1|        0-0.000288-0.000576 -0.00085  -0.0011 -0.00133 -0.00152 -0.00167 -0.00178 -0.00185 -0.00187 -0.00185 -0.00178 -0.00167 -0.00152 -0.00133  -0.0011-0.000851-0.000577-0.000288        0
        0|        0 0.000266 0.000532 0.000784  0.00102  0.00122   0.0014  0.00154  0.00164  0.00171  0.00173  0.00171  0.00164  0.00154   0.0014  0.00122  0.00102 0.000785 0.000532 0.000266        0

v (22x12): 
         |        0        1        2        3        4        5        6        7        8        9       10       11       12       13       14       15       16       17       18       19       20       21
-------------------------------------------------------------------------------------------------------------------------------------------------------------------------------------------------------------------------
       10| -0.00411  0.00445  0.00444  0.00415  0.00375  0.00326  0.00272  0.00214  0.00154 0.000928 0.000315  -0.0003-0.000913 -0.00152 -0.00213 -0.00271 -0.00326 -0.00375 -0.00416 -0.00445 -0.00447  0.00412
        9| -0.00342  0.00371   0.0037  0.00347  0.00316  0.00276  0.00232  0.00183  0.00132 0.000802 0.000272 -0.00026-0.000791 -0.00131 -0.00183 -0.00231 -0.00276 -0.00316 -0.00348 -0.00371 -0.00372  0.00342
        8| -0.00283  0.00307  0.00307  0.00289  0.00264  0.00232  0.00195  0.00155  0.00113 0.000683 0.000232-0.000223-0.000675 -0.00112 -0.00155 -0.00195 -0.00232 -0.00264  -0.0029 -0.00307 -0.00308  0.00283
        7| -0.00233  0.00252  0.00252  0.00238  0.00218  0.00193  0.00163   0.0013 0.000943 0.000573 0.000194-0.000187-0.000567-0.000938 -0.00129 -0.00163 -0.00193 -0.00218 -0.00239 -0.00253 -0.00253  0.00233
        6| -0.00189  0.00205  0.00205  0.00194  0.00178  0.00157  0.00133  0.00107 0.000776 0.000472  0.00016-0.000155-0.000467-0.000772 -0.00106 -0.00133 -0.00157 -0.00178 -0.00194 -0.00205 -0.00205  0.00189
        5|  -0.0015  0.00163  0.00163  0.00155  0.00142  0.00126  0.00107 0.000855 0.000623  0.00038 0.000129-0.000125-0.000376 -0.00062-0.000852 -0.00107 -0.00126 -0.00142 -0.00155 -0.00163 -0.00163   0.0015
        4| -0.00116  0.00125  0.00126  0.00119  0.00109 0.000971 0.000826 0.000661 0.000483 0.000294 9.98e-05 -9.7e-05-0.000292-0.000481 -0.00066-0.000825-0.000971 -0.00109 -0.00119 -0.00126 -0.00125  0.00116
        3|-0.000839  0.00091 0.000912 0.000866 0.000796 0.000708 0.000602 0.000483 0.000352 0.000215 7.28e-05-7.08e-05-0.000213-0.000351-0.000481-0.000601-0.000707-0.000796-0.000866-0.000913-0.000911  0.00084
        2|-0.000545 0.000591 0.000593 0.000563 0.000518  0.00046 0.000392 0.000314  0.00023  0.00014 4.76e-05-4.63e-05-0.000139-0.000229-0.000314-0.000391 -0.00046-0.000518-0.000563-0.000593-0.000592 0.000546
        1|-0.000266 0.000288 0.000289 0.000274 0.000252 0.000224 0.000191 0.000153 0.000112 6.85e-05 2.31e-05-2.24e-05-6.78e-05-0.000111-0.000153-0.000191-0.000224-0.000252-0.000274-0.000289-0.000288 0.000266
        0|        0        0        0        0        0        0        0        0        0        0        0        0        0        0        0        0        0        0        0        0        0        0

p (22x12): 
         |        0        1        2        3        4        5        6        7        8        9       10       11       12       13       14       15       16       17       18       19       20       21
-------------------------------------------------------------------------------------------------------------------------------------------------------------------------------------------------------------------------
       11|   -0.029   -0.029  -0.0287  -0.0282  -0.0274  -0.0263  -0.0251  -0.0238  -0.0223  -0.0208  -0.0192  -0.0176  -0.0161  -0.0145  -0.0131  -0.0117  -0.0105 -0.00942 -0.00859 -0.00802 -0.00773 -0.00773
       10|  -0.0275  -0.0275  -0.0273  -0.0268  -0.0261  -0.0253  -0.0242  -0.0231  -0.0218  -0.0205  -0.0191  -0.0177  -0.0164   -0.015  -0.0138  -0.0126  -0.0115  -0.0107 -0.00996 -0.00949 -0.00925 -0.00925
        9|  -0.0263  -0.0263  -0.0261  -0.0257  -0.0251  -0.0244  -0.0235  -0.0225  -0.0214  -0.0202   -0.019  -0.0178  -0.0166  -0.0154  -0.0143  -0.0133  -0.0124  -0.0117  -0.0111  -0.0107  -0.0105  -0.0105
        8|  -0.0253  -0.0253  -0.0251  -0.0248  -0.0243  -0.0236  -0.0229   -0.022   -0.021    -0.02   -0.019  -0.0179  -0.0168  -0.0158  -0.0148  -0.0139  -0.0132  -0.0125   -0.012  -0.0117  -0.0115  -0.0115
        7|  -0.0245  -0.0245  -0.0243   -0.024  -0.0236   -0.023  -0.0224  -0.0216  -0.0207  -0.0198  -0.0189  -0.0179   -0.017  -0.0161  -0.0152  -0.0145  -0.0138  -0.0132  -0.0128  -0.0125  -0.0123  -0.0123
        6|  -0.0238  -0.0238  -0.0237  -0.0234   -0.023  -0.0225  -0.0219  -0.0212  -0.0205  -0.0197  -0.0188   -0.018  -0.0171  -0.0163  -0.0156  -0.0149  -0.0143  -0.0138  -0.0134  -0.0131   -0.013   -0.013
        5|  -0.0233  -0.0233  -0.0232  -0.0229  -0.0226  -0.0221  -0.0216   -0.021  -0.0203  -0.0195  -0.0188   -0.018  -0.0173  -0.0165  -0.0158  -0.0152  -0.0147  -0.0142  -0.0139  -0.0136  -0.0135  -0.0135
        4|  -0.0229  -0.0229  -0.0228  -0.0226  -0.0222  -0.0218  -0.0213  -0.0207  -0.0201  -0.0195  -0.0188  -0.0181  -0.0174  -0.0167  -0.0161  -0.0155   -0.015  -0.0146  -0.0142   -0.014  -0.0139  -0.0139
        3|  -0.0226  -0.0226  -0.0225  -0.0223   -0.022  -0.0216  -0.0211  -0.0206    -0.02  -0.0194  -0.0187  -0.0181  -0.0174  -0.0168  -0.0162  -0.0157  -0.0152  -0.0148  -0.0145  -0.0143  -0.0142  -0.0142
        2|  -0.0224  -0.0224  -0.0223  -0.0221  -0.0218  -0.0214   -0.021  -0.0205  -0.0199  -0.0193  -0.0187  -0.0181  -0.0175  -0.0169  -0.0163  -0.0158  -0.0154   -0.015  -0.0147  -0.0145  -0.0144  -0.0144
        1|  -0.0223  -0.0223  -0.0222   -0.022  -0.0217  -0.0214  -0.0209  -0.0204  -0.0199  -0.0193  -0.0187  -0.0181  -0.0175  -0.0169  -0.0164  -0.0159  -0.0154  -0.0151  -0.0148  -0.0146  -0.0145  -0.0145
        0|  -0.0223  -0.0223  -0.0222   -0.022  -0.0217  -0.0214  -0.0209  -0.0204  -0.0199  -0.0193  -0.0187  -0.0181  -0.0175  -0.0169  -0.0164  -0.0159  -0.0154  -0.0151  -0.0148  -0.0146  -0.0145  -0.0145

F (22x12): 
         |        0        1        2        3        4        5        6        7        8        9       10       11       12       13       14       15       16       17       18       19       20
-------------------------------------------------------------------------------------------------------------------------------------------------------------------------------------------------------------------------
       11|        0        0        0        0        0        0        0        0        0        0        0        0        0        0        0        0        0        0        0        0        0
       10|        0-0.000691 -0.00137 -0.00199 -0.00254   -0.003 -0.00336 -0.00364 -0.00384 -0.00395 -0.00399 -0.00396 -0.00384 -0.00365 -0.00337 -0.00301 -0.00255   -0.002 -0.00138-0.000695        0
        9|        0-0.000586 -0.00117  -0.0017 -0.00218 -0.00259 -0.00292 -0.00318 -0.00336 -0.00347  -0.0035 -0.00347 -0.00336 -0.00318 -0.00293 -0.00259 -0.00219 -0.00171 -0.00117-0.000589        0
        8|        0-0.000504   -0.001 -0.00147 -0.00189 -0.00225 -0.00255 -0.00278 -0.00295 -0.00305 -0.00309 -0.00305 -0.00295 -0.00279 -0.00255 -0.00226 -0.00189 -0.00147 -0.00101-0.000505        0
        7|        0-0.000438-0.000874 -0.00128 -0.00165 -0.00198 -0.00225 -0.00246 -0.00261  -0.0027 -0.00274 -0.00271 -0.00261 -0.00246 -0.00225 -0.00198 -0.00166 -0.00129-0.000876-0.000439        0
        6|        0-0.000386-0.000771 -0.00113 -0.00146 -0.00175   -0.002 -0.00219 -0.00233 -0.00242 -0.00245 -0.00242 -0.00233 -0.00219   -0.002 -0.00176 -0.00147 -0.00114-0.000773-0.000387        0
        5|        0-0.000346-0.000692 -0.00102 -0.00132 -0.00158  -0.0018 -0.00198 -0.00211 -0.00219 -0.00221 -0.00219 -0.00211 -0.00198  -0.0018 -0.00158 -0.00132 -0.00102-0.000693-0.000347        0
        4|        0-0.000316-0.000631-0.000929  -0.0012 -0.00145 -0.00165 -0.00182 -0.00193 -0.00201 -0.00203 -0.00201 -0.00194 -0.00182 -0.00165 -0.00145  -0.0012-0.000931-0.000632-0.000316        0
        3|        0-0.000294-0.000587-0.000866 -0.00112 -0.00135 -0.00154  -0.0017 -0.00181 -0.00188  -0.0019 -0.00188 -0.00181  -0.0017 -0.00154 -0.00135 -0.00112-0.000867-0.000588-0.000294        0
        2|        0 -0.00028-0.000559-0.000824 -0.00107 -0.00129 -0.00147 -0.00162 -0.00173 -0.00179 -0.00181 -0.00179 -0.00173 -0.00162 -0.00147 -0.00129 -0.00107-0.000825 -0.00056 -0.00028        0
        1|        0-0.000264-0.000529 -0.00078 -0.00101 -0.00122 -0.00139 -0.00153 -0.00163  -0.0017 -0.00172  -0.0017 -0.00164 -0.00153 -0.00139 -0.00122 -0.00101-0.000781 -0.00053-0.000265        0
        0|        0 0.000266 0.000532 0.000784  0.00102  0.00122   0.0014  0.00154  0.00164  0.00171  0.00173  0.00171  0.00164  0.00154   0.0014  0.00122  0.00102 0.000785 0.000532 0.000266        0

G (22x12): 
         |        0        1        2        3        4        5        6        7        8        9       10       11       12       13       14       15       16       17       18       19       20       21
-------------------------------------------------------------------------------------------------------------------------------------------------------------------------------------------------------------------------
       10| -0.00411  0.00408  0.00407  0.00381  0.00344  0.00299  0.00249  0.00196  0.00141 0.000849 0.000287-0.000276-0.000839  -0.0014 -0.00195 -0.00249 -0.00299 -0.00344 -0.00381 -0.00408 -0.00409  0.00412
        9| -0.00342   0.0034   0.0034  0.00319   0.0029  0.00254  0.00213  0.00168  0.00122 0.000735 0.000249 -0.00024-0.000728 -0.00121 -0.00168 -0.00213 -0.00254  -0.0029  -0.0032 -0.00341 -0.00341  0.00342
        8| -0.00283  0.00281  0.00282  0.00266  0.00242  0.00213   0.0018  0.00143  0.00103 0.000627 0.000212-0.000206-0.000621 -0.00103 -0.00142 -0.00179 -0.00213 -0.00243 -0.00266 -0.00283 -0.00282  0.00283
        7| -0.00233  0.00231  0.00232  0.00219  0.00201  0.00177   0.0015  0.00119 0.000866 0.000526 0.000178-0.000173-0.000522-0.000862 -0.00119 -0.00149 -0.00177 -0.00201 -0.00219 -0.00232 -0.00232  0.00233
        6| -0.00189  0.00188  0.00188  0.00178  0.00163  0.00145  0.00123 0.000979 0.000713 0.000433 0.000147-0.000143 -0.00043 -0.00071-0.000977 -0.00122 -0.00145 -0.00164 -0.00179 -0.00189 -0.00188  0.00189
        5|  -0.0015  0.00149   0.0015  0.00142   0.0013  0.00116 0.000982 0.000785 0.000572 0.000349 0.000118-0.000115-0.000346 -0.00057-0.000784-0.000981 -0.00116 -0.00131 -0.00142  -0.0015  -0.0015   0.0015
        4| -0.00116  0.00115  0.00115  0.00109  0.00101 0.000893 0.000759 0.000608 0.000444  0.00027 9.14e-05-8.94e-05-0.000268-0.000442-0.000607-0.000758-0.000893 -0.00101  -0.0011 -0.00116 -0.00115  0.00116
        3|-0.000839 0.000835 0.000839 0.000796 0.000732 0.000651 0.000553 0.000444 0.000324 0.000198 6.67e-05-6.53e-05-0.000196-0.000323-0.000443-0.000553 -0.00065-0.000732-0.000796 -0.00084-0.000836  0.00084
        2|-0.000545 0.000543 0.000546 0.000518 0.000476 0.000423 0.000361 0.000289 0.000211 0.000129 4.36e-05-4.27e-05-0.000128-0.000211-0.000288 -0.00036-0.000423-0.000477-0.000518-0.000546-0.000543 0.000546
        1|-0.000266 0.000265 0.000266 0.000252 0.000232 0.000207 0.000176 0.000141 0.000103  6.3e-05 2.13e-05-2.07e-05-6.25e-05-0.000103-0.000141-0.000176-0.000207-0.000232-0.000252-0.000266-0.000265 0.000266
        0|        0        0        0        0        0        0        0        0        0        0        0        0        0        0        0        0        0        0        0        0        0        0

rhs (22x12): 
         |        0        1        2        3        4        5        6        7        8        9       10       11       12       13       14       15       16       17       18       19       20       21
-------------------------------------------------------------------------------------------------------------------------------------------------------------------------------------------------------------------------
       11|        0        0        0        0        0        0        0        0        0        0        0        0        0        0        0        0        0        0        0        0        0        0
       10|        0 -0.00418 -0.00267 -0.00272 -0.00238 -0.00231 -0.00186 -0.00167 -0.00112-0.000843 -0.00021 0.000143  0.00087  0.00133  0.00216  0.00271  0.00359  0.00411  0.00487  0.00516  0.00676        0
        9|        0 -0.00115-0.000127 3.43e-05 -0.00012 4.39e-05 -0.00011 5.29e-05-0.000102 5.85e-05 -9.9e-05 5.62e-05-0.000104 5.19e-05 -0.00011 4.32e-05-0.000121 3.23e-05-0.000131 2.54e-05  0.00109        0
        8|        0 -0.00108 4.95e-05-0.000107 5.48e-05-9.99e-05 6.23e-05-9.29e-05 6.82e-05-8.85e-05 7.09e-05-9.04e-05  6.7e-05-9.36e-05 6.19e-05  -0.0001 5.42e-05-0.000108 4.66e-05-0.000113  0.00106        0
        7|        0-0.000818 -9.7e-05 6.33e-05-9.24e-05 6.92e-05-8.62e-05 7.51e-05-8.12e-05 7.89e-05-7.89e-05 7.76e-05 -8.2e-05 7.48e-05-8.62e-05 6.93e-05-9.25e-05 6.28e-05-9.86e-05 5.88e-05 0.000824        0
        6|        0-0.000825 7.02e-05-8.69e-05 7.41e-05-8.17e-05 7.96e-05-7.64e-05 8.42e-05-7.29e-05 8.63e-05-7.38e-05 8.38e-05-7.63e-05    8e-05-8.12e-05 7.44e-05-8.69e-05 6.92e-05-9.05e-05 0.000847        0
        5|        0-0.000619-8.26e-05 7.75e-05-7.88e-05 8.23e-05-7.37e-05 8.73e-05-6.93e-05 9.06e-05-6.73e-05 9.01e-05-6.94e-05 8.77e-05 -7.3e-05 8.31e-05-7.81e-05 7.79e-05-8.29e-05 7.46e-05 0.000653        0
        4|        0-0.000673 8.01e-05-7.71e-05 8.36e-05-7.25e-05 8.86e-05-6.77e-05 9.28e-05-6.45e-05 9.48e-05-6.47e-05 9.31e-05 -6.7e-05 8.96e-05-7.14e-05 8.46e-05-7.64e-05 8.01e-05-7.97e-05 0.000714        0
        3|        0-0.000507 -7.6e-05 8.41e-05-7.24e-05 8.86e-05-6.75e-05 9.33e-05-6.34e-05 9.65e-05-6.14e-05 9.66e-05-6.28e-05 9.43e-05-6.63e-05 8.99e-05-7.11e-05 8.51e-05-7.55e-05  8.2e-05 0.000554        0
        2|        0-0.000596 8.45e-05-7.29e-05 8.79e-05-6.85e-05 9.26e-05-6.39e-05 9.66e-05-6.08e-05 9.85e-05-6.05e-05 9.74e-05-6.27e-05  9.4e-05 -6.7e-05 8.93e-05-7.17e-05  8.5e-05-7.49e-05 0.000646        0
        1|        0 8.59e-05   0.0005 0.000594 0.000436 0.000506 0.000327 0.000379 0.000185 0.000225 2.29e-05 5.75e-05-0.000146-0.000109-0.000306-0.000259-0.000442-0.000378-0.000539-0.000448 6.12e-06        0
        0|        0        0        0        0        0        0        0        0        0        0        0        0        0        0        0        0        0        0        0        0        0        0

