t: 0.0500311
nCells: 20x10, dx: 0.1, dy: 0.1

u (22x12): 
         |        0        1        2        3        4        5        6        7        8        9       10       11       12       13       14       15       16       17       18       19       20
-------------------------------------------------------------------------------------------------------------------------------------------------------------------------------------------------------------------------
       11|        0-0.000104-0.000202 -0.00029-0.000365-0.000425-0.000472-0.000507 -0.00053-0.000544-0.000548-0.000544 -0.00053-0.000507-0.000472-0.000425-0.000365 -0.00029-0.000202-0.000104        0
       10|        0-8.64e-05-0.000169-0.000244 -0.00031-0.000364-0.000408 -0.00044-0.000463-0.000476-0.000481-0.000476-0.000463 -0.00044-0.000408-0.000364 -0.00031-0.000244-0.000169-8.64e-05        0
        9|        0 -7.3e-05-0.000143-0.000208-0.000265-0.000314-0.000354-0.000384-0.000405-0.000418-0.000422-0.000418-0.000405-0.000384-0.000354-0.000314-0.000265-0.000208-0.000143 -7.3e-05        0
        8|        0-6.26e-05-0.000123-0.000179 -0.00023-0.000273-0.000309-0.000337-0.000356-0.000368-0.000372-0.000368-0.000356-0.000337-0.000309-0.000273 -0.00023-0.000179-0.000123-6.25e-05        0
        7|        0-5.43e-05-0.000107-0.000156-0.000201 -0.00024-0.000272-0.000297-0.000316-0.000327 -0.00033-0.000327-0.000316-0.000297-0.000272 -0.00024-0.000201-0.000156-0.000107-5.43e-05        0
        6|        0-4.79e-05-9.44e-05-0.000138-0.000178-0.000213-0.000242-0.000265-0.000282-0.000292-0.000295-0.000292-0.000282-0.000265-0.000242-0.000213-0.000178-0.000138-9.44e-05-4.79e-05        0
        5|        0-4.28e-05-8.46e-05-0.000124 -0.00016-0.000191-0.000218-0.000239-0.000255-0.000264-0.000267-0.000264-0.000255-0.000239-0.000218-0.000192 -0.00016-0.000124-8.45e-05-4.28e-05        0
        4|        0 -3.9e-05-7.71e-05-0.000113-0.000146-0.000175  -0.0002 -0.00022-0.000234-0.000243-0.000246-0.000243-0.000234 -0.00022  -0.0002-0.000175-0.000146-0.000113-7.71e-05 -3.9e-05        0
        3|        0-3.63e-05-7.17e-05-0.000105-0.000136-0.000163-0.000187-0.000205-0.000219-0.000227 -0.00023-0.000227-0.000219-0.000205-0.000187-0.000163-0.000136-0.000105-7.17e-05-3.63e-05        0
        2|        0-3.45e-05-6.82e-05  -0.0001 -0.00013-0.000156-0.000178-0.000196-0.000209-0.000216-0.000219-0.000216-0.000209-0.000196-0.000178-0.000156 -0.00013  -0.0001-6.83e-05-3.45e-05        0
        1|        0-3.36e-05-6.64e-05-9.75e-05-0.000126-0.000152-0.000173-0.000191-0.000203-0.000211-0.000213-0.000211-0.000203-0.000191-0.000173-0.000152-0.000126-9.75e-05-6.64e-05-3.36e-05        0
        0|        0 1.37e-05 2.71e-05 3.97e-05 5.14e-05 6.17e-05 7.05e-05 7.75e-05 8.27e-05 8.58e-05 8.69e-05 8.58e-05 8.27e-05 7.76e-05 7.05e-05 6.17e-05 5.13e-05 3.97e-05  2.7e-05 1.37e-05        0

v (22x12): 
         |        0        1        2        3        4        5        6        7        8        9       10       11       12       13       14       15       16       17       18       19       20       21
-------------------------------------------------------------------------------------------------------------------------------------------------------------------------------------------------------------------------
       10|-0.000208 0.000511 0.000494 0.000461 0.000415  0.00036 0.000299 0.000234 0.000168 0.000101 3.36e-05-3.36e-05-0.000101-0.000168-0.000234-0.000299 -0.00036-0.000415-0.000461-0.000494-0.000511 0.000208
        9|-0.000173 0.000424 0.000412 0.000386  0.00035 0.000305 0.000255 0.000201 0.000145 8.75e-05 2.92e-05-2.92e-05-8.75e-05-0.000145-0.000201-0.000255-0.000305 -0.00035-0.000386-0.000412-0.000424 0.000173
        8|-0.000143 0.000351 0.000341 0.000321 0.000292 0.000257 0.000216 0.000171 0.000124 7.48e-05  2.5e-05 -2.5e-05-7.48e-05-0.000124-0.000171-0.000216-0.000257-0.000292-0.000321-0.000341-0.000351 0.000143
        7|-0.000118 0.000289 0.000281 0.000265 0.000242 0.000213  0.00018 0.000143 0.000104 6.29e-05 2.11e-05-2.11e-05-6.29e-05-0.000104-0.000143 -0.00018-0.000213-0.000242-0.000265-0.000281-0.000289 0.000118
        6|-9.55e-05 0.000234 0.000228 0.000216 0.000198 0.000175 0.000148 0.000118 8.56e-05 5.19e-05 1.74e-05-1.74e-05-5.19e-05-8.56e-05-0.000118-0.000148-0.000175-0.000198-0.000216-0.000228-0.000234 9.55e-05
        5| -7.6e-05 0.000186 0.000182 0.000172 0.000158  0.00014 0.000118 9.46e-05 6.89e-05 4.18e-05  1.4e-05 -1.4e-05-4.18e-05-6.89e-05-9.46e-05-0.000118 -0.00014-0.000158-0.000172-0.000182-0.000186  7.6e-05
        4|-5.85e-05 0.000144  0.00014 0.000133 0.000122 0.000108 9.17e-05 7.33e-05 5.35e-05 3.25e-05 1.09e-05-1.09e-05-3.25e-05-5.35e-05-7.33e-05-9.17e-05-0.000108-0.000122-0.000133 -0.00014-0.000144 5.85e-05
        3|-4.26e-05 0.000105 0.000102 9.66e-05 8.88e-05 7.88e-05  6.7e-05 5.36e-05 3.91e-05 2.38e-05 7.99e-06-7.99e-06-2.38e-05-3.91e-05-5.36e-05 -6.7e-05-7.88e-05-8.88e-05-9.66e-05-0.000102-0.000105 4.26e-05
        2|-2.78e-05 6.82e-05 6.66e-05 6.31e-05  5.8e-05 5.15e-05 4.38e-05 3.51e-05 2.56e-05 1.56e-05 5.23e-06-5.23e-06-1.56e-05-2.56e-05-3.51e-05-4.38e-05-5.15e-05 -5.8e-05-6.31e-05-6.65e-05-6.82e-05 2.78e-05
        1|-1.37e-05 3.36e-05 3.28e-05 3.11e-05 2.86e-05 2.54e-05 2.16e-05 1.73e-05 1.27e-05 7.71e-06 2.59e-06-2.59e-06-7.71e-06-1.27e-05-1.73e-05-2.16e-05-2.54e-05-2.86e-05-3.11e-05-3.28e-05-3.36e-05 1.37e-05
        0|        0        0        0        0        0        0        0        0        0        0        0        0        0        0        0        0        0        0        0        0        0        0

p (22x12): 
         |        0        1        2        3        4        5        6        7        8        9       10       11       12       13       14       15       16       17       18       19       20       21
-------------------------------------------------------------------------------------------------------------------------------------------------------------------------------------------------------------------------
       11| -0.00876 -0.00876 -0.00851 -0.00804 -0.00735 -0.00649 -0.00548 -0.00436 -0.00316  -0.0019 -0.00061 0.000691  0.00198  0.00324  0.00444  0.00556  0.00657  0.00743  0.00812   0.0086  0.00884  0.00884
       10| -0.00755 -0.00755 -0.00734 -0.00694 -0.00637 -0.00563 -0.00477  -0.0038 -0.00276 -0.00166 -0.00053 0.000611  0.00174  0.00284  0.00389  0.00485  0.00571  0.00645  0.00703  0.00743  0.00763  0.00763
        9| -0.00654 -0.00654 -0.00637 -0.00603 -0.00554 -0.00491 -0.00416 -0.00332 -0.00241 -0.00145 -0.00046 0.000542  0.00153   0.0025  0.00341  0.00425  0.00499  0.00562  0.00611  0.00645  0.00662  0.00662
        8| -0.00571 -0.00571 -0.00556 -0.00527 -0.00484  -0.0043 -0.00365 -0.00292 -0.00212 -0.00127-0.000401 0.000483  0.00136   0.0022    0.003  0.00373  0.00438  0.00492  0.00535  0.00564  0.00579  0.00579
        7| -0.00502 -0.00502 -0.00489 -0.00464 -0.00427 -0.00379 -0.00322 -0.00258 -0.00187 -0.00113-0.000351 0.000433  0.00121  0.00196  0.00266  0.00331  0.00387  0.00435  0.00472  0.00497   0.0051   0.0051
        6| -0.00446 -0.00446 -0.00435 -0.00413  -0.0038 -0.00338 -0.00287  -0.0023 -0.00167   -0.001-0.000309 0.000391  0.00108  0.00175  0.00238  0.00296  0.00346  0.00388  0.00421  0.00443  0.00455  0.00455
        5| -0.00402 -0.00402 -0.00392 -0.00372 -0.00343 -0.00305 -0.00259 -0.00208 -0.00151-0.000903-0.000276 0.000358 0.000985  0.00159  0.00216  0.00267  0.00313  0.00351   0.0038    0.004   0.0041   0.0041
        4| -0.00368 -0.00368 -0.00359 -0.00341 -0.00314 -0.00279 -0.00238  -0.0019 -0.00138-0.000826 -0.00025 0.000332 0.000908  0.00146  0.00198  0.00246  0.00287  0.00322  0.00349  0.00367  0.00376  0.00376
        3| -0.00343 -0.00343 -0.00335 -0.00318 -0.00293  -0.0026 -0.00222 -0.00177 -0.00129-0.000769-0.000231 0.000313 0.000851  0.00137  0.00186   0.0023  0.00269  0.00301  0.00326  0.00343  0.00351  0.00351
        2| -0.00327 -0.00327 -0.00319 -0.00303 -0.00279 -0.00248 -0.00211 -0.00169 -0.00123-0.000732-0.000219 0.000301 0.000814  0.00131  0.00177  0.00219  0.00256  0.00287  0.00311  0.00327  0.00335  0.00335
        1| -0.00319 -0.00319 -0.00311 -0.00295 -0.00272 -0.00242 -0.00206 -0.00165  -0.0012-0.000714-0.000213 0.000295 0.000796  0.00128  0.00173  0.00214   0.0025   0.0028  0.00303  0.00319  0.00327  0.00327
        0| -0.00319 -0.00319 -0.00311 -0.00295 -0.00272 -0.00242 -0.00206 -0.00165  -0.0012-0.000714-0.000213 0.000295 0.000796  0.00128  0.00173  0.00214   0.0025   0.0028  0.00303  0.00319  0.00327  0.00327

F (22x12): 
         |        0        1        2        3        4        5        6        7        8        9       10       11       12       13       14       15       16       17       18       19       20
-------------------------------------------------------------------------------------------------------------------------------------------------------------------------------------------------------------------------
       11|        0        0        0        0        0        0        0        0        0        0        0        0        0        0        0        0        0        0        0        0        0
       10|        0-3.54e-05 -6.9e-05-9.96e-05-0.000126-0.000148-0.000166-0.000179-0.000188-0.000193-0.000195-0.000193-0.000188-0.000179-0.000166-0.000148-0.000126-9.95e-05 -6.9e-05-3.53e-05        0
        9|        0-2.98e-05-5.84e-05-8.47e-05-0.000108-0.000128-0.000144-0.000156-0.000165 -0.00017-0.000171 -0.00017-0.000165-0.000156-0.000144-0.000128-0.000108-8.47e-05-5.84e-05-2.98e-05        0
        8|        0-2.55e-05-5.01e-05 -7.3e-05-9.34e-05-0.000111-0.000126-0.000137-0.000145 -0.00015-0.000151 -0.00015-0.000145-0.000137-0.000126-0.000111-9.34e-05 -7.3e-05-5.01e-05-2.55e-05        0
        7|        0-2.21e-05-4.36e-05-6.36e-05-8.17e-05-9.74e-05-0.000111-0.000121-0.000128-0.000133-0.000134-0.000133-0.000128-0.000121-0.000111-9.74e-05-8.17e-05-6.36e-05-4.36e-05-2.22e-05        0
        6|        0-1.95e-05-3.84e-05-5.62e-05-7.23e-05-8.65e-05-9.84e-05-0.000108-0.000115-0.000119 -0.00012-0.000119-0.000115-0.000108-9.84e-05-8.65e-05-7.23e-05-5.62e-05-3.84e-05-1.95e-05        0
        5|        0-1.74e-05-3.44e-05-5.04e-05 -6.5e-05-7.78e-05-8.87e-05-9.73e-05-0.000104-0.000107-0.000109-0.000107-0.000104-9.73e-05-8.87e-05-7.78e-05 -6.5e-05-5.04e-05-3.44e-05-1.75e-05        0
        4|        0-1.59e-05-3.14e-05 -4.6e-05-5.94e-05-7.12e-05-8.12e-05-8.92e-05 -9.5e-05-9.86e-05-9.97e-05-9.86e-05 -9.5e-05-8.92e-05-8.12e-05-7.12e-05-5.94e-05 -4.6e-05-3.14e-05-1.59e-05        0
        3|        0-1.48e-05-2.92e-05-4.28e-05-5.53e-05-6.64e-05-7.58e-05-8.33e-05-8.88e-05-9.21e-05-9.32e-05-9.21e-05-8.88e-05-8.33e-05-7.58e-05-6.64e-05-5.53e-05-4.28e-05-2.92e-05-1.48e-05        0
        2|        0-1.41e-05-2.77e-05-4.07e-05-5.27e-05-6.33e-05-7.22e-05-7.95e-05-8.47e-05-8.79e-05 -8.9e-05-8.79e-05-8.47e-05-7.95e-05-7.23e-05-6.32e-05-5.27e-05-4.07e-05-2.78e-05 -1.4e-05        0
        1|        0-1.36e-05-2.69e-05-3.95e-05-5.11e-05-6.14e-05-7.02e-05-7.72e-05-8.23e-05-8.54e-05-8.64e-05-8.54e-05-8.23e-05-7.72e-05-7.01e-05-6.14e-05-5.11e-05-3.95e-05-2.69e-05-1.36e-05        0
        0|        0 1.37e-05 2.71e-05 3.97e-05 5.14e-05 6.17e-05 7.05e-05 7.75e-05 8.27e-05 8.58e-05 8.69e-05 8.58e-05 8.27e-05 7.76e-05 7.05e-05 6.17e-05 5.13e-05 3.97e-05  2.7e-05 1.37e-05        0

G (22x12): 
         |        0        1        2        3        4        5        6        7        8        9       10       11       12       13       14       15       16       17       18       19       20       21
-------------------------------------------------------------------------------------------------------------------------------------------------------------------------------------------------------------------------
       10|-0.000208 0.000207 0.000201 0.000187 0.000169 0.000146 0.000121 9.48e-05 6.79e-05 4.08e-05 1.36e-05-1.36e-05-4.08e-05-6.79e-05-9.49e-05-0.000121-0.000146-0.000169-0.000187-0.000201-0.000207 0.000208
        9|-0.000173 0.000172 0.000167 0.000157 0.000142 0.000124 0.000104 8.16e-05 5.88e-05 3.54e-05 1.18e-05-1.18e-05-3.54e-05-5.88e-05-8.16e-05-0.000104-0.000124-0.000142-0.000157-0.000168-0.000172 0.000173
        8|-0.000143 0.000142 0.000139 0.000131 0.000119 0.000104 8.76e-05 6.94e-05 5.01e-05 3.03e-05 1.01e-05-1.01e-05-3.03e-05-5.01e-05-6.94e-05-8.76e-05-0.000104-0.000119-0.000131-0.000139-0.000142 0.000143
        7|-0.000118 0.000117 0.000114 0.000108 9.84e-05 8.67e-05 7.31e-05 5.81e-05 4.21e-05 2.55e-05 8.54e-06-8.54e-06-2.55e-05-4.21e-05-5.81e-05-7.31e-05-8.67e-05-9.84e-05-0.000108-0.000114-0.000117 0.000118
        6|-9.55e-05  9.5e-05 9.29e-05 8.77e-05 8.03e-05 7.09e-05    6e-05 4.78e-05 3.47e-05 2.11e-05 7.06e-06-7.06e-06-2.11e-05-3.47e-05-4.78e-05   -6e-05-7.09e-05-8.03e-05-8.77e-05-9.28e-05 -9.5e-05 9.55e-05
        5| -7.6e-05 7.56e-05 7.39e-05 6.99e-05 6.41e-05 5.68e-05 4.81e-05 3.84e-05  2.8e-05  1.7e-05 5.69e-06 -5.7e-06 -1.7e-05 -2.8e-05-3.84e-05-4.81e-05-5.67e-05-6.41e-05-6.99e-05-7.39e-05-7.56e-05  7.6e-05
        4|-5.85e-05 5.82e-05  5.7e-05 5.39e-05 4.95e-05 4.39e-05 3.73e-05 2.98e-05 2.17e-05 1.32e-05 4.43e-06-4.43e-06-1.32e-05-2.17e-05-2.98e-05-3.72e-05-4.39e-05-4.95e-05-5.39e-05 -5.7e-05-5.82e-05 5.85e-05
        3|-4.26e-05 4.24e-05 4.15e-05 3.93e-05 3.61e-05 3.21e-05 2.72e-05 2.18e-05 1.59e-05 9.67e-06 3.24e-06-3.25e-06-9.67e-06-1.59e-05-2.18e-05-2.72e-05 -3.2e-05-3.61e-05-3.93e-05-4.15e-05-4.24e-05 4.26e-05
        2|-2.78e-05 2.77e-05 2.71e-05 2.57e-05 2.36e-05 2.09e-05 1.78e-05 1.43e-05 1.04e-05 6.34e-06 2.13e-06-2.13e-06-6.34e-06-1.04e-05-1.43e-05-1.78e-05 -2.1e-05-2.36e-05-2.57e-05-2.71e-05-2.77e-05 2.78e-05
        1|-1.37e-05 1.37e-05 1.34e-05 1.27e-05 1.17e-05 1.04e-05  8.8e-06 7.07e-06 5.15e-06 3.14e-06 1.05e-06-1.05e-06-3.13e-06-5.16e-06-7.06e-06-8.82e-06-1.04e-05-1.17e-05-1.27e-05-1.34e-05-1.37e-05 1.37e-05
        0|        0        0        0        0        0        0        0        0        0        0        0        0        0        0        0        0        0        0        0        0        0        0

rhs (22x12): 
         |        0        1        2        3        4        5        6        7        8        9       10       11       12       13       14       15       16       17       18       19       20       21
-------------------------------------------------------------------------------------------------------------------------------------------------------------------------------------------------------------------------
       11|        0        0        0        0        0        0        0        0        0        0        0        0        0        0        0        0        0        0        0        0        0        0
       10|        0-7.45e-05 1.68e-05 -9.9e-06 1.44e-05-7.99e-06 1.08e-05-5.44e-06 6.24e-06-2.48e-06 1.17e-06 6.61e-07-4.04e-06 3.73e-06-8.94e-06 6.45e-06-1.31e-05 8.63e-06-1.63e-05 1.01e-05 5.26e-05        0
        9|        0 -4.2e-05-1.05e-05 1.58e-05-8.99e-06 1.28e-05-6.74e-06 8.63e-06-3.95e-06 3.76e-06-8.63e-07-1.45e-06 2.27e-06-6.55e-06 5.21e-06-1.11e-05 7.71e-06-1.48e-05 9.56e-06-1.74e-05  6.3e-05        0
        8|        0-5.47e-05  1.7e-05-9.82e-06 1.45e-05-7.92e-06 1.09e-05-5.38e-06 6.29e-06 -2.4e-06 1.18e-06 7.58e-07-4.05e-06 3.85e-06-8.96e-06 6.61e-06-1.32e-05 8.82e-06-1.63e-05 1.03e-05 3.29e-05        0
        7|        0-2.65e-05-1.05e-05  1.6e-05-8.98e-06 1.29e-05-6.72e-06 8.72e-06-3.92e-06  3.8e-06-7.95e-07-1.46e-06 2.38e-06-6.61e-06 5.35e-06-1.12e-05 7.88e-06 -1.5e-05 9.77e-06-1.75e-05 4.78e-05        0
        6|        0-4.27e-05 1.73e-05-9.88e-06 1.47e-05-7.96e-06  1.1e-05-5.39e-06 6.38e-06-2.37e-06 1.19e-06 8.34e-07-4.11e-06 3.97e-06-9.09e-06 6.77e-06-1.33e-05 9.02e-06-1.65e-05 1.05e-05 2.06e-05        0
        5|        0-1.67e-05-1.06e-05 1.63e-05-9.08e-06 1.31e-05-6.79e-06 8.87e-06-3.93e-06 3.86e-06-7.58e-07-1.49e-06 2.48e-06-6.74e-06 5.51e-06-1.14e-05 8.09e-06-1.52e-05    1e-05-1.78e-05 3.85e-05        0
        4|        0-3.55e-05 1.76e-05-1.01e-05 1.51e-05 -8.1e-06 1.12e-05-5.46e-06 6.51e-06-2.38e-06 1.21e-06 8.95e-07-4.21e-06  4.1e-06 -9.3e-06 6.97e-06-1.36e-05 9.27e-06-1.69e-05 1.08e-05  1.3e-05        0
        3|        0-1.09e-05-1.09e-05 1.67e-05-9.29e-06 1.35e-05-6.93e-06 9.09e-06-4.01e-06 3.95e-06-7.47e-07-1.54e-06 2.57e-06-6.92e-06 5.68e-06-1.18e-05 8.33e-06-1.56e-05 1.03e-05-1.83e-05 3.33e-05        0
        2|        0-3.19e-05 1.82e-05-1.03e-05 1.55e-05-8.32e-06 1.16e-05-5.61e-06  6.7e-06-2.43e-06 1.24e-06 9.45e-07-4.35e-06 4.25e-06 -9.6e-06  7.2e-06-1.41e-05 9.58e-06-1.74e-05 1.12e-05 8.73e-06        0
        1|        0 1.93e-05 2.31e-05 4.27e-05 2.02e-05 3.47e-05 1.53e-05 2.35e-05 8.95e-06 1.04e-05 1.86e-06-3.71e-06 -5.4e-06-1.75e-05-1.22e-05-2.98e-05-1.79e-05-3.95e-05-2.19e-05-4.57e-05-4.16e-06        0
        0|        0        0        0        0        0        0        0        0        0        0        0        0        0        0        0        0        0        0        0        0        0        0

