t: 1.17653
nCells: 20x10, dx: 0.1, dy: 0.1

u (22x12): 
         |        0        1        2        3        4        5        6        7        8        9       10       11       12       13       14       15       16       17       18       19       20
-------------------------------------------------------------------------------------------------------------------------------------------------------------------------------------------------------------------------
       11|        0     1.92     1.88     1.86     1.85     1.84     1.83     1.83     1.83     1.83     1.83     1.83     1.83     1.83     1.83     1.83     1.83     1.84     1.86     1.91        0
       10|        0   0.0779    0.119    0.142    0.155    0.163    0.168    0.172    0.174    0.175    0.176    0.177    0.177    0.176    0.175    0.173    0.168     0.16    0.141   0.0966        0
        9|        0  -0.0297  -0.0317  -0.0278  -0.0236  -0.0201  -0.0176  -0.0157  -0.0145  -0.0137  -0.0133  -0.0133  -0.0136  -0.0142  -0.0154  -0.0173  -0.0199  -0.0232  -0.0261  -0.0236        0
        8|        0  -0.0151  -0.0235  -0.0263  -0.0266  -0.0259  -0.0251  -0.0244  -0.0238  -0.0235  -0.0234  -0.0235   -0.024  -0.0247  -0.0259  -0.0277    -0.03  -0.0325  -0.0335  -0.0267        0
        7|        0 -0.00912  -0.0161  -0.0201  -0.0219  -0.0227  -0.0228  -0.0228  -0.0227  -0.0227  -0.0227  -0.0229  -0.0232  -0.0236  -0.0243   -0.025  -0.0256  -0.0255  -0.0232  -0.0156        0
        6|        0 -0.00623  -0.0118  -0.0157  -0.0182  -0.0196  -0.0205  -0.0209  -0.0212  -0.0214  -0.0215  -0.0217  -0.0218  -0.0219   -0.022  -0.0218  -0.0212  -0.0195  -0.0159 -0.00927        0
        5|        0 -0.00467 -0.00922  -0.0128  -0.0154  -0.0172  -0.0184  -0.0192  -0.0198  -0.0201  -0.0203  -0.0204  -0.0204  -0.0202  -0.0198  -0.0191  -0.0177  -0.0154  -0.0117 -0.00623        0
        4|        0 -0.00377  -0.0076  -0.0108  -0.0134  -0.0154  -0.0168  -0.0178  -0.0186   -0.019  -0.0193  -0.0193  -0.0191  -0.0188  -0.0181  -0.0169  -0.0152  -0.0127 -0.00917 -0.00468        0
        3|        0 -0.00323 -0.00659 -0.00956  -0.0121  -0.0141  -0.0156  -0.0168  -0.0176  -0.0181  -0.0184  -0.0184  -0.0181  -0.0176  -0.0167  -0.0154  -0.0135  -0.0109  -0.0077 -0.00383        0
        2|        0 -0.00292 -0.00599 -0.00879  -0.0112  -0.0132  -0.0148   -0.016  -0.0169  -0.0175  -0.0177  -0.0177  -0.0174  -0.0168  -0.0158  -0.0144  -0.0124 -0.00991 -0.00685 -0.00336        0
        1|        0 -0.00285 -0.00598 -0.00881  -0.0112  -0.0132  -0.0148   -0.016  -0.0168  -0.0172  -0.0174  -0.0172  -0.0168   -0.016  -0.0149  -0.0134  -0.0114 -0.00897 -0.00613 -0.00295        0
        0|        0 -0.00231 -0.00483 -0.00717 -0.00925   -0.011  -0.0125  -0.0136  -0.0145   -0.015  -0.0152  -0.0152  -0.0148  -0.0141  -0.0131  -0.0117 -0.00993 -0.00779 -0.00531 -0.00262        0

v (22x12): 
         |        0        1        2        3        4        5        6        7        8        9       10       11       12       13       14       15       16       17       18       19       20       21
-------------------------------------------------------------------------------------------------------------------------------------------------------------------------------------------------------------------------
       10|        0        0        0        0        0        0        0        0        0        0        0        0        0        0        0        0        0        0        0        0        0        0
        9|  -0.0771   0.0779   0.0413   0.0224   0.0131  0.00813  0.00523  0.00344  0.00229   0.0015 0.000913 0.000427 -6.6e-05-0.000569 -0.00122 -0.00227 -0.00425 -0.00855  -0.0188  -0.0444  -0.0967   0.0948
        8|  -0.0477   0.0482   0.0393   0.0264   0.0174   0.0116  0.00779  0.00526  0.00353  0.00226  0.00129 0.000462-0.000334 -0.00124 -0.00241 -0.00411 -0.00687  -0.0118  -0.0217  -0.0419   -0.073   0.0711
        7|  -0.0327   0.0331   0.0309   0.0235   0.0171   0.0122  0.00862  0.00601  0.00408   0.0026  0.00139 0.000313-0.000774 -0.00202 -0.00361 -0.00584 -0.00917  -0.0144  -0.0227  -0.0352  -0.0463   0.0451
        6|  -0.0237    0.024   0.0239   0.0196   0.0153   0.0115  0.00844  0.00605  0.00417  0.00264  0.00135 0.000148 -0.00108 -0.00249 -0.00424 -0.00657 -0.00979  -0.0143  -0.0203  -0.0276  -0.0308     0.03
        5|  -0.0175   0.0178   0.0183   0.0157   0.0128     0.01   0.0076  0.00558  0.00389  0.00247  0.00121 1.91e-05 -0.00122  -0.0026 -0.00429 -0.00642 -0.00916  -0.0126  -0.0168  -0.0209  -0.0215    0.021
        4|  -0.0129   0.0131   0.0137   0.0121   0.0102  0.00821  0.00638  0.00476  0.00335  0.00212  0.00101-7.38e-05 -0.00119 -0.00243 -0.00389 -0.00567 -0.00781  -0.0103   -0.013  -0.0154  -0.0153   0.0149
        3| -0.00918  0.00932  0.00987   0.0089  0.00762  0.00626  0.00494  0.00373  0.00264  0.00167 0.000758-0.000122 -0.00104 -0.00204 -0.00319 -0.00453 -0.00609  -0.0078 -0.00953   -0.011  -0.0106   0.0104
        2| -0.00599  0.00609  0.00651  0.00592  0.00513  0.00426  0.00339  0.00257  0.00182  0.00113 0.000491-0.000144-0.000795  -0.0015  -0.0023  -0.0032  -0.0042 -0.00526 -0.00629 -0.00709 -0.00676  0.00663
        1| -0.00312  0.00316  0.00344  0.00312  0.00271  0.00225  0.00179  0.00136 0.000945  0.00057  0.00021-0.000137-0.000497-0.000876  -0.0013 -0.00175 -0.00225 -0.00276 -0.00324  -0.0036  -0.0034  0.00334
        0|  -0.0138    0.014   0.0152   0.0144   0.0131   0.0115   0.0097  0.00775  0.00571   0.0036  0.00146-0.000709  -0.0029 -0.00511 -0.00731 -0.00947  -0.0115  -0.0134  -0.0149  -0.0159  -0.0149   0.0146

p (22x12): 
         |        0        1        2        3        4        5        6        7        8        9       10       11       12       13       14       15       16       17       18       19       20       21
-------------------------------------------------------------------------------------------------------------------------------------------------------------------------------------------------------------------------
       11|    -1.36    -1.36    -1.35    -1.35    -1.35    -1.34    -1.34    -1.34    -1.34    -1.33    -1.33    -1.33    -1.33    -1.33    -1.32    -1.32    -1.32    -1.32    -1.31     -1.3    -1.29    -1.29
       10|    -1.36    -1.36    -1.35    -1.35    -1.35    -1.34    -1.34    -1.34    -1.34    -1.33    -1.33    -1.33    -1.33    -1.33    -1.32    -1.32    -1.32    -1.32    -1.31     -1.3    -1.29    -1.29
        9|    -1.35    -1.35    -1.35    -1.35    -1.34    -1.34    -1.34    -1.34    -1.34    -1.33    -1.33    -1.33    -1.33    -1.33    -1.32    -1.32    -1.32    -1.32    -1.31    -1.31     -1.3     -1.3
        8|    -1.35    -1.35    -1.35    -1.34    -1.34    -1.34    -1.34    -1.34    -1.34    -1.33    -1.33    -1.33    -1.33    -1.33    -1.32    -1.32    -1.32    -1.32    -1.31    -1.31    -1.31    -1.31
        7|    -1.34    -1.34    -1.34    -1.34    -1.34    -1.34    -1.34    -1.34    -1.33    -1.33    -1.33    -1.33    -1.33    -1.33    -1.32    -1.32    -1.32    -1.32    -1.32    -1.31    -1.31    -1.31
        6|    -1.34    -1.34    -1.34    -1.34    -1.34    -1.34    -1.34    -1.34    -1.33    -1.33    -1.33    -1.33    -1.33    -1.33    -1.32    -1.32    -1.32    -1.32    -1.32    -1.32    -1.31    -1.31
        5|    -1.34    -1.34    -1.34    -1.34    -1.34    -1.34    -1.34    -1.34    -1.33    -1.33    -1.33    -1.33    -1.33    -1.33    -1.32    -1.32    -1.32    -1.32    -1.32    -1.32    -1.32    -1.32
        4|    -1.34    -1.34    -1.34    -1.34    -1.34    -1.34    -1.34    -1.33    -1.33    -1.33    -1.33    -1.33    -1.33    -1.33    -1.32    -1.32    -1.32    -1.32    -1.32    -1.32    -1.32    -1.32
        3|    -1.34    -1.34    -1.34    -1.34    -1.34    -1.34    -1.34    -1.33    -1.33    -1.33    -1.33    -1.33    -1.33    -1.33    -1.32    -1.32    -1.32    -1.32    -1.32    -1.32    -1.32    -1.32
        2|    -1.34    -1.34    -1.34    -1.34    -1.34    -1.34    -1.34    -1.33    -1.33    -1.33    -1.33    -1.33    -1.33    -1.33    -1.32    -1.32    -1.32    -1.32    -1.32    -1.32    -1.32    -1.32
        1|    -1.34    -1.34    -1.34    -1.34    -1.34    -1.34    -1.34    -1.33    -1.33    -1.33    -1.33    -1.33    -1.33    -1.33    -1.33    -1.32    -1.32    -1.32    -1.32    -1.32    -1.32    -1.32
        0|    -1.34    -1.34    -1.34    -1.34    -1.34    -1.34    -1.33    -1.33    -1.33    -1.33    -1.33    -1.33    -1.33    -1.33    -1.33    -1.32    -1.32    -1.32    -1.32    -1.32    -1.32    -1.32

F (22x12): 
         |        0        1        2        3        4        5        6        7        8        9       10       11       12       13       14       15       16       17       18       19       20
-------------------------------------------------------------------------------------------------------------------------------------------------------------------------------------------------------------------------
       11|        0     1.92     1.88     1.86     1.85     1.84     1.83     1.83     1.83     1.83     1.83     1.83     1.83     1.83     1.83     1.83     1.83     1.84     1.86     1.91        0
       10|        0   0.0795     0.12    0.142    0.155    0.164    0.169    0.172    0.174    0.176    0.177    0.177    0.177    0.177    0.175    0.173    0.169    0.161    0.143    0.101        0
        9|        0  -0.0294  -0.0312  -0.0272   -0.023  -0.0195   -0.017  -0.0152   -0.014  -0.0132  -0.0128  -0.0128  -0.0131  -0.0137  -0.0149  -0.0167  -0.0192  -0.0222  -0.0247  -0.0217        0
        8|        0  -0.0149  -0.0232  -0.0259  -0.0261  -0.0255  -0.0246  -0.0239  -0.0233   -0.023  -0.0229  -0.0231  -0.0235  -0.0242  -0.0254  -0.0271  -0.0293  -0.0317  -0.0325  -0.0259        0
        7|        0 -0.00903  -0.0159  -0.0198  -0.0216  -0.0223  -0.0224  -0.0224  -0.0223  -0.0222  -0.0223  -0.0224  -0.0227  -0.0232  -0.0238  -0.0245   -0.025  -0.0249  -0.0226  -0.0152        0
        6|        0 -0.00616  -0.0117  -0.0155  -0.0179  -0.0193  -0.0201  -0.0205  -0.0208   -0.021  -0.0211  -0.0212  -0.0213  -0.0214  -0.0215  -0.0213  -0.0207  -0.0191  -0.0155 -0.00903        0
        5|        0 -0.00461 -0.00908  -0.0126  -0.0151  -0.0169  -0.0181  -0.0189  -0.0194  -0.0197  -0.0199    -0.02    -0.02  -0.0198  -0.0194  -0.0186  -0.0173   -0.015  -0.0114 -0.00609        0
        4|        0 -0.00372 -0.00748  -0.0107  -0.0132  -0.0151  -0.0165  -0.0175  -0.0182  -0.0186  -0.0189  -0.0189  -0.0188  -0.0184  -0.0177  -0.0165  -0.0149  -0.0124 -0.00896 -0.00458        0
        3|        0 -0.00318 -0.00649 -0.00941  -0.0119  -0.0138  -0.0153  -0.0164  -0.0172  -0.0177   -0.018   -0.018  -0.0178  -0.0172  -0.0163   -0.015  -0.0132  -0.0107 -0.00752 -0.00374        0
        2|        0 -0.00288 -0.00589 -0.00864   -0.011   -0.013  -0.0145  -0.0157  -0.0166  -0.0171  -0.0174  -0.0174  -0.0171  -0.0164  -0.0155   -0.014  -0.0121 -0.00968 -0.00669 -0.00329        0
        1|        0 -0.00281 -0.00589 -0.00866  -0.0111   -0.013  -0.0145  -0.0157  -0.0165  -0.0169   -0.017  -0.0169  -0.0164  -0.0157  -0.0145   -0.013  -0.0111 -0.00875 -0.00598 -0.00289        0
        0|        0        0        0        0        0        0        0        0        0        0        0        0        0        0        0        0        0        0        0        0        0

G (22x12): 
         |        0        1        2        3        4        5        6        7        8        9       10       11       12       13       14       15       16       17       18       19       20       21
-------------------------------------------------------------------------------------------------------------------------------------------------------------------------------------------------------------------------
       10|        0        0        0        0        0        0        0        0        0        0        0        0        0        0        0        0        0        0        0        0        0        0
        9|  -0.0771   0.0762   0.0408   0.0221   0.0129  0.00794  0.00509  0.00335  0.00221  0.00144 0.000875 0.000399-8.17e-05-0.000574 -0.00122 -0.00224 -0.00417 -0.00831  -0.0182  -0.0428  -0.0928   0.0948
        8|  -0.0477   0.0472   0.0384   0.0257   0.0169   0.0112  0.00754  0.00509   0.0034  0.00217  0.00122 0.000413 -0.00037 -0.00127 -0.00242 -0.00411 -0.00686  -0.0118  -0.0215  -0.0413  -0.0712   0.0711
        7|  -0.0327   0.0324   0.0303    0.023   0.0167   0.0119  0.00838  0.00583  0.00394   0.0025  0.00132 0.000265-0.000803 -0.00203  -0.0036  -0.0058 -0.00909  -0.0142  -0.0223  -0.0345  -0.0452   0.0451
        6|  -0.0237   0.0235   0.0234   0.0192   0.0149   0.0112  0.00822  0.00588  0.00404  0.00255  0.00128 0.000108  -0.0011 -0.00248  -0.0042  -0.0065 -0.00966  -0.0141    -0.02   -0.027    -0.03     0.03
        5|  -0.0175   0.0174   0.0179   0.0154   0.0125   0.0098  0.00742  0.00543  0.00378  0.00239  0.00115-1.32e-05 -0.00122 -0.00259 -0.00424 -0.00633 -0.00902  -0.0124  -0.0164  -0.0204   -0.021    0.021
        4|  -0.0129   0.0128   0.0134   0.0119  0.00998  0.00803  0.00623  0.00464  0.00326  0.00205 0.000961 -9.7e-05 -0.00119 -0.00241 -0.00384 -0.00558 -0.00768  -0.0101  -0.0128  -0.0151  -0.0149   0.0149
        3| -0.00918  0.00913  0.00968  0.00872  0.00746  0.00612  0.00483  0.00364  0.00257  0.00162 0.000726-0.000137 -0.00104 -0.00202 -0.00315 -0.00446 -0.00598 -0.00765 -0.00934  -0.0107  -0.0103   0.0104
        2| -0.00599  0.00596  0.00638  0.00581  0.00503  0.00417  0.00332  0.00251  0.00178   0.0011 0.000472-0.000151 -0.00079 -0.00149 -0.00226 -0.00315 -0.00412 -0.00516 -0.00616 -0.00695  -0.0066  0.00663
        1| -0.00312  0.00316  0.00344  0.00313  0.00271  0.00225  0.00179  0.00135 0.000944 0.000568 0.000208-0.000139-0.000498-0.000875 -0.00129 -0.00174 -0.00224 -0.00273  -0.0032 -0.00356 -0.00335  0.00334
        0|  -0.0138        0        0        0        0        0        0        0        0        0        0        0        0        0        0        0        0        0        0        0        0   0.0146

rhs (22x12): 
         |        0        1        2        3        4        5        6        7        8        9       10       11       12       13       14       15       16       17       18       19       20       21
-------------------------------------------------------------------------------------------------------------------------------------------------------------------------------------------------------------------------
       11|        0        0        0        0        0        0        0        0        0        0        0        0        0        0        0        0        0        0        0        0        0        0
       10|        0     1.25   -0.104    0.111   0.0923   0.0583   0.0396   0.0244    0.019   0.0122   0.0124  0.00996   0.0104   0.0084   0.0151    0.022   0.0449   0.0873    0.167    0.107    -3.12        0
        9|        0   -0.118    0.189    0.148   0.0859   0.0547   0.0319   0.0237   0.0136   0.0127   0.0072  0.00967  0.00939   0.0158   0.0186   0.0365   0.0686    0.159    0.355    0.557   0.0358        0
        8|        0  -0.0852  -0.0229  -0.0124 -0.00158 -0.00195  0.00227 -0.00067  0.00261-0.000655  0.00254-0.000714  0.00296 -0.00013  0.00334 0.000522  0.00454  0.00294  0.00613  -0.0291  -0.0459        0
        7|        0   -0.034  -0.0139 -0.00636 -0.00598-0.000617 -0.00267   0.0012 -0.00169  0.00171 -0.00145  0.00182 -0.00147   0.0016 -0.00201 0.000396 -0.00472 -0.00591  -0.0193  -0.0314  -0.0293        0
        6|        0  -0.0208 -0.00473 -0.00622 -0.00121 -0.00321 0.000804 -0.00197  0.00154 -0.00156  0.00174 -0.00148  0.00169 -0.00171  0.00119 -0.00271-0.000822 -0.00664 -0.00786  -0.0155 0.000384        0
        5|        0  -0.0118 -0.00531 -0.00123 -0.00348 0.000521 -0.00218   0.0014 -0.00163  0.00172 -0.00146  0.00178 -0.00152  0.00159 -0.00191 0.000841 -0.00326 -0.00146 -0.00677 -0.00525  0.00388        0
        4|        0  -0.0108-0.000763 -0.00352 0.000334 -0.00238  0.00125 -0.00172  0.00169 -0.00144  0.00184  -0.0014  0.00179 -0.00156  0.00148 -0.00212 0.000527  -0.0036 -0.00151  -0.0056  0.00706        0
        3|        0 -0.00657 -0.00332  0.00025 -0.00256  0.00108 -0.00184  0.00163 -0.00146  0.00187 -0.00132  0.00191 -0.00137  0.00178 -0.00163  0.00133 -0.00236 0.000263 -0.00372-0.000992  0.00444        0
        2|        0  -0.0307  -0.0251  -0.0261  -0.0195   -0.019  -0.0119  -0.0116 -0.00499 -0.00527  0.00053-0.000561  0.00458    0.003  0.00762  0.00541  0.00927  0.00623  0.00932  0.00588   0.0158        0
        1|        0    0.134    0.138    0.135    0.124    0.115    0.098   0.0851   0.0642   0.0483    0.025  0.00718  -0.0185  -0.0394  -0.0678  -0.0908    -0.12   -0.142   -0.167   -0.179   -0.178        0
        0|        0        0        0        0        0        0        0        0        0        0        0        0        0        0        0        0        0        0        0        0        0        0

