t: 1.85541
nCells: 20x10, dx: 0.1, dy: 0.1

u (22x12): 
         |        0        1        2        3        4        5        6        7        8        9       10       11       12       13       14       15       16       17       18       19       20
-------------------------------------------------------------------------------------------------------------------------------------------------------------------------------------------------------------------------
       11|        0     1.91     1.86     1.82      1.8     1.78     1.77     1.76     1.76     1.75     1.75     1.75     1.75     1.75     1.75     1.75     1.75     1.76     1.79     1.86        0
       10|        0   0.0899    0.145     0.18    0.203    0.219    0.231    0.239    0.244    0.248    0.251    0.253    0.255    0.255    0.255    0.253    0.249    0.239    0.211    0.142        0
        9|        0   -0.034  -0.0364  -0.0321   -0.027  -0.0225  -0.0189  -0.0161  -0.0141  -0.0126  -0.0117  -0.0112  -0.0111  -0.0114  -0.0121  -0.0131  -0.0142  -0.0152  -0.0159  -0.0145        0
        8|        0  -0.0159  -0.0272  -0.0326  -0.0346  -0.0351  -0.0349  -0.0345  -0.0341  -0.0338  -0.0338  -0.0341  -0.0347  -0.0359  -0.0378  -0.0409  -0.0453  -0.0509   -0.054   -0.043        0
        7|        0  -0.0102  -0.0194  -0.0254  -0.0289  -0.0309   -0.032  -0.0326   -0.033  -0.0332  -0.0336   -0.034  -0.0347  -0.0357  -0.0372  -0.0391  -0.0416  -0.0438  -0.0427   -0.031        0
        6|        0 -0.00733  -0.0147  -0.0203  -0.0242  -0.0269  -0.0287  -0.0299  -0.0307  -0.0313  -0.0318  -0.0323  -0.0328  -0.0334   -0.034  -0.0346  -0.0347  -0.0335   -0.029  -0.0181        0
        5|        0 -0.00569  -0.0118  -0.0168  -0.0208  -0.0237  -0.0259  -0.0275  -0.0286  -0.0295  -0.0301  -0.0306  -0.0309   -0.031  -0.0308  -0.0303  -0.0289  -0.0259  -0.0203  -0.0112        0
        4|        0 -0.00471 -0.00989  -0.0145  -0.0183  -0.0213  -0.0237  -0.0255  -0.0269  -0.0279  -0.0285  -0.0289   -0.029  -0.0288  -0.0281  -0.0268  -0.0245  -0.0209  -0.0154 -0.00784        0
        3|        0 -0.00412 -0.00871  -0.0129  -0.0165  -0.0196   -0.022   -0.024  -0.0255  -0.0266  -0.0273  -0.0276  -0.0275   -0.027   -0.026  -0.0242  -0.0216  -0.0177  -0.0125 -0.00614        0
        2|        0 -0.00383 -0.00801   -0.012  -0.0155  -0.0185   -0.021   -0.023  -0.0246  -0.0257  -0.0264  -0.0266  -0.0265  -0.0258  -0.0245  -0.0225  -0.0197  -0.0158   -0.011 -0.00527        0
        1|        0 -0.00387 -0.00859  -0.0129  -0.0165  -0.0196   -0.022  -0.0238   -0.025  -0.0257  -0.0259  -0.0257  -0.0251  -0.0239  -0.0223    -0.02  -0.0171  -0.0134 -0.00911 -0.00427        0
        0|        0 -0.00296 -0.00655 -0.00995   -0.013  -0.0157  -0.0179  -0.0197  -0.0211  -0.0221  -0.0226  -0.0227  -0.0224  -0.0215  -0.0201   -0.018  -0.0154  -0.0121 -0.00825 -0.00408        0

v (22x12): 
         |        0        1        2        3        4        5        6        7        8        9       10       11       12       13       14       15       16       17       18       19       20       21
-------------------------------------------------------------------------------------------------------------------------------------------------------------------------------------------------------------------------
       10|        0        0        0        0        0        0        0        0        0        0        0        0        0        0        0        0        0        0        0        0        0        0
        9|  -0.0897   0.0899   0.0552   0.0349   0.0233    0.016   0.0112  0.00797  0.00568  0.00407   0.0029  0.00204  0.00132  0.00059-0.000288 -0.00154 -0.00419  -0.0108  -0.0276  -0.0691   -0.142     0.14
        8|  -0.0558   0.0559   0.0528   0.0392   0.0284   0.0205   0.0148   0.0107  0.00775  0.00552  0.00384   0.0025  0.00138 0.000289-0.000907 -0.00254 -0.00536  -0.0118  -0.0283  -0.0677   -0.127    0.125
        7|  -0.0399   0.0401   0.0415   0.0339   0.0263     0.02    0.015   0.0112  0.00814  0.00578  0.00386  0.00224  0.00071-0.000887 -0.00284 -0.00555 -0.00983  -0.0174  -0.0315  -0.0566  -0.0843   0.0826
        6|  -0.0297   0.0298   0.0323   0.0279   0.0228    0.018   0.0139   0.0106  0.00779   0.0055  0.00355  0.00177 3.09e-05 -0.00191 -0.00429 -0.00755  -0.0123  -0.0195  -0.0304   -0.045  -0.0533   0.0523
        5|  -0.0224   0.0225    0.025   0.0223   0.0188   0.0153   0.0122  0.00936  0.00695  0.00488  0.00303  0.00129-0.000486 -0.00247 -0.00492  -0.0081  -0.0124  -0.0183  -0.0259  -0.0341  -0.0352   0.0346
        4|  -0.0167   0.0168   0.0189   0.0172   0.0149   0.0124  0.00997  0.00776   0.0058  0.00403  0.00241 0.000841-0.000777  -0.0026 -0.00478 -0.00753   -0.011  -0.0153  -0.0203  -0.0249   -0.024   0.0237
        3|   -0.012   0.0121   0.0137   0.0126   0.0111  0.00933  0.00759  0.00594  0.00442  0.00304  0.00173 0.000456-0.000882 -0.00236 -0.00411 -0.00621 -0.00875  -0.0117  -0.0148  -0.0174  -0.0162    0.016
        2| -0.00788  0.00794  0.00913  0.00845  0.00743  0.00628  0.00511  0.00398  0.00294  0.00195  0.00103 0.000117-0.000824 -0.00187 -0.00306 -0.00446 -0.00607 -0.00786 -0.00965   -0.011    -0.01  0.00992
        1| -0.00408  0.00411  0.00493   0.0045   0.0039  0.00326   0.0026  0.00198  0.00138 0.000848 0.000333-0.000156-0.000666  -0.0012  -0.0018 -0.00247 -0.00322 -0.00401 -0.00478 -0.00533  -0.0048  0.00475
        0|  -0.0186   0.0187   0.0218   0.0209   0.0193   0.0171   0.0147    0.012  0.00912  0.00609  0.00296-0.000285 -0.00361 -0.00703  -0.0105  -0.0139  -0.0173  -0.0203  -0.0228  -0.0244  -0.0219   0.0217

p (22x12): 
         |        0        1        2        3        4        5        6        7        8        9       10       11       12       13       14       15       16       17       18       19       20       21
-------------------------------------------------------------------------------------------------------------------------------------------------------------------------------------------------------------------------
       11|     -5.1     -5.1    -5.09    -5.09    -5.09    -5.09    -5.09    -5.09    -5.09    -5.08    -5.08    -5.08    -5.08    -5.08    -5.08    -5.07    -5.07    -5.07    -5.06    -5.05    -5.03    -5.03
       10|     -5.1     -5.1    -5.09    -5.09    -5.09    -5.09    -5.09    -5.09    -5.09    -5.08    -5.08    -5.08    -5.08    -5.08    -5.08    -5.07    -5.07    -5.07    -5.06    -5.05    -5.03    -5.03
        9|    -5.09    -5.09    -5.09    -5.09    -5.09    -5.09    -5.09    -5.09    -5.09    -5.08    -5.08    -5.08    -5.08    -5.08    -5.08    -5.07    -5.07    -5.07    -5.07    -5.06    -5.05    -5.05
        8|    -5.09    -5.09    -5.09    -5.09    -5.09    -5.09    -5.09    -5.09    -5.08    -5.08    -5.08    -5.08    -5.08    -5.08    -5.08    -5.07    -5.07    -5.07    -5.07    -5.06    -5.06    -5.06
        7|    -5.09    -5.09    -5.09    -5.09    -5.09    -5.09    -5.09    -5.08    -5.08    -5.08    -5.08    -5.08    -5.08    -5.08    -5.07    -5.07    -5.07    -5.07    -5.07    -5.06    -5.06    -5.06
        6|    -5.09    -5.09    -5.09    -5.09    -5.09    -5.09    -5.08    -5.08    -5.08    -5.08    -5.08    -5.08    -5.08    -5.08    -5.07    -5.07    -5.07    -5.07    -5.07    -5.06    -5.06    -5.06
        5|    -5.09    -5.09    -5.09    -5.09    -5.09    -5.08    -5.08    -5.08    -5.08    -5.08    -5.08    -5.08    -5.08    -5.08    -5.07    -5.07    -5.07    -5.07    -5.07    -5.07    -5.07    -5.07
        4|    -5.09    -5.09    -5.09    -5.09    -5.08    -5.08    -5.08    -5.08    -5.08    -5.08    -5.08    -5.08    -5.08    -5.08    -5.07    -5.07    -5.07    -5.07    -5.07    -5.07    -5.07    -5.07
        3|    -5.08    -5.08    -5.08    -5.08    -5.08    -5.08    -5.08    -5.08    -5.08    -5.08    -5.08    -5.08    -5.08    -5.08    -5.07    -5.07    -5.07    -5.07    -5.07    -5.07    -5.07    -5.07
        2|    -5.08    -5.08    -5.08    -5.08    -5.08    -5.08    -5.08    -5.08    -5.08    -5.08    -5.08    -5.08    -5.08    -5.08    -5.07    -5.07    -5.07    -5.07    -5.07    -5.07    -5.07    -5.07
        1|    -5.08    -5.08    -5.08    -5.08    -5.08    -5.08    -5.08    -5.08    -5.08    -5.08    -5.08    -5.08    -5.08    -5.08    -5.07    -5.07    -5.07    -5.07    -5.07    -5.07    -5.07    -5.07
        0|    -5.08    -5.08    -5.08    -5.08    -5.08    -5.08    -5.08    -5.08    -5.08    -5.08    -5.08    -5.08    -5.08    -5.08    -5.07    -5.07    -5.07    -5.07    -5.07    -5.07    -5.07    -5.07

F (22x12): 
         |        0        1        2        3        4        5        6        7        8        9       10       11       12       13       14       15       16       17       18       19       20
-------------------------------------------------------------------------------------------------------------------------------------------------------------------------------------------------------------------------
       11|        0     1.91     1.86     1.82      1.8     1.78     1.77     1.76     1.76     1.75     1.75     1.75     1.75     1.75     1.75     1.75     1.75     1.76     1.79     1.86        0
       10|        0   0.0911    0.145     0.18    0.204     0.22    0.231    0.239    0.245    0.249    0.252    0.254    0.255    0.256    0.255    0.254     0.25     0.24    0.214    0.148        0
        9|        0  -0.0339  -0.0362  -0.0318  -0.0267  -0.0221  -0.0185  -0.0157  -0.0136  -0.0122  -0.0113  -0.0108  -0.0107   -0.011  -0.0116  -0.0126  -0.0137  -0.0143  -0.0139  -0.0114        0
        8|        0  -0.0159  -0.0271  -0.0324  -0.0344  -0.0348  -0.0346  -0.0341  -0.0337  -0.0334  -0.0334  -0.0337  -0.0343  -0.0355  -0.0374  -0.0404  -0.0447    -0.05  -0.0528  -0.0416        0
        7|        0  -0.0102  -0.0193  -0.0252  -0.0288  -0.0307  -0.0317  -0.0323  -0.0326  -0.0329  -0.0332  -0.0336  -0.0343  -0.0353  -0.0367  -0.0386   -0.041   -0.043  -0.0418  -0.0304        0
        6|        0 -0.00732  -0.0146  -0.0202  -0.0241  -0.0267  -0.0284  -0.0296  -0.0304   -0.031  -0.0315   -0.032  -0.0324   -0.033  -0.0336  -0.0341  -0.0342  -0.0329  -0.0284  -0.0178        0
        5|        0 -0.00567  -0.0117  -0.0167  -0.0206  -0.0235  -0.0257  -0.0272  -0.0284  -0.0292  -0.0298  -0.0302  -0.0305  -0.0306  -0.0304  -0.0298  -0.0284  -0.0255    -0.02   -0.011        0
        4|        0  -0.0047 -0.00984  -0.0144  -0.0181  -0.0211  -0.0235  -0.0253  -0.0266  -0.0276  -0.0282  -0.0286  -0.0287  -0.0284  -0.0277  -0.0264  -0.0241  -0.0205  -0.0151 -0.00771        0
        3|        0  -0.0041 -0.00866  -0.0128  -0.0164  -0.0194  -0.0219  -0.0238  -0.0252  -0.0263   -0.027  -0.0273  -0.0272  -0.0267  -0.0256  -0.0239  -0.0212  -0.0174  -0.0123 -0.00605        0
        2|        0 -0.00381 -0.00796  -0.0119  -0.0154  -0.0183  -0.0208  -0.0228  -0.0243  -0.0254  -0.0261  -0.0263  -0.0261  -0.0255  -0.0242  -0.0222  -0.0194  -0.0156  -0.0108 -0.00519        0
        1|        0 -0.00386 -0.00854  -0.0128  -0.0164  -0.0194  -0.0218  -0.0235  -0.0247  -0.0254  -0.0256  -0.0254  -0.0247  -0.0236  -0.0219  -0.0197  -0.0168  -0.0132 -0.00895  -0.0042        0
        0|        0        0        0        0        0        0        0        0        0        0        0        0        0        0        0        0        0        0        0        0        0

G (22x12): 
         |        0        1        2        3        4        5        6        7        8        9       10       11       12       13       14       15       16       17       18       19       20       21
-------------------------------------------------------------------------------------------------------------------------------------------------------------------------------------------------------------------------
       10|        0        0        0        0        0        0        0        0        0        0        0        0        0        0        0        0        0        0        0        0        0        0
        9|  -0.0897   0.0887   0.0551   0.0348   0.0231   0.0159   0.0111  0.00783  0.00557  0.00398  0.00282  0.00198  0.00126 0.000534-0.000326 -0.00155 -0.00412  -0.0104  -0.0266  -0.0666   -0.136     0.14
        8|  -0.0558   0.0553   0.0522   0.0387   0.0279   0.0201   0.0145   0.0105  0.00753  0.00535   0.0037  0.00238  0.00127 0.000182 -0.00103 -0.00269 -0.00557   -0.012  -0.0285  -0.0671   -0.125    0.125
        7|  -0.0399   0.0396    0.041   0.0334   0.0259   0.0197   0.0147   0.0109  0.00793  0.00561  0.00372  0.00212 0.000604-0.000989 -0.00295 -0.00567 -0.00997  -0.0175  -0.0315  -0.0562  -0.0832   0.0826
        6|  -0.0297   0.0295    0.032   0.0275   0.0225   0.0177   0.0137   0.0103  0.00761  0.00535  0.00342  0.00167-5.98e-05 -0.00198 -0.00436  -0.0076  -0.0123  -0.0195  -0.0302  -0.0445  -0.0525   0.0523
        5|  -0.0224   0.0222   0.0247    0.022   0.0186   0.0151    0.012  0.00919  0.00681  0.00476  0.00292  0.00121-0.000556 -0.00253 -0.00495 -0.00811  -0.0124  -0.0182  -0.0256  -0.0337  -0.0346   0.0346
        4|  -0.0167   0.0166   0.0187    0.017   0.0147   0.0122  0.00982  0.00763  0.00568  0.00393  0.00233 0.000777-0.000826 -0.00264 -0.00479 -0.00751  -0.0109  -0.0152  -0.0201  -0.0246  -0.0236   0.0237
        3|   -0.012   0.0119   0.0136   0.0125   0.0109  0.00921  0.00747  0.00585  0.00434  0.00297  0.00167 0.000413-0.000911 -0.00238  -0.0041 -0.00618 -0.00869  -0.0116  -0.0147  -0.0172  -0.0159    0.016
        2| -0.00788  0.00784  0.00903  0.00835  0.00734   0.0062  0.00504  0.00392  0.00289  0.00191    0.001 9.45e-05-0.000837 -0.00187 -0.00305 -0.00443 -0.00602 -0.00779 -0.00954  -0.0109 -0.00989  0.00992
        1| -0.00408  0.00415  0.00499  0.00456  0.00395   0.0033  0.00263    0.002   0.0014 0.000855 0.000334-0.000159-0.000671 -0.00121 -0.00181 -0.00247 -0.00322   -0.004 -0.00476  -0.0053 -0.00476  0.00475
        0|  -0.0186        0        0        0        0        0        0        0        0        0        0        0        0        0        0        0        0        0        0        0        0   0.0217

rhs (22x12): 
         |        0        1        2        3        4        5        6        7        8        9       10       11       12       13       14       15       16       17       18       19       20       21
-------------------------------------------------------------------------------------------------------------------------------------------------------------------------------------------------------------------------
       11|        0        0        0        0        0        0        0        0        0        0        0        0        0        0        0        0        0        0        0        0        0        0
       10|        0    0.928   -0.329   0.0451    0.104   0.0925    0.081   0.0584   0.0496   0.0329   0.0304   0.0203   0.0255    0.024    0.026   0.0357   0.0866    0.187    0.351   0.0781    -4.56        0
        9|        0   -0.169    0.212    0.207    0.146    0.114   0.0767   0.0629   0.0398   0.0362   0.0208   0.0236   0.0144   0.0231   0.0326   0.0697    0.147    0.377    0.847      1.2   0.0681        0
        8|        0  -0.0932  -0.0272  -0.0188  0.00094 -0.00167  0.00764 0.000296  0.00772-0.000307  0.00699-0.000954  0.00656-0.000593  0.00851  0.00285   0.0182   0.0392    0.116   0.0831  -0.0627        0
        7|        0  -0.0374  -0.0214 -0.00893  -0.0114-0.000278 -0.00582  0.00304  -0.0039  0.00414 -0.00332  0.00439 -0.00326  0.00418 -0.00415  0.00188 -0.00977  -0.0124   -0.047  -0.0971   -0.136        0
        6|        0  -0.0268 -0.00602  -0.0117 -0.00133 -0.00692  0.00214 -0.00459  0.00363 -0.00369  0.00414 -0.00349  0.00413  -0.0039  0.00303 -0.00626 -0.00231  -0.0181  -0.0265  -0.0514  -0.0376        0
        5|        0  -0.0134 -0.00992 -0.00123 -0.00735  0.00164 -0.00502  0.00333 -0.00388  0.00406 -0.00346  0.00425 -0.00351  0.00386 -0.00439  0.00204 -0.00804 -0.00492  -0.0197  -0.0174 -0.00623        0
        4|        0  -0.0152 -0.00025 -0.00732  0.00135 -0.00539  0.00303 -0.00409  0.00397 -0.00345  0.00435 -0.00326  0.00429 -0.00359  0.00362 -0.00494  0.00111 -0.00922 -0.00523  -0.0154  0.00814        0
        3|        0 -0.00717 -0.00683  0.00128 -0.00568  0.00271 -0.00435   0.0038 -0.00353  0.00438 -0.00316  0.00457 -0.00319  0.00432 -0.00372  0.00326 -0.00559 0.000276 -0.00969 -0.00347  0.00413        0
        2|        0  -0.0469  -0.0428   -0.047  -0.0336  -0.0348  -0.0204  -0.0216 -0.00807  -0.0105  0.00152 -0.00262  0.00794  0.00267   0.0121  0.00538    0.013  0.00424   0.0101    0.001   0.0205        0
        1|        0    0.109    0.117    0.124    0.114    0.116      0.1   0.0971   0.0764   0.0684    0.043   0.0306-0.000104  -0.0196  -0.0581  -0.0849   -0.129   -0.159   -0.199   -0.215   -0.213        0
        0|        0        0        0        0        0        0        0        0        0        0        0        0        0        0        0        0        0        0        0        0        0        0

