t: 1.56769
nCells: 20x10, dx: 0.1, dy: 0.1

u (22x12): 
         |        0        1        2        3        4        5        6        7        8        9       10       11       12       13       14       15       16       17       18       19       20
-------------------------------------------------------------------------------------------------------------------------------------------------------------------------------------------------------------------------
       11|        0     1.91     1.86     1.83     1.82      1.8     1.79     1.79     1.79     1.78     1.78     1.78     1.78     1.78     1.78     1.78     1.79      1.8     1.82     1.88        0
       10|        0   0.0868    0.137    0.168    0.187    0.199    0.207    0.213    0.217     0.22    0.222    0.223    0.224    0.224    0.223    0.221    0.216    0.206    0.182    0.123        0
        9|        0  -0.0328  -0.0353  -0.0311  -0.0262  -0.0221  -0.0189  -0.0165  -0.0148  -0.0136   -0.013  -0.0127  -0.0129  -0.0134  -0.0144   -0.016  -0.0181  -0.0206  -0.0225    -0.02        0
        8|        0   -0.016  -0.0264  -0.0307   -0.032  -0.0319  -0.0313  -0.0307  -0.0301  -0.0298  -0.0297  -0.0299  -0.0305  -0.0315  -0.0332  -0.0356  -0.0391  -0.0434  -0.0457  -0.0366        0
        7|        0    -0.01  -0.0185  -0.0237  -0.0266   -0.028  -0.0286  -0.0288   -0.029   -0.029  -0.0292  -0.0295    -0.03  -0.0308  -0.0318  -0.0332  -0.0347  -0.0356  -0.0337  -0.0238        0
        6|        0 -0.00704  -0.0138  -0.0188  -0.0221  -0.0243  -0.0256  -0.0264   -0.027  -0.0274  -0.0277   -0.028  -0.0283  -0.0287   -0.029  -0.0291  -0.0288  -0.0272  -0.0229  -0.0138        0
        5|        0 -0.00538  -0.0109  -0.0154  -0.0188  -0.0213  -0.0231  -0.0243  -0.0252  -0.0258  -0.0262  -0.0264  -0.0266  -0.0265  -0.0262  -0.0255   -0.024  -0.0212  -0.0164 -0.00884        0
        4|        0 -0.00441 -0.00911  -0.0132  -0.0165  -0.0191  -0.0211  -0.0225  -0.0236  -0.0243  -0.0248   -0.025   -0.025  -0.0246  -0.0239  -0.0226  -0.0205  -0.0172  -0.0126  -0.0064        0
        3|        0 -0.00382 -0.00797  -0.0117  -0.0149  -0.0175  -0.0196  -0.0212  -0.0224  -0.0232  -0.0237  -0.0238  -0.0237  -0.0231  -0.0221  -0.0205  -0.0181  -0.0148  -0.0104 -0.00513        0
        2|        0 -0.00351 -0.00729  -0.0108  -0.0139  -0.0165  -0.0186  -0.0203  -0.0215  -0.0224  -0.0229   -0.023  -0.0227  -0.0221  -0.0209  -0.0191  -0.0166  -0.0133 -0.00918 -0.00445        0
        1|        0  -0.0035 -0.00757  -0.0112  -0.0144   -0.017  -0.0191  -0.0206  -0.0217  -0.0223  -0.0225  -0.0223  -0.0217  -0.0207  -0.0193  -0.0173  -0.0147  -0.0116 -0.00789 -0.00374        0
        0|        0 -0.00275 -0.00593 -0.00891  -0.0116  -0.0139  -0.0158  -0.0173  -0.0185  -0.0192  -0.0196  -0.0196  -0.0193  -0.0184  -0.0172  -0.0154  -0.0131  -0.0103   -0.007 -0.00345        0

v (22x12): 
         |        0        1        2        3        4        5        6        7        8        9       10       11       12       13       14       15       16       17       18       19       20       21
-------------------------------------------------------------------------------------------------------------------------------------------------------------------------------------------------------------------------
       10|        0        0        0        0        0        0        0        0        0        0        0        0        0        0        0        0        0        0        0        0        0        0
        9|  -0.0864   0.0868   0.0505   0.0301    0.019   0.0125  0.00842  0.00577  0.00399  0.00276  0.00187   0.0012 0.000562-0.000107 -0.00087 -0.00205 -0.00446  -0.0101  -0.0241  -0.0588   -0.123    0.122
        8|  -0.0537    0.054   0.0481   0.0343   0.0239   0.0166   0.0116  0.00817  0.00571   0.0039  0.00254  0.00143  0.00043 -0.00061 -0.00187 -0.00365 -0.00662  -0.0125   -0.026  -0.0563   -0.103    0.101
        7|  -0.0377    0.038   0.0377   0.0299   0.0226   0.0167   0.0122  0.00881  0.00623  0.00423  0.00261  0.00121-0.000144 -0.00163  -0.0035 -0.00611  -0.0101  -0.0168  -0.0283  -0.0473  -0.0666   0.0651
        6|  -0.0277   0.0279   0.0293   0.0247   0.0198   0.0153   0.0116  0.00855  0.00613  0.00414  0.00245 0.000904-0.000642 -0.00239 -0.00455 -0.00748  -0.0116  -0.0177  -0.0264  -0.0374  -0.0428   0.0419
        5|  -0.0207   0.0209   0.0225   0.0198   0.0164   0.0132   0.0102  0.00771  0.00557  0.00375  0.00213 0.000607-0.000962 -0.00272 -0.00487 -0.00763  -0.0113  -0.0161  -0.0221  -0.0283   -0.029   0.0285
        4|  -0.0154   0.0155    0.017   0.0153    0.013   0.0107  0.00847  0.00647  0.00471  0.00314  0.00172 0.000343 -0.00108 -0.00268 -0.00457 -0.00691  -0.0098  -0.0133  -0.0172  -0.0208  -0.0202   0.0198
        3|   -0.011   0.0111   0.0123   0.0112   0.0097  0.00808  0.00648    0.005  0.00364  0.00241  0.00126 0.000138 -0.00103 -0.00232 -0.00382  -0.0056 -0.00771  -0.0101  -0.0126  -0.0146  -0.0138   0.0136
        2| -0.00721  0.00727  0.00811  0.00745  0.00651  0.00546   0.0044  0.00339  0.00246  0.00159 0.000774-3.11e-05-0.000857 -0.00177 -0.00279 -0.00398 -0.00533 -0.00679 -0.00823 -0.00935 -0.00867  0.00854
        1| -0.00373  0.00377  0.00432  0.00394  0.00342  0.00285  0.00227  0.00172   0.0012 0.000733  0.00028-0.000152-0.000603 -0.00107  -0.0016 -0.00219 -0.00283  -0.0035 -0.00414 -0.00461 -0.00423  0.00417
        0|  -0.0168    0.017   0.0193   0.0183   0.0168   0.0149   0.0127   0.0102  0.00767  0.00499  0.00225 -0.00056 -0.00342 -0.00634 -0.00926  -0.0122  -0.0149  -0.0175  -0.0195  -0.0209   -0.019   0.0188

p (22x12): 
         |        0        1        2        3        4        5        6        7        8        9       10       11       12       13       14       15       16       17       18       19       20       21
-------------------------------------------------------------------------------------------------------------------------------------------------------------------------------------------------------------------------
       11|    -3.14    -3.14    -3.14    -3.14    -3.13    -3.13    -3.13    -3.13    -3.13    -3.12    -3.12    -3.12    -3.12    -3.12    -3.12    -3.11    -3.11    -3.11     -3.1    -3.09    -3.07    -3.07
       10|    -3.14    -3.14    -3.14    -3.14    -3.13    -3.13    -3.13    -3.13    -3.13    -3.12    -3.12    -3.12    -3.12    -3.12    -3.12    -3.11    -3.11    -3.11     -3.1    -3.09    -3.07    -3.07
        9|    -3.14    -3.14    -3.14    -3.13    -3.13    -3.13    -3.13    -3.13    -3.13    -3.12    -3.12    -3.12    -3.12    -3.12    -3.12    -3.11    -3.11    -3.11    -3.11     -3.1    -3.09    -3.09
        8|    -3.13    -3.13    -3.13    -3.13    -3.13    -3.13    -3.13    -3.13    -3.13    -3.12    -3.12    -3.12    -3.12    -3.12    -3.12    -3.11    -3.11    -3.11    -3.11     -3.1     -3.1     -3.1
        7|    -3.13    -3.13    -3.13    -3.13    -3.13    -3.13    -3.13    -3.13    -3.12    -3.12    -3.12    -3.12    -3.12    -3.12    -3.12    -3.11    -3.11    -3.11    -3.11     -3.1     -3.1     -3.1
        6|    -3.13    -3.13    -3.13    -3.13    -3.13    -3.13    -3.13    -3.13    -3.12    -3.12    -3.12    -3.12    -3.12    -3.12    -3.12    -3.11    -3.11    -3.11    -3.11    -3.11     -3.1     -3.1
        5|    -3.13    -3.13    -3.13    -3.13    -3.13    -3.13    -3.13    -3.12    -3.12    -3.12    -3.12    -3.12    -3.12    -3.12    -3.12    -3.11    -3.11    -3.11    -3.11    -3.11    -3.11    -3.11
        4|    -3.13    -3.13    -3.13    -3.13    -3.13    -3.13    -3.13    -3.12    -3.12    -3.12    -3.12    -3.12    -3.12    -3.12    -3.12    -3.11    -3.11    -3.11    -3.11    -3.11    -3.11    -3.11
        3|    -3.13    -3.13    -3.13    -3.13    -3.13    -3.13    -3.12    -3.12    -3.12    -3.12    -3.12    -3.12    -3.12    -3.12    -3.12    -3.11    -3.11    -3.11    -3.11    -3.11    -3.11    -3.11
        2|    -3.13    -3.13    -3.13    -3.13    -3.13    -3.13    -3.12    -3.12    -3.12    -3.12    -3.12    -3.12    -3.12    -3.12    -3.12    -3.11    -3.11    -3.11    -3.11    -3.11    -3.11    -3.11
        1|    -3.13    -3.13    -3.13    -3.13    -3.13    -3.13    -3.12    -3.12    -3.12    -3.12    -3.12    -3.12    -3.12    -3.12    -3.12    -3.11    -3.11    -3.11    -3.11    -3.11    -3.11    -3.11
        0|    -3.13    -3.13    -3.13    -3.13    -3.13    -3.12    -3.12    -3.12    -3.12    -3.12    -3.12    -3.12    -3.12    -3.12    -3.12    -3.11    -3.11    -3.11    -3.11    -3.11    -3.11    -3.11

F (22x12): 
         |        0        1        2        3        4        5        6        7        8        9       10       11       12       13       14       15       16       17       18       19       20
-------------------------------------------------------------------------------------------------------------------------------------------------------------------------------------------------------------------------
       11|        0     1.91     1.86     1.83     1.82      1.8     1.79     1.79     1.79     1.78     1.78     1.78     1.78     1.78     1.78     1.78     1.79      1.8     1.82     1.88        0
       10|        0   0.0881    0.138    0.168    0.187      0.2    0.208    0.214    0.218     0.22    0.222    0.224    0.224    0.224    0.223    0.221    0.217    0.208    0.185    0.129        0
        9|        0  -0.0326   -0.035  -0.0307  -0.0258  -0.0216  -0.0184   -0.016  -0.0143  -0.0132  -0.0125  -0.0123  -0.0124  -0.0129  -0.0139  -0.0155  -0.0175  -0.0196  -0.0208  -0.0174        0
        8|        0   -0.016  -0.0262  -0.0305  -0.0316  -0.0315  -0.0309  -0.0302  -0.0297  -0.0294  -0.0293  -0.0295  -0.0301  -0.0311  -0.0327  -0.0351  -0.0385  -0.0425  -0.0445  -0.0355        0
        7|        0 -0.00999  -0.0184  -0.0235  -0.0263  -0.0276  -0.0282  -0.0285  -0.0286  -0.0286  -0.0288  -0.0291  -0.0296  -0.0303  -0.0313  -0.0327  -0.0341  -0.0349   -0.033  -0.0232        0
        6|        0 -0.00701  -0.0137  -0.0186  -0.0219   -0.024  -0.0253  -0.0261  -0.0266   -0.027  -0.0273  -0.0276  -0.0279  -0.0282  -0.0285  -0.0286  -0.0283  -0.0267  -0.0224  -0.0135        0
        5|        0 -0.00535  -0.0108  -0.0153  -0.0186  -0.0211  -0.0228   -0.024  -0.0248  -0.0254  -0.0258   -0.026  -0.0262  -0.0261  -0.0258   -0.025  -0.0235  -0.0208   -0.016 -0.00866        0
        4|        0 -0.00438 -0.00903  -0.0131  -0.0163  -0.0189  -0.0208  -0.0223  -0.0233   -0.024  -0.0244  -0.0246  -0.0246  -0.0242  -0.0235  -0.0222  -0.0201  -0.0169  -0.0123 -0.00629        0
        3|        0 -0.00379  -0.0079  -0.0116  -0.0147  -0.0173  -0.0194  -0.0209  -0.0221  -0.0229  -0.0233  -0.0235  -0.0233  -0.0227  -0.0217  -0.0201  -0.0178  -0.0145  -0.0102 -0.00504        0
        2|        0 -0.00348 -0.00722  -0.0107  -0.0137  -0.0163  -0.0184    -0.02  -0.0212  -0.0221  -0.0225  -0.0227  -0.0224  -0.0217  -0.0205  -0.0187  -0.0163   -0.013 -0.00901 -0.00437        0
        1|        0 -0.00348  -0.0075  -0.0111  -0.0143  -0.0168  -0.0189  -0.0204  -0.0214   -0.022  -0.0221  -0.0219  -0.0214  -0.0204  -0.0189   -0.017  -0.0145  -0.0114 -0.00773 -0.00367        0
        0|        0        0        0        0        0        0        0        0        0        0        0        0        0        0        0        0        0        0        0        0        0

G (22x12): 
         |        0        1        2        3        4        5        6        7        8        9       10       11       12       13       14       15       16       17       18       19       20       21
-------------------------------------------------------------------------------------------------------------------------------------------------------------------------------------------------------------------------
       10|        0        0        0        0        0        0        0        0        0        0        0        0        0        0        0        0        0        0        0        0        0        0
        9|  -0.0864   0.0854   0.0503   0.0299   0.0188   0.0123  0.00827  0.00565  0.00389  0.00269  0.00181  0.00115 0.000521-0.000136-0.000886 -0.00205 -0.00439 -0.00981  -0.0233  -0.0567   -0.118    0.122
        8|  -0.0537   0.0532   0.0474   0.0337   0.0234   0.0162   0.0113  0.00793  0.00553  0.00377  0.00243  0.00134 0.000354-0.000682 -0.00194 -0.00374 -0.00673  -0.0127   -0.026  -0.0557   -0.101    0.101
        7|  -0.0377   0.0374   0.0372   0.0295   0.0222   0.0164   0.0119  0.00859  0.00605   0.0041   0.0025  0.00113-0.000216 -0.00169 -0.00356 -0.00616  -0.0102  -0.0168  -0.0281  -0.0468  -0.0654   0.0651
        6|  -0.0277   0.0275   0.0289   0.0244   0.0194    0.015   0.0113  0.00836  0.00597  0.00401  0.00235 0.000827-0.000701 -0.00243 -0.00458 -0.00748  -0.0116  -0.0176  -0.0261  -0.0368   -0.042   0.0419
        5|  -0.0207   0.0206   0.0222   0.0195   0.0162   0.0129     0.01  0.00754  0.00544  0.00364  0.00204 0.000545   -0.001 -0.00274 -0.00487  -0.0076  -0.0112  -0.0159  -0.0218  -0.0279  -0.0285   0.0285
        4|  -0.0154   0.0153   0.0167    0.015   0.0128   0.0105  0.00831  0.00634   0.0046  0.00306  0.00166 0.000297 -0.00111 -0.00268 -0.00455 -0.00685 -0.00971  -0.0132   -0.017  -0.0205  -0.0198   0.0198
        3|   -0.011   0.0109   0.0121    0.011  0.00955  0.00795  0.00637   0.0049  0.00356  0.00235  0.00121 0.000107 -0.00105 -0.00232  -0.0038 -0.00555 -0.00763 -0.00997  -0.0124  -0.0144  -0.0135   0.0136
        2| -0.00721  0.00717    0.008  0.00735  0.00642  0.00537  0.00433  0.00333  0.00241  0.00155 0.000748-4.66e-05-0.000862 -0.00176 -0.00277 -0.00394 -0.00527 -0.00671 -0.00812 -0.00921 -0.00851  0.00854
        1| -0.00373  0.00379  0.00436  0.00397  0.00344  0.00287  0.00229  0.00173  0.00121 0.000736  0.00028-0.000155-0.000606 -0.00108 -0.00161 -0.00219 -0.00283 -0.00349 -0.00412 -0.00458 -0.00419  0.00417
        0|  -0.0168        0        0        0        0        0        0        0        0        0        0        0        0        0        0        0        0        0        0        0        0   0.0188

rhs (22x12): 
         |        0        1        2        3        4        5        6        7        8        9       10       11       12       13       14       15       16       17       18       19       20       21
-------------------------------------------------------------------------------------------------------------------------------------------------------------------------------------------------------------------------
       11|        0        0        0        0        0        0        0        0        0        0        0        0        0        0        0        0        0        0        0        0        0        0
       10|        0     1.03   -0.232   0.0911    0.113   0.0858   0.0664   0.0443   0.0357    0.023   0.0218   0.0157    0.021   0.0139   0.0208   0.0305   0.0686    0.141    0.268    0.104    -3.89        0
        9|        0   -0.152    0.214    0.193    0.127   0.0907   0.0575   0.0448    0.027   0.0246   0.0138    0.017    0.011   0.0234   0.0272   0.0561    0.113    0.275    0.616    0.908   0.0538        0
        8|        0  -0.0941   -0.027  -0.0166-0.000445 -0.00194  0.00502-0.000319  0.00521 -0.00062  0.00483-0.000928  0.00484 0.000143  0.00632    0.002   0.0114   0.0179   0.0495  0.00857  -0.0639        0
        7|        0  -0.0377  -0.0189 -0.00837  -0.0092-0.000579 -0.00444  0.00217  -0.0029  0.00302 -0.00247  0.00319 -0.00243  0.00296 -0.00322  0.00111 -0.00761 -0.00979  -0.0348  -0.0645    -0.08        0
        6|        0  -0.0251  -0.0059 -0.00948 -0.00145  -0.0053   0.0015 -0.00339  0.00268 -0.00271  0.00305 -0.00256  0.00298 -0.00291  0.00217 -0.00464 -0.00154  -0.0124  -0.0165  -0.0319  -0.0145        0
        5|        0  -0.0133 -0.00806 -0.00141 -0.00568  0.00108 -0.00374  0.00245 -0.00284    0.003 -0.00254  0.00313 -0.00262  0.00281 -0.00326   0.0015 -0.00577 -0.00304   -0.013  -0.0108  0.00013        0
        4|        0  -0.0137-0.000643 -0.00569 0.000821 -0.00404  0.00221 -0.00299  0.00294 -0.00252  0.00321 -0.00241  0.00314 -0.00267  0.00263 -0.00365 0.000885 -0.00649  -0.0032  -0.0105   0.0082        0
        3|        0 -0.00726 -0.00533 0.000733 -0.00429  0.00195  -0.0032  0.00282 -0.00257  0.00324 -0.00231  0.00335 -0.00236  0.00315 -0.00278  0.00236  -0.0041 0.000346 -0.00679  -0.0021  0.00455        0
        2|        0  -0.0407  -0.0355  -0.0381  -0.0276  -0.0279  -0.0168  -0.0172 -0.00671 -0.00812  0.00112 -0.00159  0.00652  0.00297   0.0102  0.00562   0.0116  0.00554   0.0102  0.00381   0.0189        0
        1|        0     0.12    0.127     0.13    0.119    0.116   0.0998   0.0922   0.0713   0.0596    0.035   0.0199 -0.00875  -0.0291  -0.0631  -0.0882   -0.126   -0.152   -0.185   -0.199   -0.197        0
        0|        0        0        0        0        0        0        0        0        0        0        0        0        0        0        0        0        0        0        0        0        0        0

