t: 1.75073
nCells: 20x10, dx: 0.1, dy: 0.1

u (22x12): 
         |        0        1        2        3        4        5        6        7        8        9       10       11       12       13       14       15       16       17       18       19       20
-------------------------------------------------------------------------------------------------------------------------------------------------------------------------------------------------------------------------
       11|        0 -0.00375 -0.00823  -0.0123  -0.0158  -0.0187   -0.021  -0.0226  -0.0238  -0.0245  -0.0247  -0.0245  -0.0239  -0.0228  -0.0212   -0.019  -0.0162  -0.0128 -0.00868 -0.00408        0
       10|        0 -0.00289 -0.00634 -0.00959  -0.0125  -0.0151  -0.0172  -0.0189  -0.0202  -0.0211  -0.0216  -0.0216  -0.0212  -0.0204   -0.019  -0.0171  -0.0146  -0.0114 -0.00779 -0.00385        0
        9|        0 -0.00253 -0.00547 -0.00826  -0.0108  -0.0131   -0.015  -0.0165  -0.0177  -0.0185  -0.0189  -0.0189  -0.0185  -0.0177  -0.0164  -0.0146  -0.0124 -0.00966 -0.00654 -0.00314        0
        8|        0 -0.00222 -0.00477 -0.00721 -0.00944  -0.0114  -0.0131  -0.0145  -0.0156  -0.0163  -0.0166  -0.0166  -0.0162  -0.0154  -0.0142  -0.0126  -0.0106 -0.00822 -0.00552 -0.00262        0
        7|        0 -0.00196  -0.0042 -0.00635 -0.00834  -0.0101  -0.0116  -0.0129  -0.0138  -0.0144  -0.0147  -0.0147  -0.0143  -0.0135  -0.0124   -0.011 -0.00918 -0.00708 -0.00473 -0.00222        0
        6|        0 -0.00175 -0.00374 -0.00567 -0.00744 -0.00903  -0.0104  -0.0115  -0.0123  -0.0129  -0.0131  -0.0131  -0.0127   -0.012   -0.011 -0.00967 -0.00805 -0.00619 -0.00412 -0.00194        0
        5|        0 -0.00157 -0.00339 -0.00512 -0.00673 -0.00817 -0.00941  -0.0104  -0.0112  -0.0117  -0.0119  -0.0118  -0.0115  -0.0108 -0.00986 -0.00864 -0.00719 -0.00551 -0.00367 -0.00171        0
        4|        0 -0.00145 -0.00311 -0.00471 -0.00618 -0.00751 -0.00865 -0.00959  -0.0103  -0.0107  -0.0109  -0.0108  -0.0105 -0.00988   -0.009 -0.00788 -0.00653   -0.005 -0.00332 -0.00156        0
        3|        0 -0.00135 -0.00291  -0.0044 -0.00579 -0.00703 -0.00811 -0.00898 -0.00964    -0.01  -0.0102  -0.0101  -0.0098 -0.00921 -0.00838 -0.00732 -0.00607 -0.00464 -0.00308 -0.00144        0
        2|        0 -0.00129 -0.00276 -0.00418 -0.00549 -0.00668 -0.00769 -0.00853 -0.00914 -0.00954  -0.0097 -0.00962 -0.00929 -0.00873 -0.00793 -0.00693 -0.00573 -0.00438  -0.0029 -0.00136        0
        1|        0 -0.00106  -0.0023 -0.00348 -0.00459 -0.00557 -0.00643 -0.00712 -0.00765 -0.00798 -0.00812 -0.00805 -0.00778  -0.0073 -0.00664 -0.00579  -0.0048 -0.00366 -0.00242 -0.00112        0
        0|        0  0.00105  0.00228  0.00345  0.00454  0.00552  0.00637  0.00705  0.00757   0.0079  0.00804  0.00796   0.0077  0.00722  0.00657  0.00573  0.00475  0.00362   0.0024  0.00111        0

v (22x12): 
         |        0        1        2        3        4        5        6        7        8        9       10       11       12       13       14       15       16       17       18       19       20       21
-------------------------------------------------------------------------------------------------------------------------------------------------------------------------------------------------------------------------
       10|   -0.018   0.0181   0.0209     0.02   0.0184   0.0163    0.014   0.0114  0.00859  0.00569  0.00269-0.000402 -0.00356  -0.0068  -0.0101  -0.0133  -0.0164  -0.0193  -0.0217  -0.0231  -0.0209   0.0206
        9|  -0.0151   0.0152   0.0175   0.0168   0.0155   0.0138   0.0118  0.00965  0.00729   0.0048   0.0022 -0.00046 -0.00319 -0.00594 -0.00869  -0.0114  -0.0139  -0.0162   -0.018  -0.0192  -0.0171   0.0169
        8|  -0.0126   0.0127   0.0145    0.014   0.0129   0.0115  0.00993   0.0081  0.00611  0.00399  0.00179-0.000488  -0.0028 -0.00512 -0.00741 -0.00961  -0.0116  -0.0135  -0.0149  -0.0158  -0.0139   0.0138
        7|  -0.0104   0.0105    0.012   0.0115   0.0107  0.00956  0.00822  0.00672  0.00505  0.00329  0.00143-0.000468 -0.00241 -0.00433 -0.00622   -0.008 -0.00965  -0.0111  -0.0122  -0.0129  -0.0113   0.0112
        6| -0.00843   0.0085  0.00975  0.00937  0.00868  0.00778  0.00671  0.00547  0.00412  0.00266  0.00114-0.000431 -0.00201 -0.00359 -0.00511 -0.00655 -0.00785 -0.00898 -0.00985  -0.0104 -0.00909  0.00899
        5|  -0.0067  0.00676  0.00774  0.00745   0.0069   0.0062  0.00534  0.00436  0.00327  0.00211 0.000884-0.000367 -0.00164 -0.00289  -0.0041 -0.00522 -0.00625 -0.00711 -0.00779 -0.00817 -0.00717  0.00709
        4| -0.00513  0.00517  0.00594  0.00571   0.0053  0.00475   0.0041  0.00334  0.00251  0.00161 0.000671-0.000302 -0.00127 -0.00224 -0.00315 -0.00402 -0.00478 -0.00544 -0.00594 -0.00623 -0.00545  0.00539
        3| -0.00369  0.00372  0.00427  0.00411  0.00381  0.00343  0.00295  0.00241   0.0018  0.00116 0.000474-0.000221-0.000929 -0.00162 -0.00228 -0.00289 -0.00345 -0.00391 -0.00427 -0.00447 -0.00391  0.00387
        2| -0.00234  0.00236  0.00272  0.00261  0.00243  0.00218  0.00188  0.00153  0.00115 0.000734 0.000305-0.000145-0.000589 -0.00103 -0.00145 -0.00184 -0.00219 -0.00248  -0.0027 -0.00283 -0.00247  0.00244
        1| -0.00106  0.00107  0.00123  0.00119   0.0011 0.000997 0.000856 0.000704 0.000524 0.000341 0.000138-5.99e-05-0.000269-0.000465-0.000663-0.000836-0.000999 -0.00113 -0.00124 -0.00129 -0.00112  0.00111
        0|        0        0        0        0        0        0        0        0        0        0        0        0        0        0        0        0        0        0        0        0        0        0

p (22x12): 
         |        0        1        2        3        4        5        6        7        8        9       10       11       12       13       14       15       16       17       18       19       20       21
-------------------------------------------------------------------------------------------------------------------------------------------------------------------------------------------------------------------------
       11|     -4.3     -4.3     -4.3     -4.3     -4.3     -4.3     -4.3     -4.3     -4.3     -4.3     -4.3     -4.3     -4.3     -4.3    -4.29    -4.29    -4.29    -4.29    -4.29    -4.29    -4.29    -4.29
       10|     -4.3     -4.3     -4.3     -4.3     -4.3     -4.3     -4.3     -4.3     -4.3     -4.3     -4.3     -4.3     -4.3     -4.3    -4.29    -4.29    -4.29    -4.29    -4.29    -4.29    -4.29    -4.29
        9|     -4.3     -4.3     -4.3     -4.3     -4.3     -4.3     -4.3     -4.3     -4.3     -4.3     -4.3     -4.3     -4.3     -4.3    -4.29    -4.29    -4.29    -4.29    -4.29    -4.29    -4.29    -4.29
        8|     -4.3     -4.3     -4.3     -4.3     -4.3     -4.3     -4.3     -4.3     -4.3     -4.3     -4.3     -4.3     -4.3     -4.3     -4.3    -4.29    -4.29    -4.29    -4.29    -4.29    -4.29    -4.29
        7|     -4.3     -4.3     -4.3     -4.3     -4.3     -4.3     -4.3     -4.3     -4.3     -4.3     -4.3     -4.3     -4.3     -4.3     -4.3    -4.29    -4.29    -4.29    -4.29    -4.29    -4.29    -4.29
        6|     -4.3     -4.3     -4.3     -4.3     -4.3     -4.3     -4.3     -4.3     -4.3     -4.3     -4.3     -4.3     -4.3     -4.3     -4.3     -4.3    -4.29    -4.29    -4.29    -4.29    -4.29    -4.29
        5|     -4.3     -4.3     -4.3     -4.3     -4.3     -4.3     -4.3     -4.3     -4.3     -4.3     -4.3     -4.3     -4.3     -4.3     -4.3     -4.3    -4.29    -4.29    -4.29    -4.29    -4.29    -4.29
        4|     -4.3     -4.3     -4.3     -4.3     -4.3     -4.3     -4.3     -4.3     -4.3     -4.3     -4.3     -4.3     -4.3     -4.3     -4.3     -4.3     -4.3    -4.29    -4.29    -4.29    -4.29    -4.29
        3|     -4.3     -4.3     -4.3     -4.3     -4.3     -4.3     -4.3     -4.3     -4.3     -4.3     -4.3     -4.3     -4.3     -4.3     -4.3     -4.3     -4.3    -4.29    -4.29    -4.29    -4.29    -4.29
        2|     -4.3     -4.3     -4.3     -4.3     -4.3     -4.3     -4.3     -4.3     -4.3     -4.3     -4.3     -4.3     -4.3     -4.3     -4.3     -4.3     -4.3    -4.29    -4.29    -4.29    -4.29    -4.29
        1|     -4.3     -4.3     -4.3     -4.3     -4.3     -4.3     -4.3     -4.3     -4.3     -4.3     -4.3     -4.3     -4.3     -4.3     -4.3     -4.3     -4.3     -4.3    -4.29    -4.29    -4.29    -4.29
        0|     -4.3     -4.3     -4.3     -4.3     -4.3     -4.3     -4.3     -4.3     -4.3     -4.3     -4.3     -4.3     -4.3     -4.3     -4.3     -4.3     -4.3     -4.3    -4.29    -4.29    -4.29    -4.29

F (22x12): 
         |        0        1        2        3        4        5        6        7        8        9       10       11       12       13       14       15       16       17       18       19       20
-------------------------------------------------------------------------------------------------------------------------------------------------------------------------------------------------------------------------
       11|        0        0        0        0        0        0        0        0        0        0        0        0        0        0        0        0        0        0        0        0        0
       10|        0 -0.00288 -0.00629  -0.0095  -0.0124  -0.0149   -0.017  -0.0187    -0.02  -0.0208  -0.0213  -0.0213   -0.021  -0.0201  -0.0188  -0.0168  -0.0143  -0.0113 -0.00768 -0.00379        0
        9|        0 -0.00251 -0.00542 -0.00818  -0.0107  -0.0129  -0.0148  -0.0163  -0.0175  -0.0183  -0.0187  -0.0187  -0.0183  -0.0175  -0.0162  -0.0144  -0.0122 -0.00953 -0.00645  -0.0031        0
        8|        0 -0.00221 -0.00472 -0.00714 -0.00935  -0.0113   -0.013  -0.0144  -0.0154  -0.0161  -0.0164  -0.0164   -0.016  -0.0152   -0.014  -0.0124  -0.0104  -0.0081 -0.00544 -0.00258        0
        7|        0 -0.00194 -0.00416 -0.00628 -0.00825 -0.00999  -0.0115  -0.0127  -0.0136  -0.0142  -0.0145  -0.0145  -0.0141  -0.0134  -0.0123  -0.0108 -0.00905 -0.00698 -0.00467  -0.0022        0
        6|        0 -0.00173 -0.00371 -0.00561 -0.00735 -0.00893  -0.0103  -0.0114  -0.0122  -0.0127   -0.013  -0.0129  -0.0125  -0.0119  -0.0108 -0.00954 -0.00794 -0.00611 -0.00407 -0.00192        0
        5|        0 -0.00156 -0.00335 -0.00506 -0.00666 -0.00807  -0.0093  -0.0103   -0.011  -0.0115  -0.0117  -0.0117  -0.0113  -0.0107 -0.00973 -0.00853 -0.00709 -0.00543 -0.00362 -0.00169        0
        4|        0 -0.00144 -0.00308 -0.00466 -0.00611 -0.00743 -0.00855 -0.00947  -0.0102  -0.0106  -0.0108  -0.0107  -0.0104 -0.00975 -0.00888 -0.00778 -0.00644 -0.00494 -0.00327 -0.00154        0
        3|        0 -0.00134 -0.00288 -0.00436 -0.00573 -0.00695 -0.00801 -0.00887 -0.00952 -0.00992  -0.0101    -0.01 -0.00968 -0.00909 -0.00827 -0.00723 -0.00599 -0.00458 -0.00304 -0.00142        0
        2|        0 -0.00128 -0.00273 -0.00414 -0.00543  -0.0066  -0.0076 -0.00842 -0.00903 -0.00942 -0.00957  -0.0095 -0.00917 -0.00861 -0.00782 -0.00684 -0.00565 -0.00432 -0.00286 -0.00134        0
        1|        0 -0.00105 -0.00227 -0.00343 -0.00452 -0.00549 -0.00634 -0.00702 -0.00754 -0.00786   -0.008 -0.00792 -0.00766 -0.00719 -0.00654  -0.0057 -0.00472  -0.0036 -0.00239 -0.00111        0
        0|        0  0.00105  0.00228  0.00345  0.00454  0.00552  0.00637  0.00705  0.00757   0.0079  0.00804  0.00796   0.0077  0.00722  0.00657  0.00573  0.00475  0.00362   0.0024  0.00111        0

G (22x12): 
         |        0        1        2        3        4        5        6        7        8        9       10       11       12       13       14       15       16       17       18       19       20       21
-------------------------------------------------------------------------------------------------------------------------------------------------------------------------------------------------------------------------
       10|   -0.018   0.0179   0.0207   0.0198   0.0182   0.0161   0.0138   0.0112  0.00843  0.00556   0.0026-0.000446 -0.00355 -0.00673 -0.00992  -0.0131  -0.0161  -0.0189  -0.0212  -0.0226  -0.0204   0.0206
        9|  -0.0151    0.015   0.0173   0.0165   0.0153   0.0136   0.0117   0.0095  0.00716   0.0047  0.00214-0.000492 -0.00319  -0.0059 -0.00861  -0.0113  -0.0137   -0.016  -0.0178  -0.0189  -0.0168   0.0169
        8|  -0.0126   0.0125   0.0144   0.0138   0.0127   0.0114  0.00979  0.00798  0.00601  0.00392  0.00174 -0.00051 -0.00279 -0.00508 -0.00733 -0.00951  -0.0115  -0.0133  -0.0147  -0.0156  -0.0137   0.0138
        7|  -0.0104   0.0103   0.0118   0.0114   0.0105  0.00943  0.00811  0.00662  0.00497  0.00323   0.0014-0.000483 -0.00239 -0.00429 -0.00615 -0.00791 -0.00953  -0.0109   -0.012  -0.0127  -0.0111   0.0112
        6| -0.00843  0.00838  0.00963  0.00925  0.00857  0.00768  0.00662  0.00539  0.00405  0.00261  0.00111 -0.00044   -0.002 -0.00356 -0.00505 -0.00648 -0.00776 -0.00886 -0.00973  -0.0102 -0.00896  0.00899
        5|  -0.0067  0.00666  0.00765  0.00736  0.00682  0.00612  0.00526   0.0043  0.00322  0.00207 0.000862-0.000373 -0.00163 -0.00286 -0.00405 -0.00516 -0.00617 -0.00702 -0.00769 -0.00807 -0.00706  0.00709
        4| -0.00513   0.0051  0.00587  0.00564  0.00523  0.00469  0.00404  0.00329  0.00247  0.00158 0.000655-0.000306 -0.00126 -0.00221 -0.00312 -0.00397 -0.00473 -0.00537 -0.00587 -0.00615 -0.00537  0.00539
        3| -0.00369  0.00367  0.00422  0.00406  0.00377  0.00338  0.00291  0.00238  0.00178  0.00114 0.000463-0.000223-0.000922  -0.0016 -0.00226 -0.00286 -0.00341 -0.00386 -0.00422 -0.00441 -0.00385  0.00387
        2| -0.00234  0.00233  0.00269  0.00258   0.0024  0.00215  0.00186  0.00151  0.00114 0.000722 0.000298-0.000147-0.000585 -0.00102 -0.00143 -0.00182 -0.00216 -0.00245 -0.00267  -0.0028 -0.00243  0.00244
        1| -0.00106  0.00106  0.00122  0.00118  0.00109 0.000986 0.000847 0.000696 0.000518 0.000336 0.000136 -6.1e-05-0.000268-0.000462-0.000657-0.000828 -0.00099 -0.00112 -0.00122 -0.00127 -0.00111  0.00111
        0|        0        0        0        0        0        0        0        0        0        0        0        0        0        0        0        0        0        0        0        0        0        0

rhs (22x12): 
         |        0        1        2        3        4        5        6        7        8        9       10       11       12       13       14       15       16       17       18       19       20       21
-------------------------------------------------------------------------------------------------------------------------------------------------------------------------------------------------------------------------
       11|        0        0        0        0        0        0        0        0        0        0        0        0        0        0        0        0        0        0        0        0        0        0
       10|        0  -0.0045   0.0104  0.00166  0.00606 -0.00345   0.0012  -0.0073  -0.0011  -0.0077 0.000638  -0.0037  0.00748  0.00686    0.022   0.0253   0.0439   0.0494   0.0679   0.0691   0.0725        0
        9|        0 -0.00205 -0.00418  0.00269 -0.00415  0.00288 -0.00394  0.00307 -0.00378  0.00318 -0.00373  0.00311 -0.00392   0.0029 -0.00417  0.00256 -0.00457  0.00213 -0.00496  0.00215  0.00362        0
        8|        0 -0.00631  0.00315 -0.00382  0.00318 -0.00367  0.00334 -0.00351  0.00348 -0.00341  0.00353 -0.00347  0.00338 -0.00363  0.00319 -0.00388   0.0029 -0.00418  0.00262 -0.00419  0.00832        0
        7|        0 -0.00035 -0.00352  0.00341 -0.00347  0.00353 -0.00332  0.00368  -0.0032  0.00377 -0.00315  0.00374 -0.00326  0.00361 -0.00341  0.00341 -0.00363  0.00318 -0.00385  0.00317  0.00268        0
        6|        0 -0.00497  0.00362 -0.00333  0.00367  -0.0032   0.0038 -0.00306  0.00392 -0.00297  0.00398   -0.003   0.0039 -0.00309  0.00377 -0.00326  0.00358 -0.00346   0.0034 -0.00349  0.00754        0
        5|        0 0.000694  -0.0032  0.00376 -0.00313  0.00388 -0.00299  0.00401 -0.00287  0.00411 -0.00282   0.0041 -0.00288  0.00401 -0.00299  0.00386 -0.00317  0.00369 -0.00332  0.00365  0.00203        0
        4|        0 -0.00419  0.00385 -0.00308  0.00392 -0.00296  0.00405 -0.00283  0.00417 -0.00274  0.00423 -0.00274  0.00418 -0.00281  0.00407 -0.00295  0.00391 -0.00311  0.00377 -0.00318  0.00702        0
        3|        0  0.00127 -0.00304  0.00393 -0.00296  0.00405 -0.00283  0.00418 -0.00271  0.00427 -0.00265  0.00428 -0.00269  0.00421 -0.00279  0.00408 -0.00295  0.00392 -0.00309  0.00387  0.00164        0
        2|        0 -0.00376  0.00398 -0.00296  0.00404 -0.00286  0.00415 -0.00274  0.00425 -0.00266  0.00431 -0.00264  0.00429  -0.0027  0.00419 -0.00283  0.00406 -0.00297  0.00393 -0.00303  0.00675        0
        1|        0  0.00415  0.00134  0.00649  0.00113  0.00617 0.000719  0.00566 0.000135    0.005-0.000592  0.00421 -0.00143  0.00335 -0.00229  0.00252 -0.00308  0.00182 -0.00365  0.00146 0.000632        0
        0|        0        0        0        0        0        0        0        0        0        0        0        0        0        0        0        0        0        0        0        0        0        0

