t: 1.90777
nCells: 20x10, dx: 0.1, dy: 0.1

u (22x12): 
         |        0        1        2        3        4        5        6        7        8        9       10       11       12       13       14       15       16       17       18       19       20
-------------------------------------------------------------------------------------------------------------------------------------------------------------------------------------------------------------------------
       11|        0     1.91     1.85     1.82      1.8     1.78     1.77     1.76     1.75     1.75     1.75     1.74     1.74     1.74     1.74     1.74     1.75     1.76     1.79     1.86        0
       10|        0   0.0903    0.146    0.182    0.206    0.223    0.234    0.243    0.249    0.253    0.256    0.258     0.26    0.261    0.261    0.259    0.255    0.244    0.216    0.145        0
        9|        0  -0.0341  -0.0365  -0.0322   -0.027  -0.0225  -0.0188   -0.016  -0.0139  -0.0123  -0.0114  -0.0108  -0.0107   -0.011  -0.0115  -0.0124  -0.0133   -0.014  -0.0144  -0.0133        0
        8|        0  -0.0158  -0.0273  -0.0328   -0.035  -0.0356  -0.0355  -0.0351  -0.0347  -0.0345  -0.0345  -0.0348  -0.0354  -0.0367  -0.0386  -0.0417  -0.0464  -0.0522  -0.0555   -0.044        0
        7|        0  -0.0102  -0.0195  -0.0256  -0.0293  -0.0314  -0.0326  -0.0332  -0.0336  -0.0339  -0.0343  -0.0348  -0.0355  -0.0366  -0.0381  -0.0402  -0.0429  -0.0453  -0.0444  -0.0325        0
        6|        0 -0.00736  -0.0148  -0.0205  -0.0245  -0.0273  -0.0292  -0.0305  -0.0313   -0.032  -0.0326  -0.0331  -0.0336  -0.0343  -0.0349  -0.0356  -0.0358  -0.0347  -0.0302   -0.019        0
        5|        0 -0.00572  -0.0119   -0.017  -0.0211  -0.0241  -0.0264   -0.028  -0.0292  -0.0301  -0.0308  -0.0313  -0.0316  -0.0318  -0.0317  -0.0311  -0.0298  -0.0268  -0.0211  -0.0117        0
        4|        0 -0.00475    -0.01  -0.0147  -0.0185  -0.0217  -0.0241   -0.026  -0.0274  -0.0285  -0.0292  -0.0296  -0.0297  -0.0295  -0.0289  -0.0276  -0.0253  -0.0216  -0.0159 -0.00812        0
        3|        0 -0.00416 -0.00882  -0.0131  -0.0168  -0.0199  -0.0225  -0.0245   -0.026  -0.0271  -0.0279  -0.0283  -0.0282  -0.0277  -0.0267  -0.0249  -0.0222  -0.0183  -0.0129 -0.00634        0
        2|        0 -0.00388 -0.00812  -0.0121  -0.0157  -0.0188  -0.0214  -0.0235  -0.0251  -0.0262   -0.027  -0.0273  -0.0271  -0.0265  -0.0252  -0.0232  -0.0203  -0.0163  -0.0113 -0.00542        0
        1|        0 -0.00393 -0.00877  -0.0131  -0.0169    -0.02  -0.0225  -0.0243  -0.0256  -0.0263  -0.0265  -0.0263  -0.0256  -0.0245  -0.0228  -0.0205  -0.0175  -0.0138 -0.00933 -0.00437        0
        0|        0 -0.00299 -0.00665  -0.0101  -0.0132   -0.016  -0.0183  -0.0201  -0.0216  -0.0226  -0.0231  -0.0233  -0.0229   -0.022  -0.0206  -0.0185  -0.0158  -0.0124 -0.00847  -0.0042        0

v (22x12): 
         |        0        1        2        3        4        5        6        7        8        9       10       11       12       13       14       15       16       17       18       19       20       21
-------------------------------------------------------------------------------------------------------------------------------------------------------------------------------------------------------------------------
       10|        0        0        0        0        0        0        0        0        0        0        0        0        0        0        0        0        0        0        0        0        0        0
        9|  -0.0901   0.0903   0.0559   0.0357    0.024   0.0167   0.0118   0.0084  0.00602  0.00434  0.00312  0.00222  0.00148 0.000751-0.000144 -0.00141  -0.0041  -0.0108  -0.0282  -0.0709   -0.145    0.143
        8|  -0.0561   0.0561   0.0535     0.04   0.0292   0.0212   0.0154   0.0112  0.00816  0.00586  0.00411  0.00274  0.00159 0.000495-0.000677 -0.00226 -0.00503  -0.0115  -0.0287  -0.0698   -0.132     0.13
        7|  -0.0402   0.0403   0.0421   0.0345   0.0269   0.0206   0.0155   0.0116  0.00851  0.00609  0.00412  0.00246 0.000904-0.000707 -0.00266 -0.00537 -0.00967  -0.0173   -0.032  -0.0583  -0.0878   0.0861
        6|  -0.0299   0.0301   0.0328   0.0284   0.0233   0.0185   0.0144   0.0109  0.00812  0.00577  0.00377  0.00196 0.000187 -0.00178 -0.00419  -0.0075  -0.0123  -0.0198  -0.0311  -0.0464  -0.0554   0.0543
        5|  -0.0226   0.0227   0.0254   0.0227   0.0192   0.0157   0.0125  0.00967  0.00722   0.0051  0.00321  0.00144-0.000371 -0.00239 -0.00488 -0.00814  -0.0126  -0.0187  -0.0266  -0.0352  -0.0364   0.0358
        4|  -0.0169    0.017   0.0192   0.0175   0.0152   0.0127   0.0102    0.008    0.006   0.0042  0.00255  0.00095-0.000701 -0.00257 -0.00479 -0.00761  -0.0112  -0.0157  -0.0209  -0.0257  -0.0247   0.0244
        3|  -0.0121   0.0122   0.0139   0.0129   0.0113  0.00955  0.00778  0.00612  0.00457  0.00316  0.00182 0.000526 -0.00084 -0.00235 -0.00414  -0.0063 -0.00892   -0.012  -0.0152  -0.0179  -0.0166   0.0164
        2| -0.00799  0.00804   0.0093  0.00862  0.00759  0.00642  0.00524  0.00409  0.00302  0.00202  0.00108  0.00015-0.000811 -0.00188 -0.00309 -0.00453 -0.00619 -0.00805 -0.00991  -0.0113  -0.0103   0.0102
        1| -0.00414  0.00416  0.00504   0.0046  0.00399  0.00333  0.00266  0.00202  0.00142 0.000869 0.000342-0.000157-0.000676 -0.00122 -0.00183 -0.00251 -0.00329  -0.0041  -0.0049 -0.00546  -0.0049  0.00485
        0|  -0.0188   0.0189   0.0223   0.0213   0.0197   0.0175   0.0151   0.0123  0.00939   0.0063   0.0031-0.000219 -0.00363 -0.00713  -0.0107  -0.0142  -0.0177  -0.0208  -0.0234   -0.025  -0.0225   0.0222

p (22x12): 
         |        0        1        2        3        4        5        6        7        8        9       10       11       12       13       14       15       16       17       18       19       20       21
-------------------------------------------------------------------------------------------------------------------------------------------------------------------------------------------------------------------------
       11|    -5.52    -5.52    -5.51    -5.51    -5.51    -5.51    -5.51    -5.51    -5.51     -5.5     -5.5     -5.5     -5.5     -5.5     -5.5    -5.49    -5.49    -5.49    -5.48    -5.47    -5.44    -5.44
       10|    -5.52    -5.52    -5.51    -5.51    -5.51    -5.51    -5.51    -5.51    -5.51     -5.5     -5.5     -5.5     -5.5     -5.5     -5.5    -5.49    -5.49    -5.49    -5.48    -5.47    -5.44    -5.44
        9|    -5.51    -5.51    -5.51    -5.51    -5.51    -5.51    -5.51    -5.51    -5.51     -5.5     -5.5     -5.5     -5.5     -5.5     -5.5    -5.49    -5.49    -5.49    -5.49    -5.48    -5.47    -5.47
        8|    -5.51    -5.51    -5.51    -5.51    -5.51    -5.51    -5.51    -5.51     -5.5     -5.5     -5.5     -5.5     -5.5     -5.5     -5.5    -5.49    -5.49    -5.49    -5.49    -5.48    -5.48    -5.48
        7|    -5.51    -5.51    -5.51    -5.51    -5.51    -5.51    -5.51     -5.5     -5.5     -5.5     -5.5     -5.5     -5.5     -5.5    -5.49    -5.49    -5.49    -5.49    -5.49    -5.48    -5.48    -5.48
        6|    -5.51    -5.51    -5.51    -5.51    -5.51    -5.51     -5.5     -5.5     -5.5     -5.5     -5.5     -5.5     -5.5     -5.5    -5.49    -5.49    -5.49    -5.49    -5.49    -5.48    -5.48    -5.48
        5|    -5.51    -5.51    -5.51    -5.51    -5.51     -5.5     -5.5     -5.5     -5.5     -5.5     -5.5     -5.5     -5.5     -5.5    -5.49    -5.49    -5.49    -5.49    -5.49    -5.49    -5.49    -5.49
        4|    -5.51    -5.51    -5.51    -5.51     -5.5     -5.5     -5.5     -5.5     -5.5     -5.5     -5.5     -5.5     -5.5     -5.5    -5.49    -5.49    -5.49    -5.49    -5.49    -5.49    -5.49    -5.49
        3|     -5.5     -5.5     -5.5     -5.5     -5.5     -5.5     -5.5     -5.5     -5.5     -5.5     -5.5     -5.5     -5.5     -5.5    -5.49    -5.49    -5.49    -5.49    -5.49    -5.49    -5.49    -5.49
        2|     -5.5     -5.5     -5.5     -5.5     -5.5     -5.5     -5.5     -5.5     -5.5     -5.5     -5.5     -5.5     -5.5     -5.5    -5.49    -5.49    -5.49    -5.49    -5.49    -5.49    -5.49    -5.49
        1|     -5.5     -5.5     -5.5     -5.5     -5.5     -5.5     -5.5     -5.5     -5.5     -5.5     -5.5     -5.5     -5.5     -5.5    -5.49    -5.49    -5.49    -5.49    -5.49    -5.49    -5.49    -5.49
        0|     -5.5     -5.5     -5.5     -5.5     -5.5     -5.5     -5.5     -5.5     -5.5     -5.5     -5.5     -5.5     -5.5     -5.5    -5.49    -5.49    -5.49    -5.49    -5.49    -5.49    -5.49    -5.49

F (22x12): 
         |        0        1        2        3        4        5        6        7        8        9       10       11       12       13       14       15       16       17       18       19       20
-------------------------------------------------------------------------------------------------------------------------------------------------------------------------------------------------------------------------
       11|        0     1.91     1.85     1.82      1.8     1.78     1.77     1.76     1.75     1.75     1.75     1.74     1.74     1.74     1.74     1.74     1.75     1.76     1.79     1.86        0
       10|        0   0.0915    0.146    0.182    0.206    0.223    0.235    0.243    0.249    0.254    0.257    0.259     0.26    0.261    0.261     0.26    0.256    0.246     0.22    0.152        0
        9|        0   -0.034  -0.0364  -0.0319  -0.0267  -0.0221  -0.0185  -0.0156  -0.0135  -0.0119  -0.0109  -0.0104  -0.0103  -0.0106  -0.0111  -0.0119  -0.0128   -0.013  -0.0124    -0.01        0
        8|        0  -0.0158  -0.0272  -0.0326  -0.0348  -0.0353  -0.0351  -0.0347  -0.0344  -0.0341  -0.0341  -0.0344   -0.035  -0.0362  -0.0382  -0.0412  -0.0458  -0.0513  -0.0541  -0.0425        0
        7|        0  -0.0102  -0.0194  -0.0255  -0.0291  -0.0312  -0.0323  -0.0329  -0.0333  -0.0336  -0.0339  -0.0344  -0.0351  -0.0361  -0.0376  -0.0397  -0.0423  -0.0446  -0.0435  -0.0318        0
        6|        0 -0.00735  -0.0147  -0.0204  -0.0244  -0.0271  -0.0289  -0.0302   -0.031  -0.0317  -0.0322  -0.0327  -0.0332  -0.0338  -0.0345  -0.0351  -0.0353  -0.0341  -0.0296  -0.0186        0
        5|        0 -0.00571  -0.0118  -0.0169  -0.0209  -0.0239  -0.0261  -0.0278  -0.0289  -0.0298  -0.0305  -0.0309  -0.0312  -0.0314  -0.0313  -0.0307  -0.0293  -0.0263  -0.0207  -0.0115        0
        4|        0 -0.00474 -0.00996  -0.0146  -0.0184  -0.0215  -0.0239  -0.0258  -0.0272  -0.0282  -0.0289  -0.0293  -0.0294  -0.0292  -0.0285  -0.0272  -0.0249  -0.0212  -0.0156 -0.00799        0
        3|        0 -0.00414 -0.00877   -0.013  -0.0167  -0.0198  -0.0223  -0.0242  -0.0258  -0.0269  -0.0276  -0.0279  -0.0279  -0.0274  -0.0263  -0.0246  -0.0219   -0.018  -0.0127 -0.00624        0
        2|        0 -0.00386 -0.00808  -0.0121  -0.0156  -0.0187  -0.0212  -0.0233  -0.0248   -0.026  -0.0267   -0.027  -0.0268  -0.0261  -0.0248  -0.0229    -0.02  -0.0161  -0.0111 -0.00534        0
        1|        0 -0.00393 -0.00872  -0.0131  -0.0168  -0.0199  -0.0223  -0.0241  -0.0253   -0.026  -0.0262   -0.026  -0.0253  -0.0241  -0.0224  -0.0201  -0.0172  -0.0135 -0.00916  -0.0043        0
        0|        0        0        0        0        0        0        0        0        0        0        0        0        0        0        0        0        0        0        0        0        0

G (22x12): 
         |        0        1        2        3        4        5        6        7        8        9       10       11       12       13       14       15       16       17       18       19       20       21
-------------------------------------------------------------------------------------------------------------------------------------------------------------------------------------------------------------------------
       10|        0        0        0        0        0        0        0        0        0        0        0        0        0        0        0        0        0        0        0        0        0        0
        9|  -0.0901   0.0891   0.0558   0.0356   0.0239   0.0165   0.0116  0.00827  0.00591  0.00425  0.00304  0.00216  0.00142 0.000691-0.000188 -0.00142 -0.00403  -0.0105  -0.0272  -0.0683   -0.139    0.143
        8|  -0.0561   0.0555   0.0529   0.0395   0.0287   0.0208   0.0151    0.011  0.00794  0.00568  0.00397  0.00261  0.00147 0.000381-0.000808 -0.00243 -0.00526  -0.0118  -0.0289  -0.0693   -0.129     0.13
        7|  -0.0402   0.0399   0.0416   0.0341   0.0266   0.0203   0.0152   0.0113   0.0083  0.00591  0.00397  0.00233 0.000791-0.000817 -0.00278  -0.0055 -0.00983  -0.0175   -0.032  -0.0579  -0.0867   0.0861
        6|  -0.0299   0.0297   0.0325   0.0281    0.023   0.0182   0.0141   0.0107  0.00793  0.00561  0.00364  0.00185 9.08e-05 -0.00186 -0.00427 -0.00756  -0.0124  -0.0197  -0.0309  -0.0459  -0.0546   0.0543
        5|  -0.0226   0.0224   0.0251   0.0224    0.019   0.0155   0.0123  0.00949  0.00707  0.00498   0.0031  0.00135-0.000446 -0.00245 -0.00493 -0.00815  -0.0126  -0.0185  -0.0263  -0.0347  -0.0358   0.0358
        4|  -0.0169   0.0168    0.019   0.0173    0.015   0.0125   0.0101  0.00787  0.00588   0.0041  0.00247 0.000882-0.000754  -0.0026 -0.00481  -0.0076  -0.0111  -0.0156  -0.0207  -0.0254  -0.0243   0.0244
        3|  -0.0121   0.0121   0.0138   0.0127   0.0112  0.00942  0.00767  0.00602  0.00449  0.00309  0.00177 0.000481-0.000872 -0.00237 -0.00414 -0.00627 -0.00886  -0.0119  -0.0151  -0.0177  -0.0164   0.0164
        2| -0.00799  0.00794   0.0092  0.00852   0.0075  0.00634  0.00517  0.00403  0.00297  0.00198  0.00105 0.000126-0.000825 -0.00188 -0.00308 -0.00451 -0.00615 -0.00798  -0.0098  -0.0112  -0.0101   0.0102
        1| -0.00414  0.00421   0.0051  0.00466  0.00404  0.00337  0.00269  0.00204  0.00143 0.000876 0.000344 -0.00016-0.000682 -0.00123 -0.00184 -0.00252 -0.00329 -0.00409 -0.00488 -0.00543 -0.00486  0.00485
        0|  -0.0188        0        0        0        0        0        0        0        0        0        0        0        0        0        0        0        0        0        0        0        0   0.0222

rhs (22x12): 
         |        0        1        2        3        4        5        6        7        8        9       10       11       12       13       14       15       16       17       18       19       20       21
-------------------------------------------------------------------------------------------------------------------------------------------------------------------------------------------------------------------------
       11|        0        0        0        0        0        0        0        0        0        0        0        0        0        0        0        0        0        0        0        0        0        0
       10|        0    0.915   -0.345    0.035      0.1    0.092   0.0827   0.0605    0.052   0.0348   0.0321   0.0212   0.0261   0.0244   0.0287   0.0366   0.0899    0.195    0.367   0.0712    -4.69        0
        9|        0   -0.172    0.211    0.208    0.149    0.117   0.0798   0.0662   0.0422   0.0386   0.0222   0.0249   0.0149   0.0242   0.0318   0.0721    0.154    0.396    0.892     1.26   0.0702        0
        8|        0  -0.0925   -0.027  -0.0192  0.00122 -0.00162  0.00814 0.000431  0.00823-0.000222  0.00742-0.000945  0.00692-0.000885  0.00886  0.00292   0.0195   0.0443    0.132    0.102  -0.0606        0
        7|        0  -0.0372  -0.0217 -0.00894  -0.0117-0.000193 -0.00608  0.00322 -0.00409  0.00436 -0.00348  0.00462 -0.00343  0.00442 -0.00432  0.00203  -0.0102  -0.0128   -0.049   -0.104   -0.147        0
        6|        0   -0.027 -0.00598   -0.012 -0.00128 -0.00721  0.00227 -0.00482  0.00382 -0.00388  0.00435 -0.00366  0.00435 -0.00408  0.00319 -0.00657 -0.00248  -0.0193  -0.0287  -0.0559  -0.0434        0
        5|        0  -0.0134  -0.0102 -0.00117 -0.00764  0.00176 -0.00527   0.0035 -0.00408  0.00427 -0.00363  0.00446 -0.00368  0.00406 -0.00461  0.00214 -0.00849 -0.00534  -0.0211   -0.019 -0.00788        0
        4|        0  -0.0154-0.000149 -0.00762  0.00146 -0.00565  0.00318  -0.0043  0.00416 -0.00363  0.00457 -0.00343  0.00452 -0.00376  0.00381 -0.00518  0.00114 -0.00977  -0.0057  -0.0164  0.00801        0
        3|        0  -0.0071 -0.00709   0.0014 -0.00594  0.00286 -0.00457  0.00399 -0.00372  0.00459 -0.00332  0.00481 -0.00335  0.00455  -0.0039  0.00343 -0.00588 0.000245  -0.0103 -0.00378    0.004        0
        2|        0  -0.0479  -0.0441  -0.0486  -0.0347   -0.036  -0.0211  -0.0225 -0.00833   -0.011  0.00159 -0.00282   0.0082   0.0026   0.0124   0.0053   0.0132  0.00394  0.00996 0.000379   0.0208        0
        1|        0    0.107    0.116    0.123    0.113    0.116      0.1   0.0979   0.0772     0.07   0.0445   0.0327  0.00158  -0.0178   -0.057  -0.0841    -0.13    -0.16   -0.202   -0.218   -0.215        0
        0|        0        0        0        0        0        0        0        0        0        0        0        0        0        0        0        0        0        0        0        0        0        0

