t: 0.505564
nCells: 20x10, dx: 0.1, dy: 0.1

u (22x12): 
         |        0        1        2        3        4        5        6        7        8        9       10       11       12       13       14       15       16       17       18       19       20
-------------------------------------------------------------------------------------------------------------------------------------------------------------------------------------------------------------------------
       11|        0     1.96     1.94     1.93     1.93     1.92     1.92     1.92     1.92     1.92     1.92     1.92     1.92     1.92     1.92     1.92     1.93     1.93     1.94     1.96        0
       10|        0   0.0438   0.0629   0.0719   0.0767   0.0794   0.0811   0.0822   0.0828   0.0832   0.0834   0.0833   0.0831   0.0826   0.0817   0.0803   0.0779   0.0736    0.065   0.0458        0
        9|        0  -0.0173   -0.018  -0.0156  -0.0134  -0.0117  -0.0105 -0.00973 -0.00923 -0.00894 -0.00884  -0.0089 -0.00914  -0.0096  -0.0103  -0.0114   -0.013  -0.0152  -0.0175  -0.0167        0
        8|        0 -0.00888  -0.0125  -0.0132  -0.0129  -0.0123  -0.0117  -0.0112  -0.0109  -0.0108  -0.0107  -0.0108  -0.0109  -0.0113  -0.0118  -0.0124  -0.0132  -0.0138  -0.0136  -0.0102        0
        7|        0 -0.00511 -0.00843    -0.01  -0.0106  -0.0107  -0.0106  -0.0105  -0.0103  -0.0103  -0.0102  -0.0103  -0.0104  -0.0105  -0.0107  -0.0109  -0.0109  -0.0105 -0.00906  -0.0057        0
        6|        0 -0.00336 -0.00604 -0.00776 -0.00874 -0.00925  -0.0095 -0.00961 -0.00966 -0.00967 -0.00968  -0.0097  -0.0097 -0.00969 -0.00963 -0.00944   -0.009 -0.00809  -0.0064 -0.00363        0
        5|        0 -0.00245 -0.00462 -0.00624 -0.00736 -0.00809 -0.00855 -0.00884 -0.00901  -0.0091 -0.00914 -0.00912 -0.00906 -0.00892 -0.00867 -0.00825 -0.00756 -0.00647 -0.00484 -0.00259        0
        4|        0 -0.00194 -0.00375 -0.00524 -0.00637  -0.0072 -0.00778 -0.00818 -0.00843 -0.00858 -0.00863  -0.0086 -0.00848 -0.00825 -0.00788 -0.00733 -0.00652 -0.00539 -0.00389 -0.00202        0
        3|        0 -0.00163 -0.00321 -0.00457 -0.00569 -0.00655  -0.0072 -0.00766 -0.00797 -0.00815 -0.00822 -0.00817 -0.00802 -0.00773 -0.00729 -0.00666 -0.00581 -0.00469 -0.00331 -0.00168        0
        2|        0 -0.00145 -0.00289 -0.00417 -0.00525 -0.00612  -0.0068  -0.0073 -0.00764 -0.00784 -0.00791 -0.00786 -0.00768 -0.00736 -0.00688 -0.00622 -0.00535 -0.00426 -0.00296 -0.00149        0
        1|        0 -0.00137 -0.00275 -0.00399 -0.00506 -0.00593 -0.00661 -0.00712 -0.00746 -0.00766 -0.00773 -0.00766 -0.00746 -0.00712 -0.00662 -0.00594 -0.00507 -0.00401 -0.00276 -0.00138        0
        0|        0 -0.00114 -0.00229 -0.00335 -0.00427 -0.00505 -0.00568 -0.00616  -0.0065  -0.0067 -0.00677 -0.00671 -0.00652  -0.0062 -0.00573 -0.00511 -0.00433  -0.0034 -0.00233 -0.00116        0

v (22x12): 
         |        0        1        2        3        4        5        6        7        8        9       10       11       12       13       14       15       16       17       18       19       20       21
-------------------------------------------------------------------------------------------------------------------------------------------------------------------------------------------------------------------------
       10|        0        0        0        0        0        0        0        0        0        0        0        0        0        0        0        0        0        0        0        0        0        0
        9|   -0.042   0.0438   0.0191  0.00898  0.00476  0.00276  0.00169  0.00107 0.000664 0.000381 0.000158-4.74e-05 -0.00026-0.000515-0.000872 -0.00143  -0.0024 -0.00431 -0.00855  -0.0192  -0.0458   0.0437
        8|  -0.0254   0.0266   0.0184   0.0113    0.007  0.00443  0.00286  0.00185  0.00117 0.000667 0.000261 -0.00011-0.000501-0.000973 -0.00161 -0.00254 -0.00401 -0.00647  -0.0108  -0.0184  -0.0291   0.0276
        7|  -0.0169   0.0177   0.0147   0.0106  0.00737  0.00505  0.00343   0.0023  0.00148 0.000847 0.000319-0.000173-0.000691  -0.0013 -0.00209 -0.00319 -0.00478 -0.00712  -0.0105  -0.0151  -0.0189   0.0179
        6|   -0.012   0.0126   0.0114  0.00905   0.0068  0.00495  0.00352  0.00244   0.0016 0.000922  0.00034-0.000211-0.000787 -0.00145 -0.00228 -0.00336  -0.0048 -0.00671  -0.0091  -0.0117  -0.0132   0.0125
        5|  -0.0088  0.00921  0.00875  0.00733  0.00581  0.00444  0.00328  0.00233  0.00155 0.000904 0.000328-0.000221-0.000795 -0.00144 -0.00222 -0.00317 -0.00436  -0.0058 -0.00742 -0.00897 -0.00955   0.0091
        4| -0.00646  0.00676  0.00657  0.00571   0.0047  0.00371  0.00281  0.00204  0.00138 0.000811 0.000292 -0.00021-0.000729  -0.0013 -0.00197 -0.00275 -0.00367 -0.00471 -0.00579 -0.00673 -0.00696  0.00664
        3| -0.00461  0.00482  0.00476  0.00422  0.00356  0.00288  0.00223  0.00165  0.00113 0.000666 0.000237-0.000179-0.000608 -0.00107  -0.0016 -0.00219 -0.00286 -0.00358 -0.00428 -0.00486 -0.00495  0.00472
        2| -0.00306  0.00319  0.00318  0.00286  0.00245  0.00201  0.00158  0.00118 0.000819 0.000484 0.000171-0.000136 -0.00045-0.000787 -0.00116 -0.00157 -0.00201 -0.00247  -0.0029 -0.00324 -0.00326  0.00312
        1| -0.00167  0.00174  0.00174  0.00158  0.00137  0.00114 0.000908 0.000686 0.000477 0.000283 9.75e-05-8.44e-05-0.000271-0.000467-0.000678-0.000904 -0.00114 -0.00138  -0.0016 -0.00177 -0.00177   0.0017
        0| -0.00647   0.0068   0.0069  0.00646  0.00584  0.00509  0.00425  0.00335  0.00242  0.00147  0.00051 -0.00045 -0.00141 -0.00237 -0.00331 -0.00423 -0.00509 -0.00586  -0.0065 -0.00695 -0.00687  0.00653

p (22x12): 
         |        0        1        2        3        4        5        6        7        8        9       10       11       12       13       14       15       16       17       18       19       20       21
-------------------------------------------------------------------------------------------------------------------------------------------------------------------------------------------------------------------------
       11|   -0.124   -0.124   -0.116    -0.11   -0.106   -0.103  -0.0999  -0.0973  -0.0949  -0.0927  -0.0905  -0.0883  -0.0861  -0.0838  -0.0815   -0.079  -0.0761  -0.0727  -0.0682  -0.0615  -0.0501  -0.0501
       10|   -0.124   -0.124   -0.116    -0.11   -0.106   -0.103  -0.0999  -0.0973  -0.0949  -0.0927  -0.0905  -0.0883  -0.0861  -0.0838  -0.0815   -0.079  -0.0761  -0.0727  -0.0682  -0.0615  -0.0501  -0.0501
        9|   -0.115   -0.115   -0.112   -0.108   -0.105   -0.102  -0.0996  -0.0971  -0.0948  -0.0926  -0.0904  -0.0883  -0.0861  -0.0839  -0.0816  -0.0792  -0.0765  -0.0735    -0.07  -0.0657   -0.061   -0.061
        8|    -0.11    -0.11   -0.108   -0.106   -0.104   -0.101  -0.0989  -0.0967  -0.0945  -0.0924  -0.0903  -0.0883  -0.0862  -0.0841  -0.0819  -0.0796  -0.0772  -0.0746  -0.0719  -0.0691   -0.067   -0.067
        7|   -0.106   -0.106   -0.106   -0.104   -0.102     -0.1  -0.0982  -0.0962  -0.0942  -0.0922  -0.0902  -0.0883  -0.0863  -0.0843  -0.0822  -0.0802   -0.078  -0.0759  -0.0738   -0.072  -0.0708  -0.0708
        6|   -0.104   -0.104   -0.103   -0.102   -0.101  -0.0993  -0.0975  -0.0957  -0.0939   -0.092  -0.0902  -0.0883  -0.0864  -0.0845  -0.0826  -0.0807  -0.0789  -0.0771  -0.0755  -0.0742  -0.0735  -0.0735
        5|   -0.102   -0.102   -0.102   -0.101  -0.0998  -0.0984  -0.0969  -0.0953  -0.0936  -0.0918  -0.0901  -0.0883  -0.0865  -0.0847   -0.083  -0.0813  -0.0797  -0.0782  -0.0769  -0.0759  -0.0754  -0.0754
        4|   -0.101   -0.101   -0.101  -0.0999  -0.0989  -0.0977  -0.0964  -0.0949  -0.0933  -0.0917    -0.09  -0.0883  -0.0866   -0.085  -0.0833  -0.0818  -0.0803   -0.079   -0.078  -0.0772  -0.0768  -0.0768
        3|     -0.1     -0.1  -0.0997  -0.0991  -0.0983  -0.0972   -0.096  -0.0946  -0.0931  -0.0915  -0.0899  -0.0883  -0.0867  -0.0851  -0.0836  -0.0822  -0.0808  -0.0797  -0.0788  -0.0781  -0.0778  -0.0778
        2|  -0.0995  -0.0995  -0.0992  -0.0986  -0.0979  -0.0969  -0.0957  -0.0944  -0.0929  -0.0914  -0.0899  -0.0883  -0.0868  -0.0853  -0.0838  -0.0824  -0.0812  -0.0801  -0.0793  -0.0787  -0.0784  -0.0784
        1|  -0.0992  -0.0992   -0.099  -0.0985  -0.0977  -0.0967  -0.0956  -0.0943  -0.0929  -0.0914  -0.0899  -0.0883  -0.0868  -0.0853  -0.0839  -0.0825  -0.0813  -0.0803  -0.0795  -0.0789  -0.0786  -0.0786
        0|  -0.0978  -0.0978  -0.0976  -0.0972  -0.0965  -0.0957  -0.0947  -0.0936  -0.0924  -0.0911  -0.0898  -0.0884  -0.0871  -0.0858  -0.0846  -0.0834  -0.0824  -0.0815  -0.0809  -0.0804  -0.0802  -0.0802

F (22x12): 
         |        0        1        2        3        4        5        6        7        8        9       10       11       12       13       14       15       16       17       18       19       20
-------------------------------------------------------------------------------------------------------------------------------------------------------------------------------------------------------------------------
       11|        0     1.96     1.94     1.93     1.93     1.92     1.92     1.92     1.92     1.92     1.92     1.92     1.92     1.92     1.92     1.92     1.93     1.93     1.94     1.96        0
       10|        0   0.0461   0.0643   0.0729   0.0775   0.0802   0.0818   0.0828   0.0834   0.0838   0.0839   0.0839   0.0837   0.0832   0.0823    0.081   0.0787   0.0747   0.0667   0.0487        0
        9|        0  -0.0165   -0.017  -0.0148  -0.0126   -0.011  -0.0099 -0.00914 -0.00866 -0.00839 -0.00829 -0.00835 -0.00858 -0.00902 -0.00971  -0.0108  -0.0123  -0.0143  -0.0164  -0.0155        0
        8|        0 -0.00849   -0.012  -0.0126  -0.0123  -0.0117  -0.0111  -0.0107  -0.0104  -0.0102  -0.0102  -0.0102  -0.0104  -0.0107  -0.0112  -0.0118  -0.0125  -0.0131  -0.0128 -0.00967        0
        7|        0 -0.00489 -0.00805 -0.00954  -0.0101  -0.0102  -0.0101 -0.00994 -0.00982 -0.00975 -0.00973 -0.00976 -0.00986    -0.01  -0.0102  -0.0103  -0.0104 -0.00995 -0.00859  -0.0054        0
        6|        0 -0.00321 -0.00576 -0.00739 -0.00832 -0.00881 -0.00904 -0.00914 -0.00918  -0.0092 -0.00921 -0.00922 -0.00922 -0.00921 -0.00915 -0.00896 -0.00854 -0.00768 -0.00608 -0.00345        0
        5|        0 -0.00234 -0.00441 -0.00595 -0.00701  -0.0077 -0.00814  -0.0084 -0.00856 -0.00865 -0.00868 -0.00867 -0.00861 -0.00847 -0.00823 -0.00783 -0.00718 -0.00614 -0.00459 -0.00246        0
        4|        0 -0.00185 -0.00357 -0.00499 -0.00606 -0.00685  -0.0074 -0.00778 -0.00802 -0.00815  -0.0082 -0.00817 -0.00806 -0.00784 -0.00749 -0.00696 -0.00619 -0.00512 -0.00369 -0.00192        0
        3|        0 -0.00156 -0.00306 -0.00436 -0.00541 -0.00623 -0.00684 -0.00728 -0.00757 -0.00774 -0.00781 -0.00776 -0.00761 -0.00734 -0.00692 -0.00632 -0.00551 -0.00445 -0.00314  -0.0016        0
        2|        0 -0.00139 -0.00275 -0.00397 -0.00499 -0.00582 -0.00646 -0.00693 -0.00725 -0.00744 -0.00751 -0.00746 -0.00729 -0.00699 -0.00653  -0.0059 -0.00507 -0.00404 -0.00281 -0.00142        0
        1|        0  -0.0013 -0.00262  -0.0038 -0.00481 -0.00563 -0.00628 -0.00676 -0.00709 -0.00727 -0.00734 -0.00727 -0.00708 -0.00675 -0.00627 -0.00563 -0.00481  -0.0038 -0.00262 -0.00131        0
        0|        0        0        0        0        0        0        0        0        0        0        0        0        0        0        0        0        0        0        0        0        0

G (22x12): 
         |        0        1        2        3        4        5        6        7        8        9       10       11       12       13       14       15       16       17       18       19       20       21
-------------------------------------------------------------------------------------------------------------------------------------------------------------------------------------------------------------------------
       10|        0        0        0        0        0        0        0        0        0        0        0        0        0        0        0        0        0        0        0        0        0        0
        9|   -0.042   0.0415   0.0182  0.00855  0.00452  0.00262   0.0016  0.00101 0.000627 0.000359 0.000147-4.84e-05 -0.00025-0.000494-0.000834 -0.00136 -0.00229 -0.00409 -0.00809  -0.0182   -0.043   0.0437
        8|  -0.0254   0.0252   0.0175   0.0107  0.00663  0.00419  0.00271  0.00175   0.0011 0.000626 0.000241-0.000113-0.000486-0.000937 -0.00154 -0.00243 -0.00384  -0.0062  -0.0103  -0.0176  -0.0276   0.0276
        7|  -0.0169   0.0168    0.014   0.0101  0.00699  0.00479  0.00325  0.00218   0.0014 0.000798 0.000295-0.000173-0.000667 -0.00125 -0.00201 -0.00305 -0.00457 -0.00679    -0.01  -0.0144  -0.0179   0.0179
        6|   -0.012   0.0119   0.0109   0.0086  0.00646   0.0047  0.00335  0.00231  0.00151 0.000871 0.000316-0.000208-0.000758 -0.00139 -0.00218 -0.00321 -0.00458 -0.00639 -0.00867  -0.0112  -0.0125   0.0125
        5|  -0.0088  0.00875  0.00833  0.00698  0.00553  0.00422  0.00311  0.00221  0.00147 0.000855 0.000307-0.000217-0.000764 -0.00138 -0.00212 -0.00303 -0.00416 -0.00552 -0.00706 -0.00854 -0.00906   0.0091
        4| -0.00646  0.00642  0.00626  0.00544  0.00447  0.00353  0.00268  0.00194  0.00131 0.000769 0.000274-0.000205  -0.0007 -0.00125 -0.00188 -0.00263  -0.0035 -0.00449 -0.00551  -0.0064 -0.00661  0.00664
        3| -0.00461  0.00459  0.00454  0.00403   0.0034  0.00274  0.00213  0.00157  0.00107 0.000632 0.000223-0.000174-0.000584 -0.00103 -0.00153  -0.0021 -0.00273 -0.00341 -0.00408 -0.00463  -0.0047  0.00472
        2| -0.00306  0.00304  0.00304  0.00273  0.00234  0.00192  0.00151  0.00113 0.000781 0.000461 0.000162-0.000132-0.000433-0.000756 -0.00111  -0.0015 -0.00192 -0.00236 -0.00277 -0.00309  -0.0031  0.00312
        1| -0.00167  0.00168  0.00169  0.00154  0.00133  0.00111 0.000884 0.000668 0.000465 0.000276 9.44e-05-8.31e-05-0.000265-0.000455 -0.00066-0.000878 -0.00111 -0.00134 -0.00155 -0.00171 -0.00171   0.0017
        0| -0.00647        0        0        0        0        0        0        0        0        0        0        0        0        0        0        0        0        0        0        0        0  0.00653

rhs (22x12): 
         |        0        1        2        3        4        5        6        7        8        9       10       11       12       13       14       15       16       17       18       19       20       21
-------------------------------------------------------------------------------------------------------------------------------------------------------------------------------------------------------------------------
       11|        0        0        0        0        0        0        0        0        0        0        0        0        0        0        0        0        0        0        0        0        0        0
       10|        0     1.79 -0.00631   0.0329   0.0188  0.00951  0.00561  0.00322  0.00264  0.00189  0.00227  0.00155  0.00223  0.00272  0.00454  0.00673    0.012   0.0216   0.0413   0.0504    -2.23        0
        9|        0  -0.0455   0.0627   0.0366   0.0174  0.00952   0.0051  0.00363  0.00206    0.002  0.00124  0.00234  0.00228  0.00349  0.00446  0.00792   0.0138   0.0294   0.0662    0.122   0.0221        0
        8|        0  -0.0358 -0.00723 -0.00339-0.000932-0.000682 0.000124-0.000254 0.000304-0.000179 0.000333-0.000137 0.000371-0.000146 0.000321 -0.00029-8.83e-05 -0.00149 -0.00391  -0.0123 -0.00464        0
        7|        0  -0.0151 -0.00348 -0.00162 -0.00122 -0.00023-0.000481 0.000153-0.000285 0.000251 -0.00024 0.000267-0.000254 0.000211-0.000375-4.14e-05-0.000902 -0.00115 -0.00314 -0.00465  0.00285        0
        6|        0 -0.00878 -0.00131 -0.00129-0.000361-0.000589 7.87e-05-0.000332 0.000223-0.000255  0.00026-0.000246 0.000245-0.000292 0.000148-0.000478-0.000199  -0.0011 -0.00121 -0.00239  0.00447        0
        5|        0 -0.00556 -0.00112-0.000379-0.000654 1.81e-05-0.000376 0.000197-0.000268 0.000257-0.000239 0.000263-0.000253 0.000225-0.000328 8.96e-05-0.000558-0.000275 -0.00108 -0.00087   0.0036        0
        4|        0  -0.0045-0.000294-0.000667-2.31e-05-0.000415 0.000169-0.000283 0.000253-0.000234 0.000278 -0.00023 0.000264-0.000261 0.000205-0.000363 4.25e-05-0.000601 -0.00027-0.000924  0.00343        0
        3|        0 -0.00333-0.000635 -4.4e-05-0.000451 0.000137-0.000305 0.000243-0.000234 0.000286-0.000212 0.000289-0.000224 0.000262-0.000274 0.000179-0.000399  6.2e-06-0.000613  -0.0002  0.00266        0
        2|        0  -0.0114 -0.00836 -0.00813 -0.00664 -0.00602 -0.00436 -0.00372 -0.00212  -0.0016-0.000156 0.000203  0.00152  0.00179    0.003  0.00312  0.00416  0.00407  0.00487  0.00456  0.00787        0
        1|        0    0.149    0.148     0.14    0.126    0.111    0.093   0.0744    0.054   0.0341    0.013 -0.00739   -0.029  -0.0497  -0.0713  -0.0916   -0.112   -0.129   -0.144   -0.155   -0.156        0
        0|        0        0        0        0        0        0        0        0        0        0        0        0        0        0        0        0        0        0        0        0        0        0

