t: 0.200856
nCells: 20x10, dx: 0.1, dy: 0.1

u (22x12): 
         |        0        1        2        3        4        5        6        7        8        9       10       11       12       13       14       15       16       17       18       19       20
-------------------------------------------------------------------------------------------------------------------------------------------------------------------------------------------------------------------------
       11|        0     1.98     1.98     1.97     1.97     1.97     1.97     1.97     1.97     1.97     1.97     1.97     1.97     1.97     1.97     1.97     1.97     1.97     1.98     1.98        0
       10|        0   0.0191   0.0268   0.0303   0.0321   0.0332   0.0339   0.0343   0.0345   0.0346   0.0347   0.0347   0.0345   0.0343   0.0339   0.0333   0.0322   0.0304   0.0269   0.0192        0
        9|        0 -0.00769 -0.00789 -0.00688 -0.00594 -0.00524 -0.00476 -0.00444 -0.00423 -0.00412 -0.00408 -0.00412 -0.00423 -0.00443 -0.00475 -0.00523 -0.00592 -0.00685 -0.00786 -0.00765        0
        8|        0 -0.00383 -0.00525 -0.00545 -0.00524 -0.00496  -0.0047 -0.00451 -0.00437 -0.00429 -0.00427 -0.00429 -0.00437 -0.00451 -0.00471 -0.00497 -0.00526 -0.00549 -0.00531 -0.00391        0
        7|        0 -0.00218 -0.00351 -0.00411  -0.0043  -0.0043 -0.00424 -0.00417 -0.00411 -0.00408 -0.00406 -0.00408 -0.00412 -0.00418 -0.00425 -0.00432 -0.00432 -0.00413 -0.00354 -0.00221        0
        6|        0 -0.00142  -0.0025 -0.00317 -0.00354 -0.00372  -0.0038 -0.00383 -0.00383 -0.00383 -0.00383 -0.00383 -0.00383 -0.00383  -0.0038 -0.00373 -0.00355 -0.00319 -0.00252 -0.00143        0
        5|        0 -0.00102 -0.00189 -0.00253 -0.00296 -0.00323  -0.0034  -0.0035 -0.00356 -0.00358 -0.00359 -0.00359 -0.00356  -0.0035 -0.00341 -0.00324 -0.00297 -0.00254  -0.0019 -0.00103        0
        4|        0-0.000798 -0.00152  -0.0021 -0.00254 -0.00286 -0.00307 -0.00322 -0.00331 -0.00336 -0.00337 -0.00336 -0.00331 -0.00322 -0.00308 -0.00286 -0.00255 -0.00211 -0.00153-0.000803        0
        3|        0-0.000664 -0.00129 -0.00182 -0.00225 -0.00257 -0.00282 -0.00299  -0.0031 -0.00317 -0.00319 -0.00317  -0.0031 -0.00299 -0.00282 -0.00258 -0.00225 -0.00182 -0.00129-0.000667        0
        2|        0-0.000584 -0.00114 -0.00164 -0.00205 -0.00238 -0.00263 -0.00282 -0.00294 -0.00302 -0.00304 -0.00302 -0.00295 -0.00282 -0.00264 -0.00238 -0.00205 -0.00164 -0.00115-0.000586        0
        1|        0-0.000539 -0.00106 -0.00153 -0.00194 -0.00226 -0.00252 -0.00271 -0.00284 -0.00291 -0.00294 -0.00291 -0.00284 -0.00271 -0.00252 -0.00227 -0.00194 -0.00154 -0.00107-0.000539        0
        0|        0-0.000451-0.000891 -0.00129 -0.00164 -0.00194 -0.00217 -0.00235 -0.00248 -0.00255 -0.00258 -0.00255 -0.00248 -0.00236 -0.00218 -0.00194 -0.00165  -0.0013-0.000893-0.000452        0

v (22x12): 
         |        0        1        2        3        4        5        6        7        8        9       10       11       12       13       14       15       16       17       18       19       20       21
-------------------------------------------------------------------------------------------------------------------------------------------------------------------------------------------------------------------------
       10|        0        0        0        0        0        0        0        0        0        0        0        0        0        0        0        0        0        0        0        0        0        0
        9|  -0.0168   0.0191  0.00769  0.00352  0.00184  0.00106 0.000648 0.000406 0.000249 0.000137 4.56e-05-3.89e-05-0.000129 -0.00024-0.000394-0.000632 -0.00104 -0.00181 -0.00349  -0.0077  -0.0192   0.0169
        8|    -0.01   0.0114  0.00749  0.00453  0.00278  0.00175  0.00113 0.000729 0.000455 0.000251 8.29e-05-7.37e-05-0.000241-0.000443-0.000714 -0.00111 -0.00173 -0.00275  -0.0045 -0.00749  -0.0116   0.0101
        7| -0.00668  0.00759  0.00607  0.00433  0.00298  0.00204  0.00138 0.000924 0.000589 0.000329 0.000108-9.93e-05-0.000319-0.000578-0.000912 -0.00137 -0.00202 -0.00297 -0.00432 -0.00609 -0.00766  0.00672
        6| -0.00476  0.00541  0.00474  0.00373  0.00279  0.00203  0.00144 0.000996 0.000648 0.000366 0.000121-0.000113-0.000358 -0.00064-0.000987 -0.00143 -0.00202 -0.00279 -0.00373 -0.00476 -0.00544  0.00479
        5| -0.00352  0.00399  0.00366  0.00306  0.00242  0.00185  0.00136 0.000968 0.000642 0.000367 0.000121-0.000115 -0.00036-0.000635-0.000961 -0.00136 -0.00184 -0.00242 -0.00307 -0.00368 -0.00401  0.00354
        4| -0.00263  0.00296   0.0028  0.00242  0.00199  0.00157   0.0012 0.000869 0.000586 0.000338 0.000112-0.000107-0.000333-0.000581-0.000864 -0.00119 -0.00157 -0.00199 -0.00243  -0.0028 -0.00298  0.00264
        3| -0.00193  0.00217  0.00207  0.00184  0.00156  0.00126 0.000979 0.000724 0.000495 0.000289 9.59e-05 -9.2e-05-0.000285-0.000492-0.000721-0.000977 -0.00126 -0.00156 -0.00184 -0.00208 -0.00218  0.00194
        2| -0.00135   0.0015  0.00145  0.00131  0.00113 0.000931 0.000736 0.000552 0.000383 0.000225 7.49e-05-7.21e-05-0.000222 -0.00038-0.000551-0.000735-0.000931 -0.00113 -0.00131 -0.00146 -0.00151  0.00136
        1|-0.000846 0.000919 0.000894 0.000815 0.000713 0.000599 0.000482 0.000367 0.000258 0.000153  5.1e-05-4.93e-05-0.000151-0.000256-0.000367-0.000482  -0.0006-0.000714-0.000817-0.000897-0.000922 0.000848
        0| -0.00232  0.00268  0.00264  0.00246  0.00222  0.00193  0.00161  0.00126 0.000907 0.000546 0.000183 -0.00018-0.000543-0.000904 -0.00126 -0.00161 -0.00193 -0.00222 -0.00247 -0.00264 -0.00268  0.00232

p (22x12): 
         |        0        1        2        3        4        5        6        7        8        9       10       11       12       13       14       15       16       17       18       19       20       21
-------------------------------------------------------------------------------------------------------------------------------------------------------------------------------------------------------------------------
       11|  -0.0399  -0.0399    -0.03  -0.0239  -0.0195   -0.016   -0.013  -0.0103 -0.00783 -0.00545 -0.00314-0.000855  0.00145  0.00382  0.00631  0.00899    0.012   0.0155     0.02   0.0262   0.0365   0.0365
       10|  -0.0399  -0.0399    -0.03  -0.0239  -0.0195   -0.016   -0.013  -0.0103 -0.00783 -0.00545 -0.00314-0.000855  0.00145  0.00382  0.00631  0.00899    0.012   0.0155     0.02   0.0262   0.0365   0.0365
        9|  -0.0301  -0.0301  -0.0263  -0.0222  -0.0186  -0.0155  -0.0127  -0.0101 -0.00771 -0.00539 -0.00312-0.000871   0.0014  0.00371  0.00613   0.0087   0.0115   0.0146   0.0182   0.0224   0.0265   0.0265
        8|  -0.0244  -0.0244  -0.0226    -0.02  -0.0173  -0.0146  -0.0122 -0.00978 -0.00749 -0.00527 -0.00308-0.000901  0.00129  0.00351   0.0058  0.00818   0.0107   0.0133   0.0161   0.0187   0.0207   0.0207
        7|  -0.0207  -0.0207  -0.0196  -0.0179  -0.0158  -0.0137  -0.0115 -0.00934 -0.00721 -0.00511 -0.00302-0.000942  0.00115  0.00325  0.00538  0.00754  0.00973   0.0119    0.014   0.0158   0.0169   0.0169
        6|   -0.018   -0.018  -0.0173  -0.0161  -0.0145  -0.0127  -0.0108 -0.00887 -0.00691 -0.00494 -0.00296-0.000989 0.000986  0.00296  0.00493  0.00687  0.00878   0.0106   0.0122   0.0135   0.0142   0.0142
        5|  -0.0161  -0.0161  -0.0156  -0.0146  -0.0133  -0.0118  -0.0102 -0.00842 -0.00661 -0.00477 -0.00291 -0.00104 0.000828  0.00268  0.00449  0.00625  0.00792  0.00945   0.0108   0.0117   0.0122   0.0122
        4|  -0.0147  -0.0147  -0.0143  -0.0135  -0.0124  -0.0111 -0.00964 -0.00804 -0.00635 -0.00462 -0.00285 -0.00108 0.000686  0.00242  0.00411  0.00572  0.00722  0.00854  0.00963   0.0104   0.0108   0.0108
        3|  -0.0137  -0.0137  -0.0134  -0.0127  -0.0118  -0.0106 -0.00922 -0.00773 -0.00615  -0.0045 -0.00281 -0.00112 0.000571  0.00222  0.00381  0.00531  0.00668  0.00786  0.00882   0.0095  0.00984  0.00984
        2|  -0.0131  -0.0131  -0.0128  -0.0122  -0.0113  -0.0102 -0.00894 -0.00752   -0.006 -0.00441 -0.00278 -0.00114  0.00049  0.00208  0.00361  0.00503  0.00631  0.00741  0.00829   0.0089  0.00921  0.00921
        1|  -0.0128  -0.0128  -0.0125  -0.0119  -0.0111    -0.01  -0.0088 -0.00742 -0.00593 -0.00437 -0.00277 -0.00115 0.000452  0.00202  0.00351   0.0049  0.00614  0.00721  0.00805  0.00863  0.00892  0.00892
        0|  -0.0113  -0.0113  -0.0111  -0.0106 -0.00986 -0.00897 -0.00791 -0.00672 -0.00543 -0.00407 -0.00267 -0.00125 0.000151  0.00151  0.00281    0.004  0.00506  0.00596  0.00667  0.00716   0.0074   0.0074

F (22x12): 
         |        0        1        2        3        4        5        6        7        8        9       10       11       12       13       14       15       16       17       18       19       20
-------------------------------------------------------------------------------------------------------------------------------------------------------------------------------------------------------------------------
       11|        0     1.98     1.98     1.97     1.97     1.97     1.97     1.97     1.97     1.97     1.97     1.97     1.97     1.97     1.97     1.97     1.97     1.97     1.98     1.98        0
       10|        0   0.0216   0.0283   0.0314    0.033    0.034   0.0345   0.0349   0.0351   0.0352   0.0353   0.0352   0.0351   0.0349   0.0346    0.034   0.0331   0.0315   0.0285   0.0218        0
        9|        0 -0.00671 -0.00687 -0.00597 -0.00515 -0.00454 -0.00411 -0.00383 -0.00365 -0.00355 -0.00352 -0.00355 -0.00364 -0.00382  -0.0041 -0.00452 -0.00513 -0.00594 -0.00682 -0.00661        0
        8|        0 -0.00336 -0.00459 -0.00477 -0.00458 -0.00433  -0.0041 -0.00393 -0.00381 -0.00374 -0.00372 -0.00374 -0.00381 -0.00393 -0.00411 -0.00434  -0.0046 -0.00479 -0.00464 -0.00342        0
        7|        0 -0.00191 -0.00307 -0.00359 -0.00375 -0.00376  -0.0037 -0.00364 -0.00358 -0.00355 -0.00354 -0.00355 -0.00359 -0.00364 -0.00371 -0.00377 -0.00377 -0.00361  -0.0031 -0.00194        0
        6|        0 -0.00124 -0.00218 -0.00277 -0.00309 -0.00324 -0.00331 -0.00333 -0.00333 -0.00333 -0.00333 -0.00333 -0.00334 -0.00333 -0.00331 -0.00325  -0.0031 -0.00278  -0.0022 -0.00125        0
        5|        0-0.000895 -0.00165 -0.00221 -0.00258 -0.00282 -0.00296 -0.00304 -0.00309 -0.00312 -0.00312 -0.00312 -0.00309 -0.00305 -0.00296 -0.00282 -0.00259 -0.00222 -0.00166  -0.0009        0
        4|        0-0.000697 -0.00132 -0.00183 -0.00221 -0.00248 -0.00267 -0.00279 -0.00287 -0.00291 -0.00293 -0.00291 -0.00287  -0.0028 -0.00267 -0.00249 -0.00222 -0.00184 -0.00133  -0.0007        0
        3|        0-0.000578 -0.00112 -0.00158 -0.00195 -0.00223 -0.00244 -0.00259 -0.00269 -0.00274 -0.00276 -0.00274 -0.00269 -0.00259 -0.00245 -0.00224 -0.00195 -0.00158 -0.00112 -0.00058        0
        2|        0-0.000507-0.000989 -0.00142 -0.00177 -0.00206 -0.00228 -0.00244 -0.00254 -0.00261 -0.00263 -0.00261 -0.00254 -0.00244 -0.00228 -0.00206 -0.00178 -0.00142-0.000992-0.000508        0
        1|        0-0.000466-0.000919 -0.00132 -0.00167 -0.00195 -0.00217 -0.00234 -0.00245 -0.00251 -0.00253 -0.00251 -0.00245 -0.00233 -0.00217 -0.00195 -0.00167 -0.00132-0.000918-0.000466        0
        0|        0        0        0        0        0        0        0        0        0        0        0        0        0        0        0        0        0        0        0        0        0

G (22x12): 
         |        0        1        2        3        4        5        6        7        8        9       10       11       12       13       14       15       16       17       18       19       20       21
-------------------------------------------------------------------------------------------------------------------------------------------------------------------------------------------------------------------------
       10|        0        0        0        0        0        0        0        0        0        0        0        0        0        0        0        0        0        0        0        0        0        0
        9|  -0.0168   0.0166  0.00675  0.00309  0.00161  0.00093 0.000569 0.000357 0.000219  0.00012 3.97e-05-3.48e-05-0.000114-0.000212-0.000348-0.000557-0.000912 -0.00159 -0.00306 -0.00673  -0.0167   0.0169
        8|    -0.01  0.00997  0.00656  0.00397  0.00243  0.00154  0.00099  0.00064 0.000399  0.00022  7.2e-05-6.62e-05-0.000214-0.000392-0.000631-0.000978 -0.00152 -0.00242 -0.00395 -0.00657  -0.0101   0.0101
        7| -0.00668  0.00664  0.00532   0.0038  0.00262  0.00179  0.00122 0.000813 0.000518 0.000289 9.44e-05-8.89e-05-0.000283-0.000512-0.000806 -0.00121 -0.00178 -0.00261  -0.0038 -0.00534  -0.0067  0.00672
        6| -0.00476  0.00474  0.00417  0.00328  0.00246  0.00179  0.00127 0.000878 0.000572 0.000323 0.000106-0.000101-0.000318-0.000566-0.000872 -0.00127 -0.00178 -0.00245 -0.00328 -0.00418 -0.00477  0.00479
        5| -0.00352   0.0035  0.00323   0.0027  0.00214  0.00163   0.0012 0.000855 0.000568 0.000325 0.000107-0.000103 -0.00032-0.000564-0.000852  -0.0012 -0.00163 -0.00214  -0.0027 -0.00324 -0.00352  0.00354
        4| -0.00263  0.00261  0.00247  0.00214  0.00176  0.00139  0.00106 0.000771 0.000521 0.000301 9.92e-05 -9.6e-05-0.000297-0.000518-0.000768 -0.00106 -0.00139 -0.00177 -0.00215 -0.00248 -0.00262  0.00264
        3| -0.00193  0.00192  0.00184  0.00164  0.00138  0.00112 0.000874 0.000647 0.000443 0.000258 8.54e-05 -8.3e-05-0.000256-0.000441-0.000645-0.000873 -0.00112 -0.00139 -0.00164 -0.00185 -0.00193  0.00194
        2| -0.00135  0.00135   0.0013  0.00118  0.00101 0.000839 0.000664 0.000499 0.000346 0.000203 6.75e-05-6.58e-05-0.000202-0.000345-0.000498-0.000664-0.000839 -0.00102 -0.00118 -0.00131 -0.00135  0.00136
        1|-0.000846 0.000847 0.000826 0.000755 0.000661 0.000557 0.000449 0.000343 0.000241 0.000143 4.75e-05-4.64e-05-0.000142 -0.00024-0.000342-0.000448-0.000557-0.000662-0.000755-0.000827-0.000848 0.000848
        0| -0.00232        0        0        0        0        0        0        0        0        0        0        0        0        0        0        0        0        0        0        0        0  0.00232

rhs (22x12): 
         |        0        1        2        3        4        5        6        7        8        9       10       11       12       13       14       15       16       17       18       19       20       21
-------------------------------------------------------------------------------------------------------------------------------------------------------------------------------------------------------------------------
       11|        0        0        0        0        0        0        0        0        0        0        0        0        0        0        0        0        0        0        0        0        0        0
       10|        0     1.97 -0.00701  0.00154 0.000795 0.000227 6.84e-05 2.33e-05 8.83e-05 0.000142 0.000271 0.000265 0.000465 0.000697   0.0011  0.00172  0.00287  0.00508  0.00963   0.0161    -2.03        0
        9|        0  -0.0153   0.0102  0.00529  0.00243  0.00126 0.000695 0.000462 0.000294 0.000252 0.000189 0.000343 0.000362 0.000501 0.000686  0.00114  0.00199  0.00409  0.00926   0.0184   0.0118        0
        8|        0 -0.00979  -0.0012-0.000527-0.000197-0.000106-2.47e-05-3.18e-05 8.94e-06-1.63e-05 1.56e-05-1.22e-05 1.59e-05-1.95e-05-1.47e-06-5.91e-05-9.56e-05-0.000302-0.000772 -0.00197  0.00312        0
        7|        0 -0.00468-0.000498-0.000257-0.000158-5.93e-05-5.37e-05-5.24e-06-2.59e-05 8.85e-06-1.94e-05 1.09e-05-2.17e-05 2.59e-06-3.94e-05-3.33e-05-0.000112-0.000182  -0.0004 -0.00064  0.00286        0
        6|        0 -0.00284-0.000215-0.000166-7.62e-05-6.81e-05-1.53e-05-3.25e-05 4.73e-06-2.17e-05 9.91e-06-2.03e-05  7.7e-06-2.71e-05-6.03e-06-5.28e-05-5.26e-05-0.000133-0.000181-0.000305  0.00216        0
        5|        0 -0.00195-0.000142-7.69e-05-7.57e-05 -2.3e-05-3.81e-05 1.15e-06-2.36e-05 9.41e-06-1.95e-05 1.01e-05-2.16e-05 4.82e-06 -3.2e-05-1.34e-05-6.22e-05-6.01e-05-0.000128-0.000138  0.00163        0
        4|        0  -0.0015 -6.4e-05-7.56e-05-2.71e-05-4.25e-05-1.99e-06-2.53e-05 9.01e-06-1.88e-05 1.23e-05-1.84e-05 1.03e-05-2.27e-05 2.35e-06 -3.6e-05-1.84e-05-6.57e-05-5.68e-05-0.000107  0.00132        0
        3|        0 -0.00121-6.99e-05-2.81e-05-4.58e-05-5.17e-06-2.73e-05 8.18e-06-1.85e-05 1.35e-05-1.57e-05 1.37e-05-1.75e-05 1.02e-05-2.39e-05-1.56e-07-3.94e-05-2.12e-05 -6.5e-05-4.69e-05  0.00109        0
        2|        0 -0.00329  -0.0022 -0.00206  -0.0018 -0.00156 -0.00125-0.000987-0.000669-0.000418-0.000116 0.000116 0.000401  0.00062 0.000888  0.00108  0.00132  0.00146  0.00163   0.0017  0.00278        0
        1|        0    0.151    0.148    0.139    0.125    0.109   0.0907   0.0714   0.0513    0.031   0.0105 -0.00999  -0.0305  -0.0509  -0.0711  -0.0905   -0.109   -0.125   -0.139   -0.149   -0.152        0
        0|        0        0        0        0        0        0        0        0        0        0        0        0        0        0        0        0        0        0        0        0        0        0

