t: 1.30671
nCells: 20x10, dx: 0.1, dy: 0.1

u (22x12): 
         |        0        1        2        3        4        5        6        7        8        9       10       11       12       13       14       15       16       17       18       19       20
-------------------------------------------------------------------------------------------------------------------------------------------------------------------------------------------------------------------------
       11|        0     1.92     1.87     1.85     1.84     1.83     1.82     1.82     1.81     1.81     1.81     1.81     1.81     1.81     1.81     1.81     1.82     1.83     1.85      1.9        0
       10|        0   0.0816    0.126    0.151    0.167    0.176    0.182    0.186    0.189    0.191    0.192    0.193    0.193    0.192    0.191    0.189    0.185    0.176    0.155    0.106        0
        9|        0   -0.031  -0.0332  -0.0292  -0.0247   -0.021  -0.0182  -0.0162  -0.0148  -0.0139  -0.0134  -0.0133  -0.0136  -0.0142  -0.0154  -0.0172  -0.0198  -0.0229  -0.0256   -0.023        0
        8|        0  -0.0156  -0.0247  -0.0281  -0.0286  -0.0281  -0.0273  -0.0266   -0.026  -0.0257  -0.0256  -0.0258  -0.0262  -0.0271  -0.0284  -0.0304  -0.0331  -0.0362  -0.0376  -0.0301        0
        7|        0 -0.00952  -0.0171  -0.0215  -0.0237  -0.0246  -0.0249  -0.0249  -0.0249  -0.0249  -0.0249  -0.0251  -0.0255  -0.0261  -0.0268  -0.0277  -0.0286  -0.0288  -0.0265  -0.0181        0
        6|        0 -0.00656  -0.0126  -0.0169  -0.0196  -0.0213  -0.0223  -0.0229  -0.0232  -0.0235  -0.0236  -0.0238   -0.024  -0.0242  -0.0243  -0.0242  -0.0236   -0.022  -0.0181  -0.0106        0
        5|        0 -0.00495 -0.00986  -0.0138  -0.0167  -0.0187  -0.0201   -0.021  -0.0217  -0.0221  -0.0223  -0.0225  -0.0225  -0.0223   -0.022  -0.0212  -0.0198  -0.0173  -0.0132 -0.00704        0
        4|        0 -0.00401 -0.00816  -0.0117  -0.0145  -0.0167  -0.0183  -0.0195  -0.0203  -0.0209  -0.0212  -0.0212  -0.0211  -0.0207    -0.02  -0.0188  -0.0169  -0.0142  -0.0103 -0.00523        0
        3|        0 -0.00345  -0.0071  -0.0103  -0.0131  -0.0153   -0.017  -0.0183  -0.0192  -0.0199  -0.0202  -0.0202    -0.02  -0.0195  -0.0185  -0.0171   -0.015  -0.0122 -0.00858 -0.00425        0
        2|        0 -0.00314 -0.00646 -0.00951  -0.0122  -0.0144  -0.0161  -0.0175  -0.0185  -0.0192  -0.0195  -0.0195  -0.0192  -0.0186  -0.0175  -0.0159  -0.0138   -0.011 -0.00762 -0.00372        0
        1|        0 -0.00308 -0.00654 -0.00965  -0.0123  -0.0145  -0.0163  -0.0176  -0.0185   -0.019  -0.0191   -0.019  -0.0185  -0.0176  -0.0164  -0.0147  -0.0125 -0.00986 -0.00673 -0.00323        0
        0|        0 -0.00248 -0.00523 -0.00779  -0.0101   -0.012  -0.0136  -0.0149  -0.0158  -0.0165  -0.0167  -0.0167  -0.0163  -0.0156  -0.0145  -0.0129   -0.011 -0.00862 -0.00588 -0.00289        0

v (22x12): 
         |        0        1        2        3        4        5        6        7        8        9       10       11       12       13       14       15       16       17       18       19       20       21
-------------------------------------------------------------------------------------------------------------------------------------------------------------------------------------------------------------------------
       10|        0        0        0        0        0        0        0        0        0        0        0        0        0        0        0        0        0        0        0        0        0        0
        9|  -0.0809   0.0816   0.0447   0.0251   0.0151   0.0095   0.0062  0.00413  0.00278  0.00186  0.00118 0.000636 8.97e-05-0.000463 -0.00116 -0.00226  -0.0044 -0.00914  -0.0206  -0.0492   -0.106    0.104
        8|  -0.0502   0.0506   0.0425   0.0291   0.0196   0.0132  0.00899  0.00615  0.00418  0.00274  0.00164 0.000722-0.000142 -0.00111 -0.00232 -0.00408 -0.00696  -0.0123  -0.0233  -0.0466  -0.0827   0.0807
        7|  -0.0347    0.035   0.0334   0.0258    0.019   0.0137  0.00977  0.00689  0.00473  0.00308  0.00174 0.000554-0.000628 -0.00196 -0.00367 -0.00605 -0.00964  -0.0154  -0.0247  -0.0392  -0.0526   0.0513
        6|  -0.0252   0.0255   0.0258   0.0214   0.0168   0.0128  0.00947  0.00685  0.00478  0.00309  0.00167 0.000348-0.000991 -0.00252 -0.00442 -0.00697  -0.0105  -0.0155  -0.0224  -0.0308  -0.0345   0.0338
        5|  -0.0187   0.0189   0.0198   0.0171   0.0141   0.0111  0.00847  0.00627  0.00442  0.00286  0.00148 0.000173 -0.00118  -0.0027 -0.00455 -0.00689 -0.00994  -0.0138  -0.0185  -0.0233  -0.0239   0.0234
        4|  -0.0138    0.014   0.0149   0.0132   0.0112  0.00905  0.00708  0.00532  0.00379  0.00244  0.00122 3.33e-05 -0.00119 -0.00255 -0.00416 -0.00612 -0.00851  -0.0113  -0.0144  -0.0172  -0.0169   0.0166
        3| -0.00985  0.00998   0.0107   0.0097  0.00834  0.00688  0.00546  0.00415  0.00296   0.0019 0.000906-5.71e-05 -0.00106 -0.00216 -0.00343 -0.00492 -0.00665 -0.00858  -0.0105  -0.0122  -0.0117   0.0114
        2| -0.00644  0.00652  0.00707  0.00645   0.0056  0.00467  0.00373  0.00284  0.00203  0.00128 0.000577-0.000117-0.000829 -0.00161 -0.00248 -0.00347 -0.00459 -0.00578 -0.00694 -0.00784  -0.0074  0.00727
        1| -0.00334  0.00338  0.00374   0.0034  0.00295  0.00246  0.00195  0.00148  0.00103 0.000625 0.000233-0.000143-0.000535-0.000946  -0.0014  -0.0019 -0.00245 -0.00301 -0.00354 -0.00394 -0.00368  0.00363
        0|  -0.0149   0.0151   0.0166   0.0157   0.0144   0.0127   0.0107  0.00858  0.00636  0.00405  0.00171-0.000687 -0.00311 -0.00555 -0.00799  -0.0104  -0.0127  -0.0148  -0.0165  -0.0176  -0.0163    0.016

p (22x12): 
         |        0        1        2        3        4        5        6        7        8        9       10       11       12       13       14       15       16       17       18       19       20       21
-------------------------------------------------------------------------------------------------------------------------------------------------------------------------------------------------------------------------
       11|    -1.85    -1.85    -1.84    -1.84    -1.84    -1.84    -1.83    -1.83    -1.83    -1.83    -1.82    -1.82    -1.82    -1.82    -1.82    -1.82    -1.81    -1.81     -1.8    -1.79    -1.78    -1.78
       10|    -1.85    -1.85    -1.84    -1.84    -1.84    -1.84    -1.83    -1.83    -1.83    -1.83    -1.82    -1.82    -1.82    -1.82    -1.82    -1.82    -1.81    -1.81     -1.8    -1.79    -1.78    -1.78
        9|    -1.84    -1.84    -1.84    -1.84    -1.84    -1.83    -1.83    -1.83    -1.83    -1.83    -1.82    -1.82    -1.82    -1.82    -1.82    -1.82    -1.81    -1.81    -1.81     -1.8    -1.79    -1.79
        8|    -1.84    -1.84    -1.84    -1.84    -1.83    -1.83    -1.83    -1.83    -1.83    -1.83    -1.82    -1.82    -1.82    -1.82    -1.82    -1.81    -1.81    -1.81    -1.81     -1.8     -1.8     -1.8
        7|    -1.84    -1.84    -1.84    -1.83    -1.83    -1.83    -1.83    -1.83    -1.83    -1.83    -1.82    -1.82    -1.82    -1.82    -1.82    -1.82    -1.81    -1.81    -1.81    -1.81     -1.8     -1.8
        6|    -1.83    -1.83    -1.83    -1.83    -1.83    -1.83    -1.83    -1.83    -1.83    -1.83    -1.82    -1.82    -1.82    -1.82    -1.82    -1.82    -1.81    -1.81    -1.81    -1.81    -1.81    -1.81
        5|    -1.83    -1.83    -1.83    -1.83    -1.83    -1.83    -1.83    -1.83    -1.83    -1.82    -1.82    -1.82    -1.82    -1.82    -1.82    -1.82    -1.81    -1.81    -1.81    -1.81    -1.81    -1.81
        4|    -1.83    -1.83    -1.83    -1.83    -1.83    -1.83    -1.83    -1.83    -1.83    -1.82    -1.82    -1.82    -1.82    -1.82    -1.82    -1.82    -1.81    -1.81    -1.81    -1.81    -1.81    -1.81
        3|    -1.83    -1.83    -1.83    -1.83    -1.83    -1.83    -1.83    -1.83    -1.83    -1.82    -1.82    -1.82    -1.82    -1.82    -1.82    -1.82    -1.81    -1.81    -1.81    -1.81    -1.81    -1.81
        2|    -1.83    -1.83    -1.83    -1.83    -1.83    -1.83    -1.83    -1.83    -1.83    -1.82    -1.82    -1.82    -1.82    -1.82    -1.82    -1.82    -1.82    -1.81    -1.81    -1.81    -1.81    -1.81
        1|    -1.83    -1.83    -1.83    -1.83    -1.83    -1.83    -1.83    -1.83    -1.83    -1.82    -1.82    -1.82    -1.82    -1.82    -1.82    -1.82    -1.82    -1.81    -1.81    -1.81    -1.81    -1.81
        0|    -1.83    -1.83    -1.83    -1.83    -1.83    -1.83    -1.83    -1.83    -1.82    -1.82    -1.82    -1.82    -1.82    -1.82    -1.82    -1.82    -1.82    -1.82    -1.81    -1.81    -1.81    -1.81

F (22x12): 
         |        0        1        2        3        4        5        6        7        8        9       10       11       12       13       14       15       16       17       18       19       20
-------------------------------------------------------------------------------------------------------------------------------------------------------------------------------------------------------------------------
       11|        0     1.92     1.87     1.85     1.84     1.83     1.82     1.82     1.81     1.81     1.81     1.81     1.81     1.81     1.81     1.81     1.82     1.83     1.85      1.9        0
       10|        0    0.083    0.127    0.152    0.167    0.177    0.183    0.187     0.19    0.192    0.193    0.193    0.193    0.193    0.192     0.19    0.186    0.177    0.157     0.11        0
        9|        0  -0.0307  -0.0328  -0.0287  -0.0241  -0.0204  -0.0177  -0.0157  -0.0143  -0.0134  -0.0129  -0.0129  -0.0131  -0.0137  -0.0149  -0.0166  -0.0191   -0.022  -0.0241  -0.0208        0
        8|        0  -0.0155  -0.0244  -0.0277  -0.0282  -0.0277  -0.0269  -0.0261  -0.0256  -0.0252  -0.0251  -0.0253  -0.0258  -0.0266  -0.0279  -0.0298  -0.0324  -0.0354  -0.0366  -0.0292        0
        7|        0 -0.00945  -0.0169  -0.0212  -0.0233  -0.0242  -0.0245  -0.0245  -0.0245  -0.0244  -0.0245  -0.0247   -0.025  -0.0256  -0.0263  -0.0272   -0.028  -0.0281  -0.0258  -0.0176        0
        6|        0  -0.0065  -0.0124  -0.0166  -0.0193   -0.021  -0.0219  -0.0225  -0.0228   -0.023  -0.0232  -0.0234  -0.0236  -0.0237  -0.0238  -0.0237  -0.0232  -0.0215  -0.0177  -0.0104        0
        5|        0  -0.0049 -0.00974  -0.0136  -0.0164  -0.0184  -0.0198  -0.0207  -0.0213  -0.0217  -0.0219  -0.0221  -0.0221  -0.0219  -0.0215  -0.0208  -0.0193  -0.0169  -0.0129 -0.00689        0
        4|        0 -0.00397 -0.00806  -0.0115  -0.0143  -0.0165   -0.018  -0.0192    -0.02  -0.0205  -0.0208  -0.0209  -0.0207  -0.0203  -0.0196  -0.0184  -0.0166  -0.0139    -0.01 -0.00512        0
        3|        0 -0.00341 -0.00701  -0.0102  -0.0129   -0.015  -0.0167   -0.018  -0.0189  -0.0195  -0.0198  -0.0199  -0.0196  -0.0191  -0.0181  -0.0167  -0.0147  -0.0119  -0.0084 -0.00417        0
        2|        0  -0.0031 -0.00638 -0.00938   -0.012  -0.0142  -0.0159  -0.0172  -0.0182  -0.0188  -0.0191  -0.0192  -0.0189  -0.0182  -0.0171  -0.0156  -0.0135  -0.0108 -0.00746 -0.00365        0
        1|        0 -0.00305 -0.00645 -0.00952  -0.0122  -0.0143   -0.016  -0.0173  -0.0181  -0.0186  -0.0188  -0.0186  -0.0181  -0.0173   -0.016  -0.0144  -0.0123 -0.00964 -0.00658 -0.00316        0
        0|        0        0        0        0        0        0        0        0        0        0        0        0        0        0        0        0        0        0        0        0        0

G (22x12): 
         |        0        1        2        3        4        5        6        7        8        9       10       11       12       13       14       15       16       17       18       19       20       21
-------------------------------------------------------------------------------------------------------------------------------------------------------------------------------------------------------------------------
       10|        0        0        0        0        0        0        0        0        0        0        0        0        0        0        0        0        0        0        0        0        0        0
        9|  -0.0809     0.08   0.0443   0.0248   0.0148  0.00931  0.00605  0.00403   0.0027   0.0018  0.00114 0.000601  6.6e-05-0.000475 -0.00116 -0.00223 -0.00431 -0.00889  -0.0199  -0.0475   -0.102    0.104
        8|  -0.0502   0.0496   0.0417   0.0285   0.0191   0.0128  0.00873  0.00595  0.00403  0.00263  0.00156 0.000661-0.000191 -0.00115 -0.00236 -0.00411 -0.00699  -0.0123  -0.0232   -0.046  -0.0808   0.0807
        7|  -0.0347   0.0344   0.0328   0.0253   0.0186   0.0134  0.00952  0.00669  0.00459  0.00297  0.00166 0.000493-0.000671 -0.00199 -0.00368 -0.00604  -0.0096  -0.0152  -0.0244  -0.0385  -0.0515   0.0513
        6|  -0.0252    0.025   0.0254    0.021   0.0165   0.0125  0.00924  0.00667  0.00464  0.00299  0.00159 0.000296 -0.00102 -0.00253 -0.00441 -0.00692  -0.0104  -0.0153  -0.0221  -0.0302  -0.0338   0.0338
        5|  -0.0187   0.0186   0.0194   0.0168   0.0138   0.0109  0.00828  0.00611   0.0043  0.00277  0.00141 0.000131  -0.0012 -0.00269 -0.00451 -0.00682 -0.00981  -0.0136  -0.0182  -0.0229  -0.0234   0.0234
        4|  -0.0138   0.0137   0.0146    0.013    0.011  0.00887  0.00693  0.00519  0.00369  0.00237  0.00117 2.77e-06  -0.0012 -0.00254 -0.00412 -0.00605 -0.00839  -0.0112  -0.0142  -0.0169  -0.0165   0.0166
        3| -0.00985  0.00979   0.0105  0.00953  0.00818  0.00675  0.00534  0.00406  0.00289  0.00185  0.00087-7.71e-05 -0.00106 -0.00215 -0.00339 -0.00485 -0.00655 -0.00844  -0.0104  -0.0119  -0.0114   0.0114
        2| -0.00644   0.0064  0.00695  0.00634   0.0055  0.00458  0.00366  0.00279  0.00199  0.00125 0.000555-0.000127-0.000827 -0.00159 -0.00245 -0.00343 -0.00452 -0.00569 -0.00682 -0.00769 -0.00724  0.00727
        1| -0.00334  0.00339  0.00375  0.00341  0.00296  0.00246  0.00196  0.00148  0.00103 0.000624 0.000232-0.000146-0.000536-0.000946  -0.0014  -0.0019 -0.00244 -0.00299 -0.00351  -0.0039 -0.00364  0.00363
        0|  -0.0149        0        0        0        0        0        0        0        0        0        0        0        0        0        0        0        0        0        0        0        0    0.016

rhs (22x12): 
         |        0        1        2        3        4        5        6        7        8        9       10       11       12       13       14       15       16       17       18       19       20       21
-------------------------------------------------------------------------------------------------------------------------------------------------------------------------------------------------------------------------
       11|        0        0        0        0        0        0        0        0        0        0        0        0        0        0        0        0        0        0        0        0        0        0
       10|        0     1.16   -0.143    0.111    0.103   0.0689   0.0486   0.0307   0.0241   0.0154   0.0152   0.0119   0.0138  0.00952   0.0171    0.025   0.0526    0.104    0.199     0.11    -3.36        0
        9|        0    -0.13    0.202    0.166    0.101   0.0666   0.0399     0.03   0.0175   0.0161  0.00909   0.0119  0.00988   0.0188   0.0215   0.0431   0.0826    0.195    0.435    0.666    0.041        0
        8|        0  -0.0898  -0.0248   -0.014 -0.00132 -0.00201  0.00306-0.000619  0.00337-0.000686  0.00322-0.000808  0.00362-4.62e-05  0.00428 0.000979  0.00649   0.0065   0.0159   -0.023  -0.0535        0
        7|        0  -0.0359  -0.0157 -0.00716 -0.00706-0.000642 -0.00323   0.0015 -0.00207  0.00212 -0.00177  0.00225 -0.00178  0.00201  -0.0024 0.000589 -0.00566 -0.00717  -0.0241  -0.0408   -0.043        0
        6|        0  -0.0225 -0.00523 -0.00732 -0.00133 -0.00388  0.00101 -0.00241  0.00189 -0.00191  0.00215 -0.00181  0.00208 -0.00209  0.00149 -0.00331 -0.00102 -0.00833  -0.0102  -0.0199 -0.00303        0
        5|        0  -0.0125 -0.00624 -0.00134 -0.00419 0.000683 -0.00267  0.00172   -0.002  0.00212 -0.00179   0.0022 -0.00186  0.00196 -0.00233  0.00105 -0.00402 -0.00189 -0.00857 -0.00678  0.00308        0
        4|        0  -0.0119 -0.00077 -0.00422 0.000469  -0.0029  0.00155 -0.00211  0.00208 -0.00178  0.00227 -0.00172  0.00221  -0.0019  0.00183 -0.00259 0.000648 -0.00446 -0.00196 -0.00702  0.00755        0
        3|        0 -0.00691 -0.00398 0.000379  -0.0031  0.00135 -0.00226    0.002  -0.0018   0.0023 -0.00163  0.00236 -0.00168   0.0022 -0.00199  0.00165 -0.00289 0.000306 -0.00464 -0.00129  0.00456        0
        2|        0  -0.0342  -0.0286    -0.03  -0.0222  -0.0219  -0.0135  -0.0133 -0.00555 -0.00616 0.000725-0.000858  0.00522  0.00304   0.0085  0.00556   0.0101  0.00615  0.00977  0.00541   0.0169        0
        1|        0    0.129    0.134    0.134    0.122    0.116   0.0987   0.0875   0.0665   0.0519   0.0281   0.0111  -0.0156  -0.0363  -0.0665  -0.0902   -0.122   -0.145   -0.173   -0.185   -0.184        0
        0|        0        0        0        0        0        0        0        0        0        0        0        0        0        0        0        0        0        0        0        0        0        0

