t: 0.710683
nCells: 20x10, dx: 0.1, dy: 0.1

u (22x12): 
         |        0        1        2        3        4        5        6        7        8        9       10       11       12       13       14       15       16       17       18       19       20
-------------------------------------------------------------------------------------------------------------------------------------------------------------------------------------------------------------------------
       11|        0     1.94     1.92     1.91      1.9      1.9     1.89     1.89     1.89     1.89     1.89     1.89     1.89     1.89     1.89     1.89      1.9      1.9     1.91     1.94        0
       10|        0   0.0572   0.0837   0.0966    0.104    0.108     0.11    0.112    0.113    0.114    0.114    0.114    0.114    0.113    0.112     0.11    0.107    0.101   0.0892   0.0623        0
        9|        0  -0.0223  -0.0234  -0.0203  -0.0173   -0.015  -0.0134  -0.0123  -0.0116  -0.0112   -0.011  -0.0111  -0.0114  -0.0119  -0.0129  -0.0144  -0.0164  -0.0192   -0.022  -0.0207        0
        8|        0  -0.0115  -0.0167  -0.0179  -0.0176  -0.0168  -0.0161  -0.0155  -0.0151  -0.0149  -0.0148  -0.0149  -0.0151  -0.0156  -0.0163  -0.0173  -0.0184  -0.0195  -0.0194  -0.0149        0
        7|        0 -0.00671  -0.0113  -0.0136  -0.0145  -0.0147  -0.0146  -0.0145  -0.0143  -0.0142  -0.0142  -0.0143  -0.0144  -0.0146  -0.0149  -0.0152  -0.0153  -0.0149   -0.013 -0.00829        0
        6|        0 -0.00445 -0.00813  -0.0105  -0.0119  -0.0127  -0.0131  -0.0133  -0.0134  -0.0134  -0.0135  -0.0135  -0.0135  -0.0135  -0.0134  -0.0132  -0.0127  -0.0114 -0.00911 -0.00518        0
        5|        0 -0.00327 -0.00625  -0.0085  -0.0101  -0.0111  -0.0118  -0.0122  -0.0125  -0.0126  -0.0127  -0.0127  -0.0126  -0.0125  -0.0121  -0.0116  -0.0106 -0.00912 -0.00683 -0.00365        0
        4|        0  -0.0026 -0.00509 -0.00715 -0.00874 -0.00992  -0.0108  -0.0113  -0.0117  -0.0119   -0.012   -0.012  -0.0118  -0.0115   -0.011  -0.0103 -0.00916 -0.00758 -0.00547 -0.00282        0
        3|        0  -0.0022 -0.00438 -0.00627 -0.00782 -0.00904 -0.00996  -0.0106  -0.0111  -0.0113  -0.0115  -0.0114  -0.0112  -0.0108  -0.0102 -0.00934 -0.00815 -0.00659 -0.00464 -0.00234        0
        2|        0 -0.00197 -0.00395 -0.00573 -0.00724 -0.00847 -0.00942  -0.0101  -0.0106  -0.0109   -0.011   -0.011  -0.0107  -0.0103 -0.00965 -0.00873 -0.00752 -0.00599 -0.00415 -0.00208        0
        1|        0 -0.00187 -0.00381 -0.00555 -0.00705 -0.00827 -0.00924 -0.00995  -0.0104  -0.0107  -0.0108  -0.0107  -0.0104 -0.00995 -0.00925  -0.0083 -0.00708 -0.00559 -0.00384 -0.00189        0
        0|        0 -0.00155 -0.00315 -0.00462 -0.00592 -0.00702  -0.0079 -0.00858 -0.00906 -0.00935 -0.00946 -0.00939 -0.00914 -0.00869 -0.00804 -0.00717 -0.00608 -0.00477 -0.00326 -0.00162        0

v (22x12): 
         |        0        1        2        3        4        5        6        7        8        9       10       11       12       13       14       15       16       17       18       19       20       21
-------------------------------------------------------------------------------------------------------------------------------------------------------------------------------------------------------------------------
       10|        0        0        0        0        0        0        0        0        0        0        0        0        0        0        0        0        0        0        0        0        0        0
        9|  -0.0557   0.0572   0.0265   0.0129    0.007  0.00411  0.00255  0.00162  0.00103 0.000615 0.000296 6.97e-06-0.000285-0.000624 -0.00109 -0.00183 -0.00315  -0.0058  -0.0118   -0.027  -0.0623   0.0603
        8|   -0.034   0.0349   0.0254   0.0159     0.01  0.00639  0.00416  0.00272  0.00174  0.00103  0.00046-5.05e-05-0.000579 -0.00121 -0.00205 -0.00328 -0.00525  -0.0086  -0.0146  -0.0256  -0.0415   0.0399
        7|  -0.0227   0.0234   0.0202   0.0147   0.0103  0.00714  0.00489  0.00331  0.00215  0.00127 0.000536-0.000139-0.000845 -0.00167 -0.00275 -0.00424 -0.00641 -0.00966  -0.0145  -0.0212  -0.0266   0.0257
        6|  -0.0162   0.0167   0.0156   0.0125  0.00944  0.00692  0.00496  0.00346  0.00229  0.00136 0.000554-0.000203 -0.00099  -0.0019 -0.00303 -0.00452 -0.00652  -0.0092  -0.0126  -0.0165  -0.0184   0.0177
        5|  -0.0119   0.0123   0.0119   0.0101  0.00803  0.00616  0.00457  0.00327  0.00221  0.00131 0.000521-0.000232 -0.00102  -0.0019 -0.00297 -0.00429 -0.00595 -0.00798  -0.0103  -0.0125  -0.0132   0.0127
        4| -0.00872  0.00899  0.00895   0.0078  0.00645  0.00511   0.0039  0.00285  0.00195  0.00116 0.000454-0.000232 -0.00094 -0.00173 -0.00264 -0.00373 -0.00501 -0.00648 -0.00801 -0.00936 -0.00953  0.00921
        3| -0.00621  0.00639  0.00645  0.00574  0.00486  0.00394  0.00306  0.00227  0.00157  0.00094 0.000359-0.000205-0.000788 -0.00142 -0.00214 -0.00297  -0.0039  -0.0049  -0.0059 -0.00671 -0.00672   0.0065
        2| -0.00407  0.00419  0.00427  0.00385  0.00331  0.00272  0.00214  0.00161  0.00112 0.000669  0.00025-0.000161-0.000582 -0.00104 -0.00154  -0.0021 -0.00271 -0.00334 -0.00394 -0.00442 -0.00437  0.00424
        1| -0.00217  0.00223  0.00228  0.00207  0.00179  0.00149  0.00119 0.000895 0.000623 0.000371 0.000131-0.000104-0.000346  -0.0006-0.000877 -0.00118 -0.00149 -0.00181 -0.00211 -0.00234  -0.0023  0.00223
        0| -0.00897  0.00927   0.0096  0.00902  0.00817  0.00713  0.00597  0.00472  0.00342   0.0021 0.000759-0.000587 -0.00193 -0.00328 -0.00461 -0.00591 -0.00713 -0.00823 -0.00913 -0.00976 -0.00947  0.00915

p (22x12): 
         |        0        1        2        3        4        5        6        7        8        9       10       11       12       13       14       15       16       17       18       19       20       21
-------------------------------------------------------------------------------------------------------------------------------------------------------------------------------------------------------------------------
       11|   -0.309   -0.309   -0.301   -0.296   -0.293    -0.29   -0.287   -0.284   -0.282    -0.28   -0.278   -0.276   -0.273   -0.271   -0.269   -0.267   -0.264    -0.26   -0.256   -0.249   -0.236   -0.236
       10|   -0.309   -0.309   -0.301   -0.296   -0.293    -0.29   -0.287   -0.284   -0.282    -0.28   -0.278   -0.276   -0.273   -0.271   -0.269   -0.267   -0.264    -0.26   -0.256   -0.249   -0.236   -0.236
        9|   -0.301   -0.301   -0.298   -0.295   -0.292   -0.289   -0.286   -0.284   -0.282    -0.28   -0.278   -0.276   -0.273   -0.271   -0.269   -0.267   -0.264   -0.261   -0.258   -0.253   -0.248   -0.248
        8|   -0.296   -0.296   -0.294   -0.292    -0.29   -0.288   -0.286   -0.284   -0.282   -0.279   -0.277   -0.275   -0.273   -0.271   -0.269   -0.267   -0.265   -0.262   -0.259   -0.256   -0.254   -0.254
        7|   -0.292   -0.292   -0.292    -0.29   -0.289   -0.287   -0.285   -0.283   -0.281   -0.279   -0.277   -0.275   -0.274   -0.272    -0.27   -0.268   -0.265   -0.263   -0.261   -0.259   -0.258   -0.258
        6|    -0.29    -0.29    -0.29   -0.289   -0.287   -0.286   -0.284   -0.283   -0.281   -0.279   -0.277   -0.275   -0.274   -0.272    -0.27   -0.268   -0.266   -0.264   -0.263   -0.261   -0.261   -0.261
        5|   -0.288   -0.288   -0.288   -0.287   -0.286   -0.285   -0.284   -0.282    -0.28   -0.279   -0.277   -0.275   -0.274   -0.272    -0.27   -0.269   -0.267   -0.265   -0.264   -0.263   -0.263   -0.263
        4|   -0.287   -0.287   -0.287   -0.286   -0.285   -0.284   -0.283   -0.282    -0.28   -0.279   -0.277   -0.275   -0.274   -0.272   -0.271   -0.269   -0.268   -0.266   -0.265   -0.264   -0.264   -0.264
        3|   -0.286   -0.286   -0.286   -0.286   -0.285   -0.284   -0.283   -0.281    -0.28   -0.278   -0.277   -0.275   -0.274   -0.272   -0.271   -0.269   -0.268   -0.267   -0.266   -0.265   -0.265   -0.265
        2|   -0.286   -0.286   -0.286   -0.285   -0.284   -0.283   -0.282   -0.281    -0.28   -0.278   -0.277   -0.275   -0.274   -0.272   -0.271    -0.27   -0.268   -0.267   -0.266   -0.266   -0.266   -0.266
        1|   -0.286   -0.286   -0.285   -0.285   -0.284   -0.283   -0.282   -0.281    -0.28   -0.278   -0.277   -0.275   -0.274   -0.272   -0.271    -0.27   -0.268   -0.267   -0.267   -0.266   -0.266   -0.266
        0|   -0.284   -0.284   -0.284   -0.284   -0.283   -0.282   -0.281    -0.28   -0.279   -0.278   -0.277   -0.275   -0.274   -0.273   -0.272   -0.271    -0.27   -0.269   -0.268   -0.268   -0.267   -0.267

F (22x12): 
         |        0        1        2        3        4        5        6        7        8        9       10       11       12       13       14       15       16       17       18       19       20
-------------------------------------------------------------------------------------------------------------------------------------------------------------------------------------------------------------------------
       11|        0     1.94     1.92     1.91      1.9      1.9     1.89     1.89     1.89     1.89     1.89     1.89     1.89     1.89     1.89     1.89      1.9      1.9     1.91     1.94        0
       10|        0   0.0592   0.0849   0.0976    0.104    0.108    0.111    0.112    0.113    0.114    0.114    0.114    0.114    0.113    0.112    0.111    0.108    0.102   0.0911   0.0655        0
        9|        0  -0.0216  -0.0225  -0.0195  -0.0166  -0.0144  -0.0128  -0.0117   -0.011  -0.0106  -0.0105  -0.0105  -0.0108  -0.0114  -0.0123  -0.0137  -0.0157  -0.0183  -0.0209  -0.0193        0
        8|        0  -0.0112  -0.0162  -0.0173   -0.017  -0.0163  -0.0156   -0.015  -0.0146  -0.0144  -0.0143  -0.0144  -0.0146  -0.0151  -0.0157  -0.0167  -0.0178  -0.0188  -0.0186  -0.0143        0
        7|        0 -0.00652  -0.0109  -0.0131   -0.014  -0.0142  -0.0141   -0.014  -0.0138  -0.0137  -0.0137  -0.0138  -0.0139  -0.0141  -0.0144  -0.0147  -0.0148  -0.0143  -0.0125 -0.00797        0
        6|        0 -0.00433 -0.00788  -0.0102  -0.0116  -0.0123  -0.0127  -0.0128  -0.0129   -0.013   -0.013   -0.013   -0.013   -0.013   -0.013  -0.0127  -0.0122   -0.011 -0.00877 -0.00499        0
        5|        0 -0.00317 -0.00606 -0.00823 -0.00975  -0.0108  -0.0114  -0.0118  -0.0121  -0.0122  -0.0123  -0.0123  -0.0122   -0.012  -0.0117  -0.0111  -0.0102 -0.00878 -0.00658 -0.00351        0
        4|        0 -0.00252 -0.00493 -0.00692 -0.00846 -0.00959  -0.0104  -0.0109  -0.0113  -0.0115  -0.0116  -0.0116  -0.0114  -0.0111  -0.0106 -0.00991 -0.00883 -0.00731 -0.00527 -0.00272        0
        3|        0 -0.00213 -0.00424 -0.00607 -0.00757 -0.00874 -0.00962  -0.0103  -0.0107   -0.011  -0.0111   -0.011  -0.0108  -0.0104 -0.00985 -0.00901 -0.00786 -0.00635 -0.00447 -0.00226        0
        2|        0 -0.00191 -0.00383 -0.00554   -0.007 -0.00818  -0.0091 -0.00979  -0.0103  -0.0105  -0.0107  -0.0106  -0.0104 -0.00995  -0.0093 -0.00842 -0.00724 -0.00577   -0.004   -0.002        0
        1|        0 -0.00182 -0.00369 -0.00537 -0.00681   -0.008 -0.00892  -0.0096  -0.0101  -0.0103  -0.0104  -0.0103  -0.0101 -0.00959 -0.00891 -0.00799 -0.00682 -0.00538  -0.0037 -0.00183        0
        0|        0        0        0        0        0        0        0        0        0        0        0        0        0        0        0        0        0        0        0        0        0

G (22x12): 
         |        0        1        2        3        4        5        6        7        8        9       10       11       12       13       14       15       16       17       18       19       20       21
-------------------------------------------------------------------------------------------------------------------------------------------------------------------------------------------------------------------------
       10|        0        0        0        0        0        0        0        0        0        0        0        0        0        0        0        0        0        0        0        0        0        0
        9|  -0.0557   0.0551   0.0257   0.0125  0.00675  0.00396  0.00245  0.00155 0.000982 0.000586 0.000278 7.71e-08-0.000281 -0.00061 -0.00106 -0.00178 -0.00305 -0.00558  -0.0113  -0.0258  -0.0592   0.0603
        8|   -0.034   0.0336   0.0245   0.0153   0.0096  0.00613  0.00399   0.0026  0.00166 0.000977 0.000429-6.45e-05-0.000576 -0.00119   -0.002 -0.00321 -0.00512 -0.00837  -0.0142  -0.0248    -0.04   0.0399
        7|  -0.0227   0.0226   0.0195   0.0142  0.00995  0.00686   0.0047  0.00317  0.00206  0.00121 0.000502 -0.00015-0.000834 -0.00164 -0.00268 -0.00412 -0.00623 -0.00937   -0.014  -0.0204  -0.0256   0.0257
        6|  -0.0162   0.0161   0.0151    0.012   0.0091  0.00667  0.00477  0.00332   0.0022   0.0013 0.000521 -0.00021-0.000972 -0.00185 -0.00295 -0.00439 -0.00632  -0.0089  -0.0122  -0.0159  -0.0177   0.0177
        5|  -0.0119   0.0118   0.0115  0.00972  0.00774  0.00594   0.0044  0.00315  0.00212  0.00126 0.000492-0.000236-0.000996 -0.00185 -0.00288 -0.00416 -0.00576 -0.00772 -0.00995  -0.0121  -0.0127   0.0127
        4| -0.00872  0.00867  0.00865  0.00754  0.00623  0.00493  0.00376  0.00274  0.00187  0.00111 0.000429-0.000233-0.000919 -0.00168 -0.00256 -0.00361 -0.00485 -0.00626 -0.00774 -0.00904 -0.00918  0.00921
        3| -0.00621  0.00617  0.00624  0.00555   0.0047   0.0038  0.00296  0.00219  0.00151 0.000903 0.000341-0.000205 -0.00077 -0.00138 -0.00208 -0.00287 -0.00377 -0.00474  -0.0057 -0.00648 -0.00647   0.0065
        2| -0.00407  0.00405  0.00413  0.00372   0.0032  0.00263  0.00207  0.00155  0.00108 0.000644 0.000238 -0.00016-0.000568 -0.00101 -0.00149 -0.00203 -0.00262 -0.00324 -0.00382 -0.00427 -0.00422  0.00424
        1| -0.00217  0.00219  0.00225  0.00204  0.00177  0.00147  0.00117 0.000882 0.000613 0.000365 0.000128-0.000104-0.000342-0.000591-0.000863 -0.00116 -0.00147 -0.00178 -0.00207 -0.00229 -0.00224  0.00223
        0| -0.00897        0        0        0        0        0        0        0        0        0        0        0        0        0        0        0        0        0        0        0        0  0.00915

rhs (22x12): 
         |        0        1        2        3        4        5        6        7        8        9       10       11       12       13       14       15       16       17       18       19       20       21
-------------------------------------------------------------------------------------------------------------------------------------------------------------------------------------------------------------------------
       11|        0        0        0        0        0        0        0        0        0        0        0        0        0        0        0        0        0        0        0        0        0        0
       10|        0     1.63  -0.0153   0.0636   0.0396   0.0212    0.013  0.00755    0.006  0.00404  0.00458  0.00323  0.00395  0.00441  0.00757   0.0111   0.0205   0.0376   0.0721   0.0732    -2.44        0
        9|        0  -0.0675    0.108   0.0688   0.0344   0.0196   0.0106  0.00765  0.00429  0.00418  0.00248  0.00427  0.00429  0.00665  0.00829   0.0152   0.0268   0.0585    0.132    0.229   0.0253        0
        8|        0  -0.0544  -0.0125 -0.00609 -0.00141 -0.00117 0.000466-0.000447 0.000748-0.000342 0.000784-0.000264 0.000897-0.000216 0.000887-0.000321 0.000457 -0.00183 -0.00517  -0.0213  -0.0156        0
        7|        0  -0.0222 -0.00648 -0.00298 -0.00241-0.000364 -0.00099 0.000381-0.000606 0.000576-0.000516 0.000609-0.000538 0.000506 -0.00077 1.37e-05 -0.00182 -0.00224 -0.00653 -0.00972 -0.00136        0
        6|        0  -0.0129 -0.00236 -0.00254-0.000617  -0.0012 0.000233-0.000702 0.000517-0.000548 0.000591-0.000527 0.000563-0.000618 0.000373 -0.00099-0.000332 -0.00227 -0.00248 -0.00498  0.00488        0
        5|        0 -0.00783  -0.0022-0.000648 -0.00133 0.000114-0.000787 0.000465-0.000574 0.000586-0.000514   0.0006-0.000542 0.000525-0.000691 0.000253 -0.00116-0.000504 -0.00226 -0.00173  0.00431        0
        4|        0 -0.00656-0.000476 -0.00135  3.3e-05-0.000866  0.00041-0.000605 0.000578-0.000505 0.000629-0.000496 0.000603-0.000558 0.000484-0.000763 0.000152 -0.00126-0.000504 -0.00192  0.00469        0
        3|        0 -0.00456 -0.00129-8.82e-06 -0.00094 0.000344 -0.00065 0.000555-0.000508 0.000643-0.000462 0.000651-0.000485 0.000598-0.000585 0.000431-0.000841 7.15e-05 -0.00129-0.000351  0.00342        0
        2|        0  -0.0173  -0.0131  -0.0131  -0.0103 -0.00958 -0.00657 -0.00586 -0.00302 -0.00257-3.14e-05 0.000108  0.00239  0.00234  0.00442  0.00412  0.00588  0.00522  0.00662  0.00565   0.0107        0
        1|        0    0.145    0.146    0.139    0.126    0.113   0.0946   0.0772   0.0566   0.0375   0.0158  -0.0041  -0.0267  -0.0475  -0.0708  -0.0917   -0.114   -0.132    -0.15    -0.16   -0.161        0
        0|        0        0        0        0        0        0        0        0        0        0        0        0        0        0        0        0        0        0        0        0        0        0

