t: 0.100186
nCells: 20x10, dx: 0.1, dy: 0.1

u (22x12): 
         |        0        1        2        3        4        5        6        7        8        9       10       11       12       13       14       15       16       17       18       19       20
-------------------------------------------------------------------------------------------------------------------------------------------------------------------------------------------------------------------------
       11|        0     1.99     1.99     1.99     1.99     1.99     1.99     1.99     1.99     1.99     1.99     1.99     1.99     1.99     1.99     1.99     1.99     1.99     1.99     1.99        0
       10|        0  0.00977   0.0136   0.0154   0.0163   0.0169   0.0172   0.0174   0.0175   0.0176   0.0176   0.0176   0.0175   0.0174   0.0172   0.0169   0.0163   0.0154   0.0136  0.00979        0
        9|        0 -0.00395 -0.00404 -0.00352 -0.00304 -0.00268 -0.00243 -0.00226 -0.00216  -0.0021 -0.00208  -0.0021 -0.00216 -0.00226 -0.00243 -0.00268 -0.00303 -0.00351 -0.00404 -0.00395        0
        8|        0 -0.00193 -0.00262 -0.00271 -0.00259 -0.00244  -0.0023  -0.0022 -0.00213 -0.00208 -0.00207 -0.00208 -0.00213  -0.0022  -0.0023 -0.00244  -0.0026 -0.00271 -0.00263 -0.00194        0
        7|        0 -0.00109 -0.00175 -0.00203 -0.00211 -0.00211 -0.00207 -0.00202 -0.00199 -0.00197 -0.00196 -0.00197 -0.00199 -0.00203 -0.00207 -0.00211 -0.00212 -0.00203 -0.00175  -0.0011        0
        6|        0-0.000706 -0.00123 -0.00156 -0.00173 -0.00181 -0.00184 -0.00184 -0.00184 -0.00184 -0.00184 -0.00184 -0.00184 -0.00184 -0.00184 -0.00181 -0.00173 -0.00156 -0.00124-0.000708        0
        5|        0-0.000504-0.000925 -0.00123 -0.00143 -0.00156 -0.00163 -0.00167 -0.00169  -0.0017 -0.00171  -0.0017 -0.00169 -0.00167 -0.00163 -0.00156 -0.00143 -0.00123-0.000926-0.000504        0
        4|        0-0.000387-0.000732 -0.00101 -0.00121 -0.00136 -0.00145 -0.00152 -0.00156 -0.00158 -0.00159 -0.00158 -0.00156 -0.00152 -0.00146 -0.00136 -0.00121 -0.00101-0.000733-0.000388        0
        3|        0-0.000316-0.000608-0.000856 -0.00105  -0.0012 -0.00131 -0.00139 -0.00144 -0.00147 -0.00148 -0.00147 -0.00144 -0.00139 -0.00131  -0.0012 -0.00105-0.000857-0.000609-0.000317        0
        2|        0-0.000272-0.000529-0.000755-0.000943 -0.00109 -0.00121 -0.00129 -0.00134 -0.00138 -0.00139 -0.00138 -0.00134 -0.00129 -0.00121 -0.00109-0.000943-0.000755-0.000529-0.000272        0
        1|        0-0.000245-0.000481-0.000691-0.000871 -0.00102 -0.00113 -0.00121 -0.00127  -0.0013 -0.00131  -0.0013 -0.00127 -0.00121 -0.00113 -0.00102-0.000871-0.000692-0.000481-0.000245        0
        0|        0-0.000205-0.000402-0.000582-0.000739-0.000871-0.000975 -0.00105 -0.00111 -0.00114 -0.00115 -0.00114 -0.00111 -0.00105-0.000976-0.000871 -0.00074-0.000583-0.000403-0.000205        0

v (22x12): 
         |        0        1        2        3        4        5        6        7        8        9       10       11       12       13       14       15       16       17       18       19       20       21
-------------------------------------------------------------------------------------------------------------------------------------------------------------------------------------------------------------------------
       10|        0        0        0        0        0        0        0        0        0        0        0        0        0        0        0        0        0        0        0        0        0        0
        9| -0.00737  0.00977  0.00386  0.00177 0.000928 0.000537 0.000331 0.000209 0.000128 7.01e-05 2.25e-05-2.18e-05-6.93e-05-0.000127-0.000207-0.000329-0.000535-0.000925 -0.00177 -0.00386 -0.00979  0.00738
        8| -0.00439  0.00582  0.00378  0.00229  0.00141 0.000893 0.000579 0.000376 0.000235  0.00013 4.17e-05-4.08e-05-0.000129-0.000234-0.000374-0.000577-0.000891 -0.00141 -0.00229 -0.00378 -0.00584   0.0044
        7| -0.00294  0.00389  0.00308   0.0022  0.00153  0.00105 0.000715 0.000481 0.000308 0.000172 5.54e-05-5.45e-05-0.000171-0.000306-0.000479-0.000714 -0.00105 -0.00152  -0.0022 -0.00309  -0.0039  0.00295
        6| -0.00213   0.0028  0.00243  0.00192  0.00144  0.00105 0.000755 0.000524 0.000342 0.000194 6.29e-05 -6.2e-05-0.000193-0.000342-0.000523-0.000754 -0.00105 -0.00144 -0.00192 -0.00243  -0.0028  0.00213
        5|  -0.0016  0.00209   0.0019   0.0016  0.00127 0.000975 0.000724 0.000517 0.000345 0.000197 6.45e-05-6.38e-05-0.000197-0.000344-0.000517-0.000724-0.000975 -0.00127  -0.0016 -0.00191 -0.00209   0.0016
        4| -0.00123  0.00159  0.00148  0.00129  0.00107  0.00085 0.000651 0.000476 0.000323 0.000187 6.13e-05-6.07e-05-0.000186-0.000322-0.000475 -0.00065 -0.00085 -0.00107 -0.00129 -0.00148 -0.00159  0.00123
        3|-0.000944   0.0012  0.00114  0.00102 0.000864 0.000706 0.000553 0.000412 0.000284 0.000166 5.47e-05-5.42e-05-0.000165-0.000283-0.000412-0.000553-0.000706-0.000864 -0.00102 -0.00114  -0.0012 0.000944
        2|-0.000714 0.000883 0.000847 0.000768 0.000666 0.000555 0.000443 0.000336 0.000234 0.000138 4.57e-05-4.53e-05-0.000138-0.000234-0.000336-0.000443-0.000555-0.000666-0.000768-0.000847-0.000884 0.000714
        1|-0.000519 0.000611  0.00059 0.000542 0.000478 0.000406  0.00033 0.000254 0.000179 0.000106 3.54e-05-3.51e-05-0.000106-0.000179-0.000253 -0.00033-0.000406-0.000478-0.000542 -0.00059-0.000612  0.00052
        0|-0.000854  0.00121  0.00118   0.0011 0.000995 0.000864 0.000718 0.000563 0.000404 0.000243 8.11e-05-8.08e-05-0.000243-0.000404-0.000563-0.000718-0.000864-0.000995  -0.0011 -0.00118 -0.00122 0.000854

p (22x12): 
         |        0        1        2        3        4        5        6        7        8        9       10       11       12       13       14       15       16       17       18       19       20       21
-------------------------------------------------------------------------------------------------------------------------------------------------------------------------------------------------------------------------
       11|  -0.0383  -0.0383  -0.0283  -0.0221  -0.0176  -0.0141   -0.011 -0.00833 -0.00582 -0.00344 -0.00112  0.00118   0.0035  0.00588  0.00838   0.0111   0.0141   0.0177   0.0221   0.0284   0.0385   0.0385
       10|  -0.0383  -0.0383  -0.0283  -0.0221  -0.0176  -0.0141   -0.011 -0.00833 -0.00582 -0.00344 -0.00112  0.00118   0.0035  0.00588  0.00838   0.0111   0.0141   0.0177   0.0221   0.0284   0.0385   0.0385
        9|  -0.0284  -0.0284  -0.0244  -0.0203  -0.0167  -0.0135  -0.0107 -0.00813  -0.0057 -0.00337  -0.0011  0.00116  0.00343  0.00576  0.00819   0.0108   0.0136   0.0168   0.0204   0.0245   0.0286   0.0286
        8|  -0.0226  -0.0226  -0.0207  -0.0181  -0.0153  -0.0127  -0.0102 -0.00777 -0.00548 -0.00325 -0.00106  0.00112  0.00332  0.00555  0.00784   0.0102   0.0127   0.0154   0.0181   0.0208   0.0228   0.0228
        7|  -0.0188  -0.0188  -0.0177  -0.0159  -0.0139  -0.0117 -0.00949 -0.00733  -0.0052 -0.00309 -0.00101  0.00107  0.00316  0.00526   0.0074  0.00956   0.0117   0.0139    0.016   0.0178   0.0189   0.0189
        6|  -0.0161  -0.0161  -0.0154  -0.0141  -0.0125  -0.0107 -0.00879 -0.00685 -0.00489 -0.00292 -0.00095  0.00102  0.00299  0.00496  0.00692  0.00886   0.0108   0.0126   0.0142   0.0155   0.0162   0.0162
        5|  -0.0141  -0.0141  -0.0136  -0.0126  -0.0113  -0.0098 -0.00814 -0.00638 -0.00458 -0.00274-0.000893 0.000964  0.00282  0.00465  0.00646  0.00821  0.00987   0.0114   0.0127   0.0137   0.0142   0.0142
        4|  -0.0126  -0.0126  -0.0122  -0.0114  -0.0104 -0.00905 -0.00757 -0.00598 -0.00431 -0.00259-0.000841 0.000914  0.00266  0.00438  0.00605  0.00765  0.00913   0.0104   0.0115   0.0123   0.0127   0.0127
        3|  -0.0116  -0.0116  -0.0113  -0.0106 -0.00964 -0.00847 -0.00712 -0.00565 -0.00408 -0.00246-0.000798 0.000873  0.00253  0.00416  0.00572   0.0072  0.00855  0.00972   0.0107   0.0113   0.0117   0.0117
        2|  -0.0109  -0.0109  -0.0106    -0.01 -0.00914 -0.00806  -0.0068 -0.00541 -0.00392 -0.00236-0.000766 0.000842  0.00244    0.004  0.00549  0.00688  0.00814  0.00922   0.0101   0.0107    0.011    0.011
        1|  -0.0105  -0.0105  -0.0103 -0.00968 -0.00886 -0.00783 -0.00662 -0.00527 -0.00382 -0.00231-0.000747 0.000824  0.00238   0.0039  0.00535   0.0067  0.00791  0.00894  0.00976   0.0103   0.0106   0.0106
        0| -0.00908 -0.00908 -0.00884 -0.00836 -0.00767 -0.00679 -0.00576 -0.00459 -0.00334 -0.00201 -0.00065 0.000727  0.00209  0.00341  0.00467  0.00584  0.00687  0.00775  0.00844  0.00892  0.00916  0.00916

F (22x12): 
         |        0        1        2        3        4        5        6        7        8        9       10       11       12       13       14       15       16       17       18       19       20
-------------------------------------------------------------------------------------------------------------------------------------------------------------------------------------------------------------------------
       11|        0     1.99     1.99     1.99     1.99     1.99     1.99     1.99     1.99     1.99     1.99     1.99     1.99     1.99     1.99     1.99     1.99     1.99     1.99     1.99        0
       10|        0   0.0123   0.0152   0.0165   0.0172   0.0176   0.0179    0.018   0.0181   0.0182   0.0182   0.0182   0.0181    0.018   0.0179   0.0176   0.0172   0.0165   0.0152   0.0123        0
        9|        0 -0.00295   -0.003 -0.00261 -0.00224 -0.00197 -0.00178 -0.00165 -0.00157 -0.00153 -0.00151 -0.00153 -0.00157 -0.00165 -0.00178 -0.00197 -0.00224  -0.0026   -0.003 -0.00293        0
        8|        0 -0.00145 -0.00196 -0.00202 -0.00193 -0.00181  -0.0017 -0.00162 -0.00157 -0.00153 -0.00152 -0.00153 -0.00157 -0.00162  -0.0017 -0.00181 -0.00193 -0.00202 -0.00196 -0.00145        0
        7|        0-0.000817  -0.0013 -0.00151 -0.00157 -0.00156 -0.00153 -0.00149 -0.00146 -0.00144 -0.00144 -0.00144 -0.00146 -0.00149 -0.00153 -0.00156 -0.00157 -0.00151  -0.0013-0.000819        0
        6|        0-0.000526-0.000915 -0.00115 -0.00128 -0.00133 -0.00135 -0.00135 -0.00135 -0.00134 -0.00134 -0.00134 -0.00135 -0.00135 -0.00135 -0.00133 -0.00128 -0.00115-0.000916-0.000526        0
        5|        0-0.000372-0.000682-0.000905 -0.00105 -0.00114 -0.00119 -0.00122 -0.00123 -0.00124 -0.00124 -0.00124 -0.00123 -0.00122 -0.00119 -0.00114 -0.00105-0.000905-0.000682-0.000373        0
        4|        0-0.000284-0.000535-0.000736-0.000883-0.000986 -0.00106  -0.0011 -0.00113 -0.00114 -0.00114 -0.00114 -0.00113  -0.0011 -0.00106-0.000986-0.000883-0.000736-0.000536-0.000284        0
        3|        0 -0.00023 -0.00044-0.000619 -0.00076-0.000867-0.000944-0.000997 -0.00103 -0.00105 -0.00106 -0.00105 -0.00103-0.000998-0.000944-0.000867 -0.00076-0.000619-0.000441 -0.00023        0
        2|        0-0.000195-0.000378-0.000538-0.000672-0.000777-0.000857-0.000915-0.000953-0.000975-0.000982-0.000975-0.000953-0.000915-0.000857-0.000777-0.000672-0.000539-0.000378-0.000195        0
        1|        0-0.000173-0.000338-0.000486-0.000611-0.000713-0.000792-0.000851 -0.00089-0.000913-0.000921-0.000913 -0.00089 -0.00085-0.000792-0.000713-0.000611-0.000486-0.000338-0.000173        0
        0|        0        0        0        0        0        0        0        0        0        0        0        0        0        0        0        0        0        0        0        0        0

G (22x12): 
         |        0        1        2        3        4        5        6        7        8        9       10       11       12       13       14       15       16       17       18       19       20       21
-------------------------------------------------------------------------------------------------------------------------------------------------------------------------------------------------------------------------
       10|        0        0        0        0        0        0        0        0        0        0        0        0        0        0        0        0        0        0        0        0        0        0
        9| -0.00737   0.0073  0.00291  0.00133 0.000701 0.000407 0.000252 0.000159 9.82e-05 5.37e-05 1.72e-05-1.69e-05-5.33e-05-9.77e-05-0.000158-0.000251-0.000406-0.000699 -0.00133  -0.0029  -0.0073  0.00738
        8| -0.00439  0.00437  0.00284  0.00173  0.00107 0.000678 0.000441 0.000287  0.00018 9.94e-05 3.19e-05-3.16e-05-9.91e-05 -0.00018-0.000287 -0.00044-0.000677 -0.00107 -0.00173 -0.00284 -0.00438   0.0044
        7| -0.00294  0.00293  0.00233  0.00167  0.00116 0.000797 0.000546 0.000368 0.000236 0.000132 4.25e-05-4.23e-05-0.000132-0.000236-0.000368-0.000546-0.000797 -0.00116 -0.00167 -0.00233 -0.00293  0.00295
        6| -0.00213  0.00211  0.00184  0.00146   0.0011 0.000807 0.000579 0.000403 0.000264  0.00015 4.85e-05-4.83e-05-0.000149-0.000264-0.000403-0.000579-0.000807  -0.0011 -0.00146 -0.00185 -0.00212  0.00213
        5|  -0.0016  0.00159  0.00146  0.00122 0.000976 0.000751  0.00056 0.000401 0.000268 0.000154 5.02e-05   -5e-05-0.000154-0.000268-0.000401 -0.00056-0.000751-0.000976 -0.00122 -0.00146 -0.00159   0.0016
        4| -0.00123  0.00122  0.00115 0.000999  0.00083 0.000663 0.000509 0.000374 0.000254 0.000147 4.83e-05-4.82e-05-0.000147-0.000254-0.000373-0.000509-0.000663 -0.00083   -0.001 -0.00115 -0.00122  0.00123
        3|-0.000944 0.000939 0.000894 0.000799 0.000683  0.00056  0.00044 0.000329 0.000227 0.000133 4.39e-05-4.37e-05-0.000133-0.000227-0.000329 -0.00044 -0.00056-0.000683  -0.0008-0.000895-0.000939 0.000944
        2|-0.000714 0.000711 0.000684 0.000621 0.000541 0.000453 0.000363 0.000276 0.000193 0.000114 3.77e-05-3.76e-05-0.000114-0.000193-0.000276-0.000363-0.000453-0.000541-0.000621-0.000684-0.000711 0.000714
        1|-0.000519 0.000518 0.000502 0.000462 0.000409 0.000348 0.000284 0.000219 0.000155 9.23e-05 3.07e-05-3.06e-05-9.22e-05-0.000155-0.000219-0.000284-0.000348-0.000409-0.000462-0.000502-0.000518  0.00052
        0|-0.000854        0        0        0        0        0        0        0        0        0        0        0        0        0        0        0        0        0        0        0        0 0.000854

rhs (22x12): 
         |        0        1        2        3        4        5        6        7        8        9       10       11       12       13       14       15       16       17       18       19       20       21
-------------------------------------------------------------------------------------------------------------------------------------------------------------------------------------------------------------------------
       11|        0        0        0        0        0        0        0        0        0        0        0        0        0        0        0        0        0        0        0        0        0        0
       10|        0     1.99 -0.00449 -0.00122-0.000638-0.000426-0.000268-0.000179-9.13e-05-3.24e-05 3.28e-05 7.29e-05 0.000146 0.000251 0.000383 0.000619 0.000992  0.00176  0.00329  0.00632    -2.01        0
        9|        0 -0.00628  0.00196 0.000998 0.000442 0.000244 0.000124 9.25e-05 5.41e-05 4.92e-05 3.84e-05 6.34e-05 7.59e-05 8.71e-05 0.000139 0.000201 0.000385 0.000743  0.00173  0.00349  0.00565        0
        8|        0 -0.00348-0.000215 -0.00011 -2.8e-05 -2.8e-05 1.73e-06-1.04e-05 4.03e-06-3.96e-06 2.37e-07-4.74e-08-5.47e-06 1.32e-06-1.46e-05-4.56e-06-3.87e-05 -5.1e-05-0.000173-0.000366  0.00217        0
        7|        0 -0.00178-9.97e-05-3.42e-05-3.65e-05-1.74e-06-1.52e-05 4.06e-06-7.03e-06 1.82e-06-2.59e-06-3.08e-06  1.9e-07-9.96e-06-2.56e-07-2.15e-05-1.12e-05-5.21e-05-6.06e-05-0.000137  0.00146        0
        6|        0 -0.00112-2.46e-05-3.77e-05-2.74e-06-1.87e-05 4.33e-06-9.74e-06 3.43e-06-4.69e-06-7.11e-07-1.22e-06-6.39e-06 5.75e-07-1.39e-05 -1.4e-06-2.66e-05-1.34e-05-5.19e-05-4.19e-05  0.00097        0
        5|        0-0.000758 -3.3e-05 -7.5e-07-2.05e-05 5.09e-06-1.19e-05 5.07e-06-6.59e-06 1.69e-06-2.75e-06-3.36e-06 1.38e-08-9.46e-06 1.07e-06-1.73e-05-1.63e-06-2.88e-05-1.06e-05-4.43e-05 0.000719        0
        4|        0-0.000589 3.22e-06-2.05e-05 6.48e-06-1.35e-05 6.79e-06-8.23e-06 4.08e-06-4.19e-06 -4.1e-07-1.01e-06-5.92e-06 1.31e-06-1.21e-05 1.82e-06-1.96e-05 -6.8e-07-2.87e-05 -5.7e-06 0.000534        0
        3|        0-0.000453-1.94e-05 8.27e-06-1.45e-05  8.5e-06-9.63e-06 6.37e-06-5.56e-06 2.38e-06-2.08e-06-2.74e-06 7.16e-07-8.33e-06 2.62e-06-1.44e-05 2.79e-06-2.11e-05 9.46e-07-2.73e-05 0.000453        0
        2|        0-0.000945-0.000518-0.000505-0.000428-0.000388-0.000302-0.000248-0.000166-0.000105-3.34e-05 3.32e-05 9.49e-05 0.000168 0.000219 0.000295 0.000333 0.000405 0.000422 0.000477 0.000852        0
        1|        0    0.138    0.134    0.125    0.113   0.0982   0.0816   0.0641    0.046   0.0276  0.00923  -0.0092  -0.0276  -0.0459   -0.064  -0.0816  -0.0981   -0.113   -0.125   -0.134   -0.138        0
        0|        0        0        0        0        0        0        0        0        0        0        0        0        0        0        0        0        0        0        0        0        0        0

