t: 0.813744
nCells: 20x10, dx: 0.1, dy: 0.1

u (22x12): 
         |        0        1        2        3        4        5        6        7        8        9       10       11       12       13       14       15       16       17       18       19       20
-------------------------------------------------------------------------------------------------------------------------------------------------------------------------------------------------------------------------
       11|        0 -0.00211 -0.00432 -0.00631 -0.00802 -0.00942  -0.0105  -0.0113  -0.0119  -0.0122  -0.0123  -0.0122  -0.0119  -0.0113  -0.0105 -0.00945 -0.00807 -0.00636 -0.00437 -0.00214        0
       10|        0 -0.00174 -0.00356 -0.00523 -0.00671 -0.00796 -0.00897 -0.00975  -0.0103  -0.0106  -0.0108  -0.0107  -0.0104 -0.00992 -0.00918 -0.00819 -0.00694 -0.00544 -0.00372 -0.00184        0
        9|        0 -0.00148 -0.00303 -0.00447 -0.00576 -0.00687 -0.00779  -0.0085 -0.00902 -0.00933 -0.00945 -0.00938 -0.00911 -0.00863 -0.00795 -0.00705 -0.00594 -0.00463 -0.00315 -0.00155        0
        8|        0 -0.00128 -0.00261 -0.00387   -0.005 -0.00598 -0.00681 -0.00745 -0.00792 -0.00821 -0.00832 -0.00825 -0.00799 -0.00755 -0.00692 -0.00611 -0.00512 -0.00398  -0.0027 -0.00132        0
        7|        0 -0.00111 -0.00228 -0.00338 -0.00438 -0.00526   -0.006 -0.00658 -0.00701 -0.00727 -0.00737  -0.0073 -0.00706 -0.00666 -0.00609 -0.00535 -0.00448 -0.00346 -0.00234 -0.00115        0
        6|        0-0.000985 -0.00202 -0.00299 -0.00389 -0.00468 -0.00534 -0.00587 -0.00626  -0.0065 -0.00659 -0.00652  -0.0063 -0.00593 -0.00541 -0.00475 -0.00396 -0.00305 -0.00206 -0.00101        0
        5|        0-0.000883 -0.00181 -0.00269  -0.0035 -0.00421 -0.00482 -0.00531 -0.00566 -0.00588 -0.00596  -0.0059 -0.00569 -0.00535 -0.00487 -0.00427 -0.00355 -0.00274 -0.00184  -0.0009        0
        4|        0-0.000808 -0.00165 -0.00246  -0.0032 -0.00386 -0.00442 -0.00487  -0.0052  -0.0054 -0.00547 -0.00541 -0.00522  -0.0049 -0.00446  -0.0039 -0.00324  -0.0025 -0.00168-0.000821        0
        3|        0-0.000752 -0.00154 -0.00229 -0.00299  -0.0036 -0.00413 -0.00455 -0.00486 -0.00505 -0.00512 -0.00506 -0.00488 -0.00458 -0.00416 -0.00364 -0.00302 -0.00232 -0.00156-0.000762        0
        2|        0-0.000716 -0.00147 -0.00219 -0.00284 -0.00343 -0.00394 -0.00434 -0.00464 -0.00482 -0.00488 -0.00483 -0.00465 -0.00436 -0.00396 -0.00346 -0.00287 -0.00221 -0.00148-0.000725        0
        1|        0-0.000647 -0.00133 -0.00198 -0.00258 -0.00311 -0.00357 -0.00394 -0.00421 -0.00437 -0.00443 -0.00438 -0.00422 -0.00396  -0.0036 -0.00314  -0.0026   -0.002 -0.00135-0.000655        0
        0|        0 0.000631   0.0013  0.00193  0.00251  0.00303  0.00347  0.00383  0.00409  0.00425  0.00431  0.00426  0.00411  0.00385  0.00349  0.00305  0.00253  0.00195  0.00131 0.000638        0

v (22x12): 
         |        0        1        2        3        4        5        6        7        8        9       10       11       12       13       14       15       16       17       18       19       20       21
-------------------------------------------------------------------------------------------------------------------------------------------------------------------------------------------------------------------------
       10|  -0.0101   0.0104   0.0109   0.0103   0.0093  0.00813  0.00681   0.0054  0.00392  0.00242 0.000896-0.000638 -0.00218 -0.00372 -0.00524 -0.00673 -0.00813 -0.00939  -0.0104  -0.0111  -0.0107   0.0104
        9| -0.00844  0.00868  0.00909  0.00858  0.00782  0.00688   0.0058  0.00462  0.00337  0.00208 0.000761-0.000565 -0.00189 -0.00321  -0.0045 -0.00574 -0.00688 -0.00789 -0.00871 -0.00927 -0.00888  0.00863
        8|   -0.007  0.00719  0.00754  0.00714  0.00653  0.00577  0.00488   0.0039  0.00285  0.00176 0.000641-0.000492 -0.00162 -0.00274 -0.00382 -0.00484 -0.00577 -0.00658 -0.00723 -0.00767 -0.00733  0.00712
        7| -0.00575  0.00591  0.00621  0.00589   0.0054  0.00478  0.00406  0.00325  0.00238  0.00147  0.00053-0.000419 -0.00137  -0.0023 -0.00319 -0.00403 -0.00479 -0.00544 -0.00595  -0.0063 -0.00601  0.00584
        6| -0.00467   0.0048  0.00504  0.00478   0.0044   0.0039  0.00332  0.00266  0.00195   0.0012 0.000433-0.000351 -0.00113 -0.00189 -0.00262  -0.0033 -0.00391 -0.00443 -0.00483  -0.0051 -0.00486  0.00473
        5| -0.00371  0.00381  0.00401  0.00381   0.0035  0.00312  0.00265  0.00213  0.00156 0.000965 0.000344-0.000284 -0.00091 -0.00152  -0.0021 -0.00264 -0.00312 -0.00352 -0.00384 -0.00405 -0.00386  0.00375
        4| -0.00285  0.00293  0.00308  0.00293   0.0027   0.0024  0.00205  0.00164  0.00121 0.000744 0.000266-0.000222-0.000704 -0.00118 -0.00162 -0.00203  -0.0024 -0.00271 -0.00295 -0.00311 -0.00296  0.00288
        3| -0.00206  0.00212  0.00223  0.00212  0.00195  0.00174  0.00149   0.0012 0.000878 0.000542 0.000192-0.000161-0.000514-0.000855 -0.00118 -0.00148 -0.00174 -0.00196 -0.00214 -0.00225 -0.00214  0.00208
        2| -0.00133  0.00137  0.00144  0.00137  0.00126  0.00112  0.00096 0.000772 0.000568  0.00035 0.000125-0.000105-0.000332-0.000554-0.000761-0.000954 -0.00112 -0.00127 -0.00138 -0.00145 -0.00138  0.00134
        1|-0.000633  0.00065 0.000683 0.000652   0.0006 0.000536 0.000457 0.000369  0.00027 0.000168  5.9e-05-4.91e-05-0.000159-0.000263-0.000363-0.000453-0.000535-0.000602-0.000655-0.000688-0.000655 0.000638
        0|        0        0        0        0        0        0        0        0        0        0        0        0        0        0        0        0        0        0        0        0        0        0

p (22x12): 
         |        0        1        2        3        4        5        6        7        8        9       10       11       12       13       14       15       16       17       18       19       20       21
-------------------------------------------------------------------------------------------------------------------------------------------------------------------------------------------------------------------------
       11|   -0.435   -0.435   -0.435   -0.434   -0.434   -0.433   -0.432    -0.43   -0.429   -0.428   -0.426   -0.425   -0.423   -0.422   -0.421   -0.419   -0.418   -0.417   -0.416   -0.416   -0.415   -0.415
       10|   -0.434   -0.434   -0.433   -0.433   -0.432   -0.432   -0.431    -0.43   -0.429   -0.427   -0.426   -0.425   -0.424   -0.422   -0.421    -0.42   -0.419   -0.418   -0.418   -0.417   -0.417   -0.417
        9|   -0.432   -0.432   -0.432   -0.432   -0.432   -0.431    -0.43   -0.429   -0.428   -0.427   -0.426   -0.425   -0.424   -0.423   -0.422   -0.421    -0.42   -0.419   -0.419   -0.418   -0.418   -0.418
        8|   -0.432   -0.432   -0.431   -0.431   -0.431    -0.43   -0.429   -0.429   -0.428   -0.427   -0.426   -0.425   -0.424   -0.423   -0.422   -0.421   -0.421    -0.42    -0.42   -0.419   -0.419   -0.419
        7|   -0.431   -0.431   -0.431    -0.43    -0.43    -0.43   -0.429   -0.428   -0.428   -0.427   -0.426   -0.425   -0.424   -0.423   -0.423   -0.422   -0.421   -0.421    -0.42    -0.42    -0.42    -0.42
        6|    -0.43    -0.43    -0.43    -0.43    -0.43   -0.429   -0.429   -0.428   -0.427   -0.427   -0.426   -0.425   -0.424   -0.424   -0.423   -0.422   -0.422   -0.421   -0.421   -0.421    -0.42    -0.42
        5|    -0.43    -0.43    -0.43   -0.429   -0.429   -0.429   -0.428   -0.428   -0.427   -0.426   -0.426   -0.425   -0.424   -0.424   -0.423   -0.422   -0.422   -0.422   -0.421   -0.421   -0.421   -0.421
        4|   -0.429   -0.429   -0.429   -0.429   -0.429   -0.428   -0.428   -0.428   -0.427   -0.426   -0.426   -0.425   -0.424   -0.424   -0.423   -0.423   -0.422   -0.422   -0.422   -0.421   -0.421   -0.421
        3|   -0.429   -0.429   -0.429   -0.429   -0.429   -0.428   -0.428   -0.427   -0.427   -0.426   -0.426   -0.425   -0.425   -0.424   -0.423   -0.423   -0.422   -0.422   -0.422   -0.422   -0.422   -0.422
        2|   -0.429   -0.429   -0.429   -0.429   -0.428   -0.428   -0.428   -0.427   -0.427   -0.426   -0.426   -0.425   -0.425   -0.424   -0.423   -0.423   -0.423   -0.422   -0.422   -0.422   -0.422   -0.422
        1|   -0.429   -0.429   -0.429   -0.429   -0.428   -0.428   -0.428   -0.427   -0.427   -0.426   -0.426   -0.425   -0.425   -0.424   -0.424   -0.423   -0.423   -0.422   -0.422   -0.422   -0.422   -0.422
        0|   -0.429   -0.429   -0.429   -0.429   -0.428   -0.428   -0.428   -0.427   -0.427   -0.426   -0.426   -0.425   -0.425   -0.424   -0.424   -0.423   -0.423   -0.422   -0.422   -0.422   -0.422   -0.422

F (22x12): 
         |        0        1        2        3        4        5        6        7        8        9       10       11       12       13       14       15       16       17       18       19       20
-------------------------------------------------------------------------------------------------------------------------------------------------------------------------------------------------------------------------
       11|        0        0        0        0        0        0        0        0        0        0        0        0        0        0        0        0        0        0        0        0        0
       10|        0  -0.0017 -0.00346 -0.00508 -0.00651 -0.00773 -0.00871 -0.00946    -0.01  -0.0103  -0.0105  -0.0104  -0.0101 -0.00961 -0.00889 -0.00793 -0.00673 -0.00527 -0.00361 -0.00179        0
        9|        0 -0.00144 -0.00295 -0.00434  -0.0056 -0.00667 -0.00756 -0.00825 -0.00875 -0.00905 -0.00917 -0.00909 -0.00883 -0.00837  -0.0077 -0.00683 -0.00575 -0.00448 -0.00305  -0.0015        0
        8|        0 -0.00124 -0.00254 -0.00376 -0.00485 -0.00581  -0.0066 -0.00723 -0.00769 -0.00797 -0.00807   -0.008 -0.00775 -0.00732 -0.00671 -0.00593 -0.00497 -0.00386 -0.00261 -0.00128        0
        7|        0 -0.00108 -0.00222 -0.00328 -0.00425  -0.0051 -0.00582 -0.00639  -0.0068 -0.00706 -0.00715 -0.00708 -0.00685 -0.00645  -0.0059 -0.00519 -0.00434 -0.00336 -0.00227 -0.00111        0
        6|        0-0.000959 -0.00196 -0.00291 -0.00377 -0.00454 -0.00518  -0.0057 -0.00607 -0.00631 -0.00639 -0.00633 -0.00611 -0.00575 -0.00524  -0.0046 -0.00383 -0.00296   -0.002-0.000979        0
        5|        0-0.000859 -0.00176 -0.00261  -0.0034 -0.00409 -0.00468 -0.00515 -0.00549  -0.0057 -0.00578 -0.00572 -0.00552 -0.00519 -0.00472 -0.00414 -0.00344 -0.00265 -0.00179-0.000875        0
        4|        0-0.000786 -0.00161 -0.00239 -0.00311 -0.00375 -0.00429 -0.00472 -0.00504 -0.00524 -0.00531 -0.00525 -0.00506 -0.00475 -0.00432 -0.00378 -0.00314 -0.00242 -0.00163-0.000797        0
        3|        0-0.000731  -0.0015 -0.00223  -0.0029  -0.0035 -0.00401 -0.00442 -0.00472  -0.0049 -0.00497 -0.00491 -0.00473 -0.00444 -0.00403 -0.00353 -0.00293 -0.00225 -0.00152-0.000741        0
        2|        0-0.000697 -0.00143 -0.00212 -0.00276 -0.00333 -0.00382 -0.00421  -0.0045 -0.00467 -0.00473 -0.00468 -0.00451 -0.00423 -0.00384 -0.00336 -0.00278 -0.00214 -0.00144-0.000705        0
        1|        0-0.000628 -0.00129 -0.00192  -0.0025 -0.00301 -0.00346 -0.00381 -0.00407 -0.00423 -0.00429 -0.00424 -0.00408 -0.00383 -0.00348 -0.00304 -0.00252 -0.00194  -0.0013-0.000635        0
        0|        0 0.000631   0.0013  0.00193  0.00251  0.00303  0.00347  0.00383  0.00409  0.00425  0.00431  0.00426  0.00411  0.00385  0.00349  0.00305  0.00253  0.00195  0.00131 0.000638        0

G (22x12): 
         |        0        1        2        3        4        5        6        7        8        9       10       11       12       13       14       15       16       17       18       19       20       21
-------------------------------------------------------------------------------------------------------------------------------------------------------------------------------------------------------------------------
       10|  -0.0101   0.0101   0.0106  0.00993  0.00901  0.00787  0.00659  0.00521  0.00379  0.00233 0.000855-0.000629 -0.00212  -0.0036 -0.00507  -0.0065 -0.00785 -0.00906  -0.0101  -0.0108  -0.0103   0.0104
        9| -0.00844   0.0084  0.00881  0.00832  0.00758  0.00667  0.00561  0.00447  0.00326    0.002 0.000729-0.000557 -0.00185 -0.00312 -0.00437 -0.00557 -0.00668 -0.00765 -0.00845 -0.00898 -0.00859  0.00863
        8|   -0.007  0.00696  0.00731  0.00692  0.00633  0.00559  0.00473  0.00378  0.00276   0.0017 0.000614-0.000484 -0.00158 -0.00266 -0.00371  -0.0047  -0.0056 -0.00639 -0.00701 -0.00744 -0.00709  0.00712
        7| -0.00575  0.00572  0.00602  0.00571  0.00523  0.00464  0.00393  0.00315   0.0023  0.00142 0.000509-0.000411 -0.00133 -0.00223  -0.0031 -0.00391 -0.00464 -0.00527 -0.00577  -0.0061 -0.00581  0.00584
        6| -0.00467  0.00464  0.00489  0.00464  0.00426  0.00378  0.00322  0.00258  0.00189  0.00116 0.000416-0.000344  -0.0011 -0.00184 -0.00254  -0.0032 -0.00379 -0.00429 -0.00469 -0.00495 -0.00471  0.00473
        5| -0.00371  0.00369  0.00388  0.00369   0.0034  0.00302  0.00257  0.00207  0.00151 0.000933 0.000331-0.000278-0.000885 -0.00147 -0.00204 -0.00256 -0.00302 -0.00342 -0.00372 -0.00393 -0.00373  0.00375
        4| -0.00285  0.00283  0.00299  0.00284  0.00262  0.00233  0.00198  0.00159  0.00117  0.00072 0.000256-0.000217-0.000685 -0.00114 -0.00157 -0.00197 -0.00233 -0.00263 -0.00286 -0.00301 -0.00286  0.00288
        3| -0.00206  0.00205  0.00216  0.00206   0.0019  0.00169  0.00144  0.00116  0.00085 0.000524 0.000185-0.000158  -0.0005 -0.00083 -0.00114 -0.00143 -0.00169  -0.0019 -0.00207 -0.00218 -0.00207  0.00208
        2| -0.00133  0.00132   0.0014  0.00133  0.00122  0.00109 0.000932 0.000749 0.000551 0.000338  0.00012-0.000103-0.000323-0.000538-0.000739-0.000927 -0.00109 -0.00123 -0.00134 -0.00141 -0.00133  0.00134
        1|-0.000633  0.00063 0.000664 0.000633 0.000583 0.000521 0.000444 0.000358 0.000262 0.000163 5.69e-05-4.82e-05-0.000154-0.000256-0.000353-0.000441 -0.00052-0.000585-0.000637-0.000669-0.000635 0.000638
        0|        0        0        0        0        0        0        0        0        0        0        0        0        0        0        0        0        0        0        0        0        0        0

rhs (22x12): 
         |        0        1        2        3        4        5        6        7        8        9       10       11       12       13       14       15       16       17       18       19       20       21
-------------------------------------------------------------------------------------------------------------------------------------------------------------------------------------------------------------------------
       11|        0        0        0        0        0        0        0        0        0        0        0        0        0        0        0        0        0        0        0        0        0        0
       10|        0 -0.00724 -0.00255 -0.00431 -0.00304 -0.00467 -0.00309 -0.00429  -0.0022 -0.00285-0.000203-0.000305  0.00302  0.00376   0.0079  0.00936   0.0141   0.0158   0.0201   0.0208   0.0248        0
        9|        0 -0.00239 -0.00101 0.000508 -0.00097 0.000569-0.000906 0.000628-0.000857 0.000665-0.000837 0.000648-0.000873 0.000614-0.000921 0.000551-0.000996  0.00047 -0.00107 0.000443  0.00241        0
        8|        0 -0.00301 0.000618-0.000885 0.000645-0.000839 0.000693-0.000793 0.000733-0.000764  0.00075-0.000777 0.000722-0.000802 0.000684 -0.00085 0.000628-0.000909 0.000574-0.000931  0.00322        0
        7|        0 -0.00148-0.000813 0.000703-0.000788 0.000741-0.000747  0.00078-0.000713 0.000806-0.000698 0.000797 -0.00072 0.000776-0.000751 0.000736-0.000796 0.000689-0.000839 0.000672  0.00182        0
        6|        0  -0.0023 0.000752-0.000751 0.000775-0.000716 0.000812 -0.00068 0.000843-0.000657 0.000857-0.000663  0.00084-0.000681 0.000812-0.000716 0.000772-0.000757 0.000735-0.000776  0.00273        0
        5|        0-0.000934 -0.00072 0.000798-0.000697  0.00083-0.000662 0.000864-0.000632 0.000886-0.000619 0.000883-0.000633 0.000866-0.000658 0.000834-0.000695 0.000797-0.000729 0.000779  0.00143        0
        4|        0 -0.00189 0.000817-0.000686 0.000839-0.000654 0.000873-0.000621 0.000902-0.000599 0.000915  -0.0006 0.000904-0.000616 0.000879-0.000648 0.000844-0.000683 0.000813-0.000702  0.00243        0
        3|        0-0.000634-0.000677 0.000842-0.000654 0.000873-0.000621 0.000905-0.000592 0.000927-0.000578 0.000928-0.000588 0.000912-0.000612 0.000882-0.000646 0.000848-0.000677 0.000829   0.0012        0
        2|        0 -0.00168 0.000849-0.000656 0.000869-0.000628 0.000899-0.000598 0.000926-0.000577 0.000939-0.000573 0.000932-0.000588 0.000909-0.000618 0.000877 -0.00065 0.000848 -0.00067  0.00227        0
        1|        0 0.000871  0.00107  0.00215 0.000924  0.00194  0.00067  0.00164 0.000328  0.00127-7.25e-05 0.000846-0.000503 0.000417-0.000923 1.77e-05 -0.00129-0.000302 -0.00155-0.000489 0.000111        0
        0|        0        0        0        0        0        0        0        0        0        0        0        0        0        0        0        0        0        0        0        0        0        0

