t: 1.90777
nCells: 20x10, dx: 0.1, dy: 0.1

u (22x12): 
         |        0        1        2        3        4        5        6        7        8        9       10       11       12       13       14       15       16       17       18       19       20
-------------------------------------------------------------------------------------------------------------------------------------------------------------------------------------------------------------------------
       11|        0 -0.00393 -0.00877  -0.0131  -0.0169    -0.02  -0.0225  -0.0243  -0.0256  -0.0263  -0.0265  -0.0263  -0.0256  -0.0245  -0.0228  -0.0205  -0.0175  -0.0138 -0.00933 -0.00437        0
       10|        0 -0.00299 -0.00665  -0.0101  -0.0132   -0.016  -0.0183  -0.0201  -0.0216  -0.0226  -0.0231  -0.0233  -0.0229   -0.022  -0.0206  -0.0185  -0.0158  -0.0124 -0.00847  -0.0042        0
        9|        0 -0.00263 -0.00575 -0.00872  -0.0115  -0.0139  -0.0159  -0.0176  -0.0189  -0.0198  -0.0203  -0.0203    -0.02  -0.0191  -0.0178  -0.0159  -0.0134  -0.0105  -0.0071  -0.0034        0
        8|        0 -0.00232 -0.00502 -0.00763    -0.01  -0.0122   -0.014  -0.0155  -0.0166  -0.0174  -0.0178  -0.0179  -0.0175  -0.0166  -0.0154  -0.0136  -0.0115  -0.0089 -0.00597 -0.00282        0
        7|        0 -0.00205 -0.00444 -0.00673 -0.00886  -0.0108  -0.0124  -0.0137  -0.0148  -0.0155  -0.0158  -0.0158  -0.0154  -0.0146  -0.0134  -0.0118 -0.00992 -0.00765 -0.00511 -0.00238        0
        6|        0 -0.00184 -0.00396 -0.00602 -0.00791 -0.00962  -0.0111  -0.0123  -0.0132  -0.0138  -0.0141  -0.0141  -0.0137  -0.0129  -0.0118  -0.0104 -0.00869 -0.00668 -0.00444 -0.00207        0
        5|        0 -0.00166 -0.00359 -0.00544 -0.00717 -0.00871  -0.0101  -0.0111   -0.012  -0.0125  -0.0128  -0.0127  -0.0123  -0.0116  -0.0106 -0.00931 -0.00775 -0.00593 -0.00394 -0.00183        0
        4|        0 -0.00153  -0.0033 -0.00501 -0.00659 -0.00802 -0.00925  -0.0103   -0.011  -0.0115  -0.0117  -0.0117  -0.0113  -0.0106 -0.00968 -0.00848 -0.00703 -0.00538 -0.00356 -0.00166        0
        3|        0 -0.00143 -0.00309 -0.00469 -0.00618 -0.00751 -0.00867 -0.00961  -0.0103  -0.0108   -0.011  -0.0109  -0.0105  -0.0099 -0.00902 -0.00788 -0.00653 -0.00498  -0.0033 -0.00153        0
        2|        0 -0.00136 -0.00293 -0.00445 -0.00586 -0.00713 -0.00822 -0.00912 -0.00979  -0.0102  -0.0104  -0.0103 -0.00997 -0.00937 -0.00852 -0.00744 -0.00615  -0.0047  -0.0031 -0.00144        0
        1|        0  -0.0011  -0.0024 -0.00365 -0.00482 -0.00586 -0.00678 -0.00751 -0.00808 -0.00843 -0.00859 -0.00852 -0.00824 -0.00774 -0.00704 -0.00614 -0.00509 -0.00387 -0.00256 -0.00118        0
        0|        0  0.00109  0.00239  0.00362  0.00478  0.00582  0.00672  0.00745  0.00801  0.00836  0.00851  0.00844  0.00817  0.00767  0.00698  0.00609  0.00504  0.00384  0.00254  0.00117        0

v (22x12): 
         |        0        1        2        3        4        5        6        7        8        9       10       11       12       13       14       15       16       17       18       19       20       21
-------------------------------------------------------------------------------------------------------------------------------------------------------------------------------------------------------------------------
       10|  -0.0188   0.0189   0.0223   0.0213   0.0197   0.0175   0.0151   0.0123  0.00939   0.0063   0.0031-0.000219 -0.00363 -0.00713  -0.0107  -0.0142  -0.0177  -0.0208  -0.0234   -0.025  -0.0225   0.0222
        9|  -0.0159    0.016   0.0186   0.0179   0.0165   0.0148   0.0127   0.0104  0.00795   0.0053  0.00253-0.000331 -0.00327 -0.00625 -0.00925  -0.0122   -0.015  -0.0174  -0.0195  -0.0207  -0.0183   0.0181
        8|  -0.0132   0.0133   0.0155   0.0149   0.0138   0.0124   0.0107  0.00876  0.00665   0.0044  0.00204-0.000403 -0.00289 -0.00541 -0.00789  -0.0103  -0.0125  -0.0145  -0.0161   -0.017  -0.0149   0.0147
        7|  -0.0109    0.011   0.0128   0.0123   0.0114   0.0103  0.00885  0.00726  0.00549  0.00361  0.00163-0.000413  -0.0025 -0.00458 -0.00663 -0.00857  -0.0104  -0.0119  -0.0132  -0.0139  -0.0121   0.0119
        6| -0.00887  0.00894   0.0104     0.01   0.0093  0.00835  0.00721   0.0059  0.00447  0.00292  0.00129-0.000397  -0.0021  -0.0038 -0.00545 -0.00702 -0.00844 -0.00967  -0.0106  -0.0112 -0.00967  0.00958
        5| -0.00705   0.0071  0.00825  0.00796  0.00739  0.00665  0.00574   0.0047  0.00354  0.00231 0.000996-0.000346 -0.00172 -0.00306 -0.00437  -0.0056 -0.00671 -0.00765  -0.0084  -0.0088 -0.00761  0.00754
        4| -0.00539  0.00543  0.00633  0.00609  0.00567  0.00509   0.0044   0.0036  0.00272  0.00175 0.000753 -0.00029 -0.00133 -0.00237 -0.00337  -0.0043 -0.00513 -0.00585  -0.0064  -0.0067 -0.00578  0.00573
        3| -0.00388  0.00391  0.00454  0.00439  0.00407  0.00367  0.00316  0.00259  0.00195  0.00126  0.00053-0.000213-0.000974 -0.00171 -0.00243 -0.00309  -0.0037 -0.00419 -0.00459 -0.00479 -0.00414   0.0041
        2| -0.00245  0.00247  0.00289  0.00278  0.00259  0.00232  0.00201  0.00164  0.00124 0.000797 0.000341-0.000141-0.000615 -0.00109 -0.00154 -0.00197 -0.00234 -0.00266  -0.0029 -0.00303 -0.00261  0.00258
        1| -0.00111  0.00111   0.0013  0.00126  0.00117  0.00106 0.000909 0.000751 0.000561 0.000369 0.000154 -5.6e-05-0.000279-0.000488  -0.0007-0.000885 -0.00106  -0.0012 -0.00132 -0.00137 -0.00117  0.00117
        0|        0        0        0        0        0        0        0        0        0        0        0        0        0        0        0        0        0        0        0        0        0        0

p (22x12): 
         |        0        1        2        3        4        5        6        7        8        9       10       11       12       13       14       15       16       17       18       19       20       21
-------------------------------------------------------------------------------------------------------------------------------------------------------------------------------------------------------------------------
       11|     -5.5     -5.5     -5.5     -5.5     -5.5     -5.5     -5.5     -5.5     -5.5     -5.5     -5.5     -5.5     -5.5     -5.5    -5.49    -5.49    -5.49    -5.49    -5.49    -5.49    -5.49    -5.49
       10|     -5.5     -5.5     -5.5     -5.5     -5.5     -5.5     -5.5     -5.5     -5.5     -5.5     -5.5     -5.5     -5.5     -5.5    -5.49    -5.49    -5.49    -5.49    -5.49    -5.49    -5.49    -5.49
        9|     -5.5     -5.5     -5.5     -5.5     -5.5     -5.5     -5.5     -5.5     -5.5     -5.5     -5.5     -5.5     -5.5     -5.5     -5.5    -5.49    -5.49    -5.49    -5.49    -5.49    -5.49    -5.49
        8|     -5.5     -5.5     -5.5     -5.5     -5.5     -5.5     -5.5     -5.5     -5.5     -5.5     -5.5     -5.5     -5.5     -5.5     -5.5    -5.49    -5.49    -5.49    -5.49    -5.49    -5.49    -5.49
        7|     -5.5     -5.5     -5.5     -5.5     -5.5     -5.5     -5.5     -5.5     -5.5     -5.5     -5.5     -5.5     -5.5     -5.5     -5.5     -5.5    -5.49    -5.49    -5.49    -5.49    -5.49    -5.49
        6|     -5.5     -5.5     -5.5     -5.5     -5.5     -5.5     -5.5     -5.5     -5.5     -5.5     -5.5     -5.5     -5.5     -5.5     -5.5     -5.5    -5.49    -5.49    -5.49    -5.49    -5.49    -5.49
        5|     -5.5     -5.5     -5.5     -5.5     -5.5     -5.5     -5.5     -5.5     -5.5     -5.5     -5.5     -5.5     -5.5     -5.5     -5.5     -5.5     -5.5    -5.49    -5.49    -5.49    -5.49    -5.49
        4|     -5.5     -5.5     -5.5     -5.5     -5.5     -5.5     -5.5     -5.5     -5.5     -5.5     -5.5     -5.5     -5.5     -5.5     -5.5     -5.5     -5.5    -5.49    -5.49    -5.49    -5.49    -5.49
        3|     -5.5     -5.5     -5.5     -5.5     -5.5     -5.5     -5.5     -5.5     -5.5     -5.5     -5.5     -5.5     -5.5     -5.5     -5.5     -5.5     -5.5     -5.5    -5.49    -5.49    -5.49    -5.49
        2|     -5.5     -5.5     -5.5     -5.5     -5.5     -5.5     -5.5     -5.5     -5.5     -5.5     -5.5     -5.5     -5.5     -5.5     -5.5     -5.5     -5.5     -5.5     -5.5    -5.49    -5.49    -5.49
        1|     -5.5     -5.5     -5.5     -5.5     -5.5     -5.5     -5.5     -5.5     -5.5     -5.5     -5.5     -5.5     -5.5     -5.5     -5.5     -5.5     -5.5     -5.5     -5.5    -5.49    -5.49    -5.49
        0|     -5.5     -5.5     -5.5     -5.5     -5.5     -5.5     -5.5     -5.5     -5.5     -5.5     -5.5     -5.5     -5.5     -5.5     -5.5     -5.5     -5.5     -5.5     -5.5    -5.49    -5.49    -5.49

F (22x12): 
         |        0        1        2        3        4        5        6        7        8        9       10       11       12       13       14       15       16       17       18       19       20
-------------------------------------------------------------------------------------------------------------------------------------------------------------------------------------------------------------------------
       11|        0        0        0        0        0        0        0        0        0        0        0        0        0        0        0        0        0        0        0        0        0
       10|        0 -0.00298  -0.0066    -0.01  -0.0131  -0.0158  -0.0181  -0.0199  -0.0214  -0.0223  -0.0229   -0.023  -0.0226  -0.0218  -0.0203  -0.0183  -0.0156  -0.0122 -0.00835 -0.00414        0
        9|        0 -0.00262 -0.00571 -0.00865  -0.0114  -0.0137  -0.0158  -0.0174  -0.0187  -0.0196  -0.0201  -0.0201  -0.0197  -0.0189  -0.0175  -0.0157  -0.0133  -0.0104 -0.00701 -0.00336        0
        8|        0 -0.00231 -0.00499 -0.00756 -0.00993   -0.012  -0.0139  -0.0153  -0.0165  -0.0172  -0.0176  -0.0177  -0.0172  -0.0164  -0.0152  -0.0135  -0.0113 -0.00879 -0.00589 -0.00279        0
        7|        0 -0.00204  -0.0044 -0.00667 -0.00878  -0.0107  -0.0123  -0.0136  -0.0146  -0.0153  -0.0156  -0.0156  -0.0152  -0.0144  -0.0132  -0.0117  -0.0098 -0.00755 -0.00504 -0.00236        0
        6|        0 -0.00182 -0.00393 -0.00596 -0.00784 -0.00953   -0.011  -0.0122  -0.0131  -0.0137   -0.014  -0.0139  -0.0135  -0.0128  -0.0117  -0.0103 -0.00858  -0.0066 -0.00438 -0.00205        0
        5|        0 -0.00164 -0.00356 -0.00539  -0.0071 -0.00862 -0.00995   -0.011  -0.0118  -0.0124  -0.0126  -0.0126  -0.0122  -0.0115  -0.0105  -0.0092 -0.00765 -0.00586 -0.00389 -0.00181        0
        4|        0 -0.00152 -0.00327 -0.00496 -0.00653 -0.00794 -0.00915  -0.0102  -0.0109  -0.0114  -0.0116  -0.0115  -0.0112  -0.0105 -0.00957 -0.00838 -0.00695 -0.00532 -0.00352 -0.00164        0
        3|        0 -0.00142 -0.00307 -0.00465 -0.00612 -0.00744 -0.00858 -0.00951  -0.0102  -0.0107  -0.0109  -0.0108  -0.0104 -0.00979 -0.00891 -0.00779 -0.00645 -0.00492 -0.00326 -0.00151        0
        2|        0 -0.00135  -0.0029 -0.00441  -0.0058 -0.00706 -0.00813 -0.00902 -0.00968  -0.0101  -0.0103  -0.0102 -0.00985 -0.00926 -0.00842 -0.00735 -0.00608 -0.00464 -0.00307 -0.00143        0
        1|        0 -0.00109 -0.00238 -0.00361 -0.00476 -0.00579 -0.00669 -0.00742 -0.00797 -0.00832 -0.00847  -0.0084 -0.00813 -0.00763 -0.00694 -0.00606 -0.00501 -0.00382 -0.00253 -0.00116        0
        0|        0  0.00109  0.00239  0.00362  0.00478  0.00582  0.00672  0.00745  0.00801  0.00836  0.00851  0.00844  0.00817  0.00767  0.00698  0.00609  0.00504  0.00384  0.00254  0.00117        0

G (22x12): 
         |        0        1        2        3        4        5        6        7        8        9       10       11       12       13       14       15       16       17       18       19       20       21
-------------------------------------------------------------------------------------------------------------------------------------------------------------------------------------------------------------------------
       10|  -0.0188   0.0187   0.0221   0.0211   0.0195   0.0173   0.0149   0.0121  0.00923  0.00616    0.003-0.000274 -0.00363 -0.00708  -0.0106   -0.014  -0.0174  -0.0204   -0.023  -0.0245  -0.0219   0.0222
        9|  -0.0159   0.0158   0.0184   0.0177   0.0164   0.0146   0.0126   0.0103  0.00782   0.0052  0.00246-0.000371 -0.00328 -0.00622 -0.00918  -0.0121  -0.0148  -0.0173  -0.0193  -0.0205   -0.018   0.0181
        8|  -0.0132   0.0132   0.0153   0.0147   0.0137   0.0122   0.0106  0.00864  0.00655  0.00432  0.00199-0.000431 -0.00289 -0.00538 -0.00783  -0.0102  -0.0124  -0.0143  -0.0159  -0.0168  -0.0147   0.0147
        7|  -0.0109   0.0109   0.0126   0.0122   0.0113   0.0101  0.00874  0.00716  0.00541  0.00355  0.00159-0.000432  -0.0025 -0.00455 -0.00657 -0.00849  -0.0103  -0.0118   -0.013  -0.0137  -0.0119   0.0119
        6| -0.00887  0.00882   0.0103   0.0099  0.00919  0.00825  0.00713  0.00583   0.0044  0.00287  0.00126 -0.00041 -0.00209 -0.00378  -0.0054 -0.00695 -0.00835 -0.00956  -0.0105   -0.011 -0.00954  0.00958
        5| -0.00705  0.00701  0.00816  0.00787   0.0073  0.00657  0.00567  0.00464  0.00349  0.00227 0.000972-0.000355 -0.00171 -0.00304 -0.00433 -0.00554 -0.00664 -0.00757  -0.0083  -0.0087 -0.00751  0.00754
        4| -0.00539  0.00536  0.00626  0.00603   0.0056  0.00503  0.00435  0.00355  0.00268  0.00173 0.000736-0.000296 -0.00133 -0.00236 -0.00334 -0.00426 -0.00508 -0.00579 -0.00633 -0.00663  -0.0057  0.00573
        3| -0.00388  0.00386   0.0045  0.00434  0.00403  0.00363  0.00313  0.00256  0.00192  0.00124 0.000519-0.000217-0.000969  -0.0017 -0.00241 -0.00306 -0.00366 -0.00415 -0.00454 -0.00474 -0.00408   0.0041
        2| -0.00245  0.00244  0.00286  0.00275  0.00256   0.0023  0.00199  0.00162  0.00123 0.000786 0.000333-0.000143-0.000613 -0.00109 -0.00153 -0.00195 -0.00231 -0.00263 -0.00287   -0.003 -0.00257  0.00258
        1| -0.00111   0.0011  0.00129  0.00125  0.00116  0.00105 0.000901 0.000743 0.000555 0.000364 0.000151-5.74e-05-0.000278-0.000485-0.000695-0.000878 -0.00105 -0.00119  -0.0013 -0.00136 -0.00116  0.00117
        0|        0        0        0        0        0        0        0        0        0        0        0        0        0        0        0        0        0        0        0        0        0        0

rhs (22x12): 
         |        0        1        2        3        4        5        6        7        8        9       10       11       12       13       14       15       16       17       18       19       20       21
-------------------------------------------------------------------------------------------------------------------------------------------------------------------------------------------------------------------------
       11|        0        0        0        0        0        0        0        0        0        0        0        0        0        0        0        0        0        0        0        0        0        0
       10|        0  -0.0037   0.0135  0.00331  0.00843 -0.00272  0.00258 -0.00753-0.000554 -0.00855 0.000847 -0.00454  0.00811  0.00703   0.0245   0.0281   0.0497   0.0562   0.0778   0.0791   0.0817        0
        9|        0 -0.00166 -0.00481   0.0032 -0.00479  0.00339 -0.00456   0.0036 -0.00439  0.00372 -0.00434  0.00365 -0.00457  0.00338 -0.00487  0.00297 -0.00535  0.00245 -0.00582  0.00249   0.0037        0
        8|        0 -0.00676  0.00372 -0.00441  0.00374 -0.00425  0.00392 -0.00407  0.00407 -0.00397  0.00412 -0.00404  0.00395 -0.00423  0.00371 -0.00453  0.00336  -0.0049  0.00303 -0.00489  0.00926        0
        7|        0 9.98e-05 -0.00407    0.004 -0.00403  0.00414 -0.00386   0.0043 -0.00372   0.0044 -0.00367  0.00436 -0.00379  0.00421 -0.00398  0.00398 -0.00425  0.00369  -0.0045  0.00369  0.00274        0
        6|        0 -0.00537  0.00424 -0.00386  0.00429 -0.00372  0.00445 -0.00357  0.00458 -0.00346  0.00465 -0.00349  0.00455  -0.0036   0.0044  -0.0038  0.00417 -0.00404  0.00396 -0.00407  0.00844        0
        5|        0  0.00119 -0.00371   0.0044 -0.00364  0.00453 -0.00348  0.00468 -0.00335  0.00479 -0.00328  0.00478 -0.00335  0.00468 -0.00349  0.00451 -0.00369   0.0043 -0.00388  0.00426  0.00205        0
        4|        0 -0.00454  0.00451 -0.00359  0.00458 -0.00345  0.00473  -0.0033  0.00486 -0.00319  0.00493 -0.00319  0.00488 -0.00327  0.00475 -0.00344  0.00456 -0.00364  0.00439  -0.0037   0.0079        0
        3|        0   0.0018 -0.00354   0.0046 -0.00345  0.00473  -0.0033  0.00487 -0.00317  0.00498 -0.00309    0.005 -0.00314  0.00492 -0.00326  0.00476 -0.00344  0.00458  -0.0036  0.00451  0.00163        0
        2|        0 -0.00408  0.00466 -0.00345  0.00472 -0.00333  0.00485  -0.0032  0.00496 -0.00311  0.00502 -0.00308    0.005 -0.00315  0.00489  -0.0033  0.00473 -0.00346  0.00459 -0.00353  0.00761        0
        1|        0  0.00486  0.00131  0.00733  0.00109    0.007 0.000668  0.00647  5.9e-05  0.00578-0.000706  0.00494  -0.0016  0.00402 -0.00253  0.00312 -0.00338  0.00236 -0.00401  0.00197 0.000754        0
        0|        0        0        0        0        0        0        0        0        0        0        0        0        0        0        0        0        0        0        0        0        0        0

