t: 1.43711
nCells: 20x10, dx: 0.1, dy: 0.1

u (22x12): 
         |        0        1        2        3        4        5        6        7        8        9       10       11       12       13       14       15       16       17       18       19       20
-------------------------------------------------------------------------------------------------------------------------------------------------------------------------------------------------------------------------
       11|        0     1.92     1.87     1.84     1.82     1.81     1.81      1.8      1.8      1.8      1.8     1.79     1.79     1.79      1.8      1.8      1.8     1.81     1.83     1.89        0
       10|        0   0.0845    0.132     0.16    0.177    0.188    0.195      0.2    0.204    0.206    0.207    0.208    0.209    0.208    0.207    0.205    0.201    0.191    0.169    0.115        0
        9|        0   -0.032  -0.0344  -0.0303  -0.0256  -0.0217  -0.0186  -0.0164  -0.0149  -0.0139  -0.0133  -0.0131  -0.0133  -0.0139   -0.015  -0.0168  -0.0192  -0.0221  -0.0244  -0.0218        0
        8|        0  -0.0159  -0.0257  -0.0295  -0.0304  -0.0301  -0.0294  -0.0287  -0.0281  -0.0278  -0.0277  -0.0279  -0.0284  -0.0294  -0.0308  -0.0331  -0.0361  -0.0398  -0.0416  -0.0334        0
        7|        0 -0.00982  -0.0179  -0.0227  -0.0252  -0.0264  -0.0268  -0.0269   -0.027   -0.027  -0.0271  -0.0274  -0.0278  -0.0284  -0.0293  -0.0305  -0.0316  -0.0321    -0.03  -0.0208        0
        6|        0 -0.00683  -0.0132  -0.0179  -0.0209  -0.0228   -0.024  -0.0247  -0.0251  -0.0255  -0.0257  -0.0259  -0.0262  -0.0264  -0.0266  -0.0267  -0.0262  -0.0245  -0.0204  -0.0121        0
        5|        0 -0.00519  -0.0104  -0.0146  -0.0178    -0.02  -0.0216  -0.0227  -0.0235   -0.024  -0.0243  -0.0245  -0.0245  -0.0244  -0.0241  -0.0233  -0.0218  -0.0192  -0.0147 -0.00791        0
        4|        0 -0.00423 -0.00867  -0.0125  -0.0156  -0.0179  -0.0197  -0.0211   -0.022  -0.0226   -0.023  -0.0232  -0.0231  -0.0227  -0.0219  -0.0207  -0.0187  -0.0157  -0.0114  -0.0058        0
        3|        0 -0.00365 -0.00756   -0.011   -0.014  -0.0164  -0.0183  -0.0198  -0.0208  -0.0216   -0.022  -0.0221  -0.0219  -0.0213  -0.0203  -0.0187  -0.0165  -0.0135 -0.00948 -0.00468        0
        2|        0 -0.00333 -0.00689  -0.0102  -0.0131  -0.0155  -0.0174  -0.0189  -0.0201  -0.0208  -0.0212  -0.0213   -0.021  -0.0203  -0.0192  -0.0175  -0.0152  -0.0121 -0.00839 -0.00408        0
        1|        0  -0.0033 -0.00706  -0.0105  -0.0134  -0.0158  -0.0177  -0.0191  -0.0201  -0.0206  -0.0208  -0.0206  -0.0201  -0.0192  -0.0178   -0.016  -0.0136  -0.0107 -0.00732 -0.00349        0
        0|        0 -0.00262 -0.00559 -0.00837  -0.0108   -0.013  -0.0148  -0.0162  -0.0172  -0.0179  -0.0182  -0.0182  -0.0178   -0.017  -0.0158  -0.0142   -0.012 -0.00945 -0.00644 -0.00317        0

v (22x12): 
         |        0        1        2        3        4        5        6        7        8        9       10       11       12       13       14       15       16       17       18       19       20       21
-------------------------------------------------------------------------------------------------------------------------------------------------------------------------------------------------------------------------
       10|        0        0        0        0        0        0        0        0        0        0        0        0        0        0        0        0        0        0        0        0        0        0
        9|   -0.084   0.0845   0.0478   0.0277    0.017    0.011  0.00726  0.00491  0.00334  0.00228   0.0015 0.000892 0.000299-0.000312 -0.00104 -0.00219 -0.00447 -0.00965  -0.0224   -0.054   -0.115    0.113
        8|  -0.0522   0.0525   0.0455   0.0318   0.0217   0.0149   0.0103  0.00712   0.0049  0.00329  0.00206  0.00104 0.000111-0.000896 -0.00214 -0.00393 -0.00688  -0.0125  -0.0247  -0.0514  -0.0928   0.0907
        7|  -0.0364   0.0367   0.0357   0.0279   0.0208   0.0152    0.011  0.00782  0.00545  0.00363  0.00215 0.000853-0.000419 -0.00184 -0.00364 -0.00614 -0.00997  -0.0162  -0.0266  -0.0432  -0.0594    0.058
        6|  -0.0266   0.0268   0.0276   0.0231   0.0183    0.014   0.0105  0.00768  0.00543  0.00359  0.00203 0.000599-0.000847 -0.00249 -0.00453 -0.00727  -0.0111  -0.0167  -0.0244   -0.034  -0.0386   0.0377
        5|  -0.0198     0.02   0.0212   0.0185   0.0153   0.0121  0.00935  0.00698  0.00498  0.00329  0.00178 0.000368  -0.0011 -0.00274 -0.00474  -0.0073  -0.0107   -0.015  -0.0203  -0.0258  -0.0264   0.0259
        4|  -0.0146   0.0148    0.016   0.0143   0.0121  0.00988  0.00777  0.00589  0.00424  0.00278  0.00145 0.000172 -0.00115 -0.00264 -0.00439 -0.00654 -0.00918  -0.0123  -0.0158   -0.019  -0.0185   0.0182
        3|  -0.0105   0.0106   0.0115   0.0105  0.00903  0.00749  0.00597  0.00457   0.0033  0.00215  0.00107 2.92e-05 -0.00106 -0.00226 -0.00364 -0.00527 -0.00719 -0.00935  -0.0116  -0.0134  -0.0127   0.0125
        2| -0.00684  0.00692   0.0076  0.00696  0.00607  0.00507  0.00407  0.00312  0.00224  0.00143 0.000671-7.98e-05 -0.00085 -0.00169 -0.00264 -0.00374 -0.00496 -0.00629 -0.00758 -0.00859 -0.00803  0.00791
        1| -0.00355  0.00358  0.00404  0.00368  0.00319  0.00266  0.00211   0.0016  0.00112 0.000679 0.000257-0.000149 -0.00057 -0.00101 -0.00151 -0.00205 -0.00265 -0.00326 -0.00385 -0.00428 -0.00396   0.0039
        0|  -0.0159   0.0161    0.018   0.0171   0.0156   0.0138   0.0117  0.00941  0.00701  0.00452  0.00197-0.000638 -0.00328 -0.00596 -0.00864  -0.0113  -0.0138  -0.0161   -0.018  -0.0192  -0.0177   0.0174

p (22x12): 
         |        0        1        2        3        4        5        6        7        8        9       10       11       12       13       14       15       16       17       18       19       20       21
-------------------------------------------------------------------------------------------------------------------------------------------------------------------------------------------------------------------------
       11|    -2.44    -2.44    -2.44    -2.43    -2.43    -2.43    -2.43    -2.43    -2.42    -2.42    -2.42    -2.42    -2.42    -2.41    -2.41    -2.41    -2.41     -2.4     -2.4    -2.39    -2.37    -2.37
       10|    -2.44    -2.44    -2.44    -2.43    -2.43    -2.43    -2.43    -2.43    -2.42    -2.42    -2.42    -2.42    -2.42    -2.41    -2.41    -2.41    -2.41     -2.4     -2.4    -2.39    -2.37    -2.37
        9|    -2.43    -2.43    -2.43    -2.43    -2.43    -2.43    -2.43    -2.42    -2.42    -2.42    -2.42    -2.42    -2.42    -2.41    -2.41    -2.41    -2.41    -2.41     -2.4     -2.4    -2.39    -2.39
        8|    -2.43    -2.43    -2.43    -2.43    -2.43    -2.43    -2.43    -2.42    -2.42    -2.42    -2.42    -2.42    -2.42    -2.41    -2.41    -2.41    -2.41    -2.41     -2.4     -2.4    -2.39    -2.39
        7|    -2.43    -2.43    -2.43    -2.43    -2.43    -2.43    -2.42    -2.42    -2.42    -2.42    -2.42    -2.42    -2.42    -2.41    -2.41    -2.41    -2.41    -2.41     -2.4     -2.4     -2.4     -2.4
        6|    -2.43    -2.43    -2.43    -2.43    -2.43    -2.42    -2.42    -2.42    -2.42    -2.42    -2.42    -2.42    -2.41    -2.41    -2.41    -2.41    -2.41    -2.41     -2.4     -2.4     -2.4     -2.4
        5|    -2.43    -2.43    -2.43    -2.43    -2.42    -2.42    -2.42    -2.42    -2.42    -2.42    -2.42    -2.42    -2.41    -2.41    -2.41    -2.41    -2.41    -2.41    -2.41     -2.4     -2.4     -2.4
        4|    -2.43    -2.43    -2.42    -2.42    -2.42    -2.42    -2.42    -2.42    -2.42    -2.42    -2.42    -2.42    -2.41    -2.41    -2.41    -2.41    -2.41    -2.41    -2.41    -2.41     -2.4     -2.4
        3|    -2.42    -2.42    -2.42    -2.42    -2.42    -2.42    -2.42    -2.42    -2.42    -2.42    -2.42    -2.42    -2.41    -2.41    -2.41    -2.41    -2.41    -2.41    -2.41    -2.41    -2.41    -2.41
        2|    -2.42    -2.42    -2.42    -2.42    -2.42    -2.42    -2.42    -2.42    -2.42    -2.42    -2.42    -2.42    -2.41    -2.41    -2.41    -2.41    -2.41    -2.41    -2.41    -2.41    -2.41    -2.41
        1|    -2.42    -2.42    -2.42    -2.42    -2.42    -2.42    -2.42    -2.42    -2.42    -2.42    -2.42    -2.42    -2.41    -2.41    -2.41    -2.41    -2.41    -2.41    -2.41    -2.41    -2.41    -2.41
        0|    -2.42    -2.42    -2.42    -2.42    -2.42    -2.42    -2.42    -2.42    -2.42    -2.42    -2.42    -2.42    -2.41    -2.41    -2.41    -2.41    -2.41    -2.41    -2.41    -2.41    -2.41    -2.41

F (22x12): 
         |        0        1        2        3        4        5        6        7        8        9       10       11       12       13       14       15       16       17       18       19       20
-------------------------------------------------------------------------------------------------------------------------------------------------------------------------------------------------------------------------
       11|        0     1.92     1.87     1.84     1.82     1.81     1.81      1.8      1.8      1.8      1.8     1.79     1.79     1.79      1.8      1.8      1.8     1.81     1.83     1.89        0
       10|        0   0.0859    0.133    0.161    0.178    0.189    0.196    0.201    0.204    0.206    0.208    0.209    0.209    0.209    0.208    0.206    0.201    0.192    0.171    0.119        0
        9|        0  -0.0318   -0.034  -0.0298  -0.0251  -0.0211  -0.0181  -0.0159  -0.0144  -0.0134  -0.0128  -0.0127  -0.0129  -0.0134  -0.0145  -0.0162  -0.0185  -0.0211  -0.0228  -0.0194        0
        8|        0  -0.0158  -0.0254  -0.0292    -0.03  -0.0297   -0.029  -0.0282  -0.0277  -0.0273  -0.0273  -0.0274   -0.028  -0.0289  -0.0303  -0.0325  -0.0355   -0.039  -0.0406  -0.0324        0
        7|        0 -0.00977  -0.0177  -0.0224  -0.0249   -0.026  -0.0264  -0.0265  -0.0266  -0.0266  -0.0267  -0.0269  -0.0273   -0.028  -0.0288  -0.0299   -0.031  -0.0315  -0.0293  -0.0203        0
        6|        0 -0.00679  -0.0131  -0.0177  -0.0207  -0.0225  -0.0237  -0.0243  -0.0248  -0.0251  -0.0253  -0.0255  -0.0257   -0.026  -0.0262  -0.0262  -0.0257   -0.024    -0.02  -0.0119        0
        5|        0 -0.00515  -0.0103  -0.0145  -0.0176  -0.0198  -0.0213  -0.0224  -0.0231  -0.0236  -0.0239  -0.0241  -0.0241   -0.024  -0.0237  -0.0229  -0.0214  -0.0188  -0.0144 -0.00774        0
        4|        0 -0.00419 -0.00857  -0.0123  -0.0154  -0.0177  -0.0195  -0.0208  -0.0217  -0.0223  -0.0226  -0.0228  -0.0227  -0.0223  -0.0215  -0.0203  -0.0183  -0.0154  -0.0112 -0.00569        0
        3|        0 -0.00361 -0.00747  -0.0109  -0.0138  -0.0162  -0.0181  -0.0195  -0.0205  -0.0212  -0.0216  -0.0217  -0.0215  -0.0209  -0.0199  -0.0184  -0.0162  -0.0132  -0.0093  -0.0046        0
        2|        0  -0.0033 -0.00682  -0.0101  -0.0129  -0.0153  -0.0172  -0.0187  -0.0198  -0.0205  -0.0209  -0.0209  -0.0206    -0.02  -0.0188  -0.0172  -0.0149  -0.0119 -0.00823 -0.00401        0
        1|        0 -0.00327 -0.00699  -0.0103  -0.0132  -0.0156  -0.0175  -0.0188  -0.0198  -0.0203  -0.0205  -0.0203  -0.0198  -0.0188  -0.0175  -0.0157  -0.0134  -0.0105 -0.00716 -0.00342        0
        0|        0        0        0        0        0        0        0        0        0        0        0        0        0        0        0        0        0        0        0        0        0

G (22x12): 
         |        0        1        2        3        4        5        6        7        8        9       10       11       12       13       14       15       16       17       18       19       20       21
-------------------------------------------------------------------------------------------------------------------------------------------------------------------------------------------------------------------------
       10|        0        0        0        0        0        0        0        0        0        0        0        0        0        0        0        0        0        0        0        0        0        0
        9|   -0.084    0.083   0.0475   0.0274   0.0168   0.0108  0.00711  0.00479  0.00326  0.00221  0.00145  0.00085 0.000266-0.000332 -0.00105 -0.00217 -0.00439 -0.00939  -0.0216  -0.0521    -0.11    0.113
        8|  -0.0522   0.0516   0.0447   0.0312   0.0212   0.0145  0.00999   0.0069  0.00474  0.00316  0.00196 0.000968 4.93e-05-0.000952  -0.0022 -0.00399 -0.00695  -0.0126  -0.0246  -0.0508  -0.0908   0.0907
        7|  -0.0364   0.0361   0.0351   0.0274   0.0204   0.0149   0.0107  0.00761  0.00529   0.0035  0.00205 0.000779-0.000476 -0.00188 -0.00367 -0.00616 -0.00996  -0.0161  -0.0263  -0.0426  -0.0582    0.058
        6|  -0.0266   0.0264   0.0272   0.0227    0.018   0.0138   0.0103   0.0075  0.00528  0.00348  0.00195 0.000535-0.000891 -0.00251 -0.00453 -0.00725   -0.011  -0.0165  -0.0241  -0.0335  -0.0378   0.0377
        5|  -0.0198   0.0197   0.0209   0.0182    0.015   0.0119  0.00915  0.00682  0.00485  0.00319  0.00171 0.000316 -0.00113 -0.00275 -0.00472 -0.00724  -0.0105  -0.0148    -0.02  -0.0253  -0.0259   0.0259
        4|  -0.0146   0.0146   0.0157   0.0141   0.0119   0.0097  0.00762  0.00576  0.00414   0.0027   0.0014 0.000134 -0.00117 -0.00263 -0.00436 -0.00647 -0.00907  -0.0122  -0.0156  -0.0187  -0.0181   0.0182
        3|  -0.0105   0.0104   0.0113   0.0103  0.00888  0.00736  0.00586  0.00448  0.00322  0.00209  0.00103 4.06e-06 -0.00107 -0.00225 -0.00361 -0.00522  -0.0071 -0.00921  -0.0114  -0.0132  -0.0125   0.0125
        2| -0.00684   0.0068  0.00749  0.00685  0.00597  0.00498    0.004  0.00306  0.00219  0.00139 0.000647-9.23e-05-0.000851 -0.00168 -0.00262 -0.00369  -0.0049  -0.0062 -0.00747 -0.00845 -0.00788  0.00791
        1| -0.00355   0.0036  0.00406   0.0037   0.0032  0.00267  0.00213  0.00161  0.00112  0.00068 0.000256-0.000151-0.000573 -0.00101 -0.00151 -0.00204 -0.00264 -0.00324 -0.00382 -0.00424 -0.00392   0.0039
        0|  -0.0159        0        0        0        0        0        0        0        0        0        0        0        0        0        0        0        0        0        0        0        0   0.0174

rhs (22x12): 
         |        0        1        2        3        4        5        6        7        8        9       10       11       12       13       14       15       16       17       18       19       20       21
-------------------------------------------------------------------------------------------------------------------------------------------------------------------------------------------------------------------------
       11|        0        0        0        0        0        0        0        0        0        0        0        0        0        0        0        0        0        0        0        0        0        0
       10|        0     1.09   -0.187    0.104     0.11   0.0783   0.0577   0.0374   0.0297    0.019   0.0183   0.0138    0.018   0.0107    0.019   0.0279   0.0605    0.122    0.233    0.108    -3.61        0
        9|        0   -0.142     0.21    0.181    0.115   0.0788   0.0485   0.0371    0.022   0.0201   0.0113   0.0143   0.0098    0.022   0.0244   0.0496   0.0973    0.233    0.522    0.783   0.0471        0
        8|        0  -0.0927  -0.0261  -0.0154 -0.00094   -0.002  0.00398-0.000503  0.00423-0.000677  0.00398 -0.00088  0.00426 4.93e-05  0.00528  0.00149   0.0088   0.0114     0.03  -0.0109  -0.0597        0
        7|        0  -0.0371  -0.0174 -0.00784 -0.00815-0.000632 -0.00383  0.00182 -0.00248  0.00255 -0.00211   0.0027  -0.0021  0.00246 -0.00281 0.000826 -0.00663 -0.00847  -0.0293  -0.0518  -0.0599        0
        6|        0  -0.0239 -0.00563 -0.00842 -0.00142 -0.00458  0.00125 -0.00289  0.00227  -0.0023  0.00258 -0.00217  0.00252 -0.00249  0.00182 -0.00396 -0.00126  -0.0102  -0.0131  -0.0254 -0.00789        0
        5|        0   -0.013 -0.00716  -0.0014 -0.00493 0.000869 -0.00319  0.00208 -0.00241  0.00255 -0.00215  0.00265 -0.00223  0.00237 -0.00279  0.00127 -0.00486 -0.00241  -0.0106 -0.00862  0.00186        0
        4|        0  -0.0128-0.000732 -0.00495 0.000631 -0.00346  0.00187 -0.00254   0.0025 -0.00214  0.00273 -0.00205  0.00266 -0.00227  0.00222  -0.0031 0.000768 -0.00543 -0.00252 -0.00863  0.00794        0
        3|        0 -0.00714 -0.00465  0.00054 -0.00369  0.00164 -0.00272   0.0024 -0.00217  0.00276 -0.00196  0.00284 -0.00201  0.00266 -0.00237  0.00199 -0.00347 0.000335 -0.00565 -0.00165  0.00459        0
        2|        0  -0.0375  -0.0321   -0.034  -0.0249  -0.0249  -0.0151  -0.0152 -0.00612 -0.00711 0.000925  -0.0012  0.00587  0.00304  0.00937  0.00562   0.0109  0.00591   0.0101  0.00472   0.0179        0
        1|        0    0.125    0.131    0.132    0.121    0.116   0.0994   0.0899   0.0689   0.0557   0.0315   0.0154  -0.0123  -0.0328  -0.0649  -0.0894   -0.124   -0.148   -0.179   -0.192    -0.19        0
        0|        0        0        0        0        0        0        0        0        0        0        0        0        0        0        0        0        0        0        0        0        0        0

