t: 1.67226
nCells: 20x10, dx: 0.1, dy: 0.1

u (22x12): 
         |        0        1        2        3        4        5        6        7        8        9       10       11       12       13       14       15       16       17       18       19       20
-------------------------------------------------------------------------------------------------------------------------------------------------------------------------------------------------------------------------
       11|        0     1.91     1.86     1.83     1.81     1.79     1.79     1.78     1.77     1.77     1.77     1.77     1.77     1.77     1.77     1.77     1.77     1.78     1.81     1.87        0
       10|        0   0.0882    0.141    0.173    0.193    0.207    0.216    0.223    0.228    0.231    0.233    0.234    0.235    0.235    0.235    0.233    0.228    0.218    0.193     0.13        0
        9|        0  -0.0333  -0.0358  -0.0316  -0.0266  -0.0224   -0.019  -0.0165  -0.0146  -0.0134  -0.0126  -0.0123  -0.0124  -0.0128  -0.0137  -0.0151   -0.017   -0.019  -0.0205  -0.0183        0
        8|        0   -0.016  -0.0268  -0.0315  -0.0331  -0.0332  -0.0327  -0.0321  -0.0316  -0.0313  -0.0313  -0.0315  -0.0321  -0.0332  -0.0349  -0.0376  -0.0414  -0.0462  -0.0488  -0.0391        0
        7|        0  -0.0101  -0.0189  -0.0244  -0.0275  -0.0291  -0.0299  -0.0303  -0.0305  -0.0306  -0.0308  -0.0312  -0.0318  -0.0326  -0.0338  -0.0354  -0.0372  -0.0385  -0.0368  -0.0263        0
        6|        0 -0.00717  -0.0142  -0.0194  -0.0229  -0.0253  -0.0268  -0.0278  -0.0284  -0.0289  -0.0292  -0.0296    -0.03  -0.0304  -0.0308  -0.0311  -0.0309  -0.0294   -0.025  -0.0153        0
        5|        0 -0.00551  -0.0113   -0.016  -0.0196  -0.0222  -0.0242  -0.0255  -0.0265  -0.0272  -0.0276   -0.028  -0.0281  -0.0281  -0.0279  -0.0272  -0.0257  -0.0228  -0.0177 -0.00964        0
        4|        0 -0.00454 -0.00943  -0.0137  -0.0172    -0.02  -0.0221  -0.0237  -0.0248  -0.0257  -0.0262  -0.0265  -0.0265  -0.0261  -0.0254  -0.0241  -0.0219  -0.0185  -0.0136  -0.0069        0
        3|        0 -0.00394 -0.00826  -0.0122  -0.0155  -0.0183  -0.0205  -0.0223  -0.0236  -0.0245   -0.025  -0.0252  -0.0251  -0.0245  -0.0235  -0.0218  -0.0193  -0.0158  -0.0112 -0.00549        0
        2|        0 -0.00364 -0.00757  -0.0113  -0.0145  -0.0173  -0.0195  -0.0213  -0.0227  -0.0236  -0.0242  -0.0243  -0.0241  -0.0234  -0.0222  -0.0203  -0.0177  -0.0142 -0.00982 -0.00474        0
        1|        0 -0.00364 -0.00795  -0.0118  -0.0152   -0.018  -0.0202  -0.0218  -0.0229  -0.0235  -0.0238  -0.0236   -0.023  -0.0219  -0.0204  -0.0183  -0.0156  -0.0123 -0.00834 -0.00394        0
        0|        0 -0.00284 -0.00617 -0.00931  -0.0121  -0.0146  -0.0166  -0.0182  -0.0195  -0.0203  -0.0207  -0.0208  -0.0204  -0.0196  -0.0182  -0.0164  -0.0139  -0.0109 -0.00746 -0.00368        0

v (22x12): 
         |        0        1        2        3        4        5        6        7        8        9       10       11       12       13       14       15       16       17       18       19       20       21
-------------------------------------------------------------------------------------------------------------------------------------------------------------------------------------------------------------------------
       10|        0        0        0        0        0        0        0        0        0        0        0        0        0        0        0        0        0        0        0        0        0        0
        9|  -0.0879   0.0882   0.0525    0.032   0.0206   0.0138  0.00941  0.00653  0.00456   0.0032  0.00221  0.00148 0.000809 0.000106-0.000693  -0.0019  -0.0044  -0.0104  -0.0254  -0.0626    -0.13    0.128
        8|  -0.0547   0.0549     0.05   0.0362   0.0256    0.018   0.0128  0.00906  0.00641  0.00445  0.00297  0.00178 0.000736-0.000327 -0.00158 -0.00333 -0.00627  -0.0124  -0.0269  -0.0604   -0.112     0.11
        7|  -0.0387   0.0389   0.0392   0.0315    0.024   0.0179   0.0132  0.00964  0.00689  0.00476  0.00303  0.00155 0.000127 -0.00141 -0.00332 -0.00599  -0.0101  -0.0171  -0.0296  -0.0506  -0.0727   0.0712
        6|  -0.0285   0.0287   0.0305   0.0259   0.0209   0.0163   0.0124  0.00927  0.00671   0.0046  0.00282  0.00119-0.000434 -0.00226 -0.00451 -0.00757  -0.0119  -0.0184  -0.0279  -0.0401  -0.0464   0.0455
        5|  -0.0214   0.0215   0.0235   0.0207   0.0173    0.014   0.0109   0.0083  0.00606  0.00414  0.00243 0.000831-0.000819 -0.00267 -0.00493 -0.00785  -0.0118  -0.0169  -0.0235  -0.0304  -0.0312   0.0306
        4|  -0.0159    0.016   0.0177    0.016   0.0137   0.0113  0.00902  0.00694   0.0051  0.00345  0.00196 0.000505-0.000992 -0.00268 -0.00467 -0.00716  -0.0103  -0.0141  -0.0184  -0.0223  -0.0216   0.0212
        3|  -0.0114   0.0115   0.0128   0.0117   0.0102  0.00855  0.00689  0.00534  0.00392  0.00263  0.00142 0.000241-0.000994 -0.00235 -0.00395 -0.00584 -0.00811  -0.0107  -0.0134  -0.0156  -0.0147   0.0144
        2| -0.00747  0.00753   0.0085  0.00782  0.00686  0.00576  0.00467  0.00361  0.00263  0.00172 0.000863 1.61e-05-0.000854 -0.00181  -0.0029 -0.00416 -0.00561 -0.00719 -0.00875 -0.00996 -0.00917  0.00904
        1| -0.00387   0.0039  0.00455  0.00415   0.0036    0.003  0.00239  0.00182  0.00127 0.000776 0.000299-0.000154-0.000627 -0.00112 -0.00168 -0.00229 -0.00298 -0.00369 -0.00438 -0.00488 -0.00444  0.00439
        0|  -0.0175   0.0177   0.0202   0.0193   0.0177   0.0157   0.0134   0.0109   0.0082  0.00539   0.0025-0.000477 -0.00351 -0.00661 -0.00972  -0.0128  -0.0158  -0.0185  -0.0208  -0.0222  -0.0201   0.0199

p (22x12): 
         |        0        1        2        3        4        5        6        7        8        9       10       11       12       13       14       15       16       17       18       19       20       21
-------------------------------------------------------------------------------------------------------------------------------------------------------------------------------------------------------------------------
       11|    -3.79    -3.79    -3.78    -3.78    -3.78    -3.78    -3.78    -3.77    -3.77    -3.77    -3.77    -3.77    -3.76    -3.76    -3.76    -3.76    -3.76    -3.75    -3.75    -3.74    -3.71    -3.71
       10|    -3.79    -3.79    -3.78    -3.78    -3.78    -3.78    -3.78    -3.77    -3.77    -3.77    -3.77    -3.77    -3.76    -3.76    -3.76    -3.76    -3.76    -3.75    -3.75    -3.74    -3.71    -3.71
        9|    -3.78    -3.78    -3.78    -3.78    -3.78    -3.78    -3.77    -3.77    -3.77    -3.77    -3.77    -3.77    -3.76    -3.76    -3.76    -3.76    -3.76    -3.75    -3.75    -3.74    -3.73    -3.73
        8|    -3.78    -3.78    -3.78    -3.78    -3.78    -3.77    -3.77    -3.77    -3.77    -3.77    -3.77    -3.77    -3.76    -3.76    -3.76    -3.76    -3.76    -3.75    -3.75    -3.75    -3.74    -3.74
        7|    -3.78    -3.78    -3.78    -3.78    -3.77    -3.77    -3.77    -3.77    -3.77    -3.77    -3.77    -3.77    -3.76    -3.76    -3.76    -3.76    -3.76    -3.75    -3.75    -3.75    -3.75    -3.75
        6|    -3.77    -3.77    -3.77    -3.77    -3.77    -3.77    -3.77    -3.77    -3.77    -3.77    -3.77    -3.76    -3.76    -3.76    -3.76    -3.76    -3.76    -3.75    -3.75    -3.75    -3.75    -3.75
        5|    -3.77    -3.77    -3.77    -3.77    -3.77    -3.77    -3.77    -3.77    -3.77    -3.77    -3.77    -3.76    -3.76    -3.76    -3.76    -3.76    -3.76    -3.76    -3.75    -3.75    -3.75    -3.75
        4|    -3.77    -3.77    -3.77    -3.77    -3.77    -3.77    -3.77    -3.77    -3.77    -3.77    -3.77    -3.76    -3.76    -3.76    -3.76    -3.76    -3.76    -3.76    -3.75    -3.75    -3.75    -3.75
        3|    -3.77    -3.77    -3.77    -3.77    -3.77    -3.77    -3.77    -3.77    -3.77    -3.77    -3.77    -3.76    -3.76    -3.76    -3.76    -3.76    -3.76    -3.76    -3.76    -3.75    -3.75    -3.75
        2|    -3.77    -3.77    -3.77    -3.77    -3.77    -3.77    -3.77    -3.77    -3.77    -3.77    -3.77    -3.76    -3.76    -3.76    -3.76    -3.76    -3.76    -3.76    -3.76    -3.75    -3.75    -3.75
        1|    -3.77    -3.77    -3.77    -3.77    -3.77    -3.77    -3.77    -3.77    -3.77    -3.77    -3.77    -3.76    -3.76    -3.76    -3.76    -3.76    -3.76    -3.76    -3.76    -3.76    -3.75    -3.75
        0|    -3.77    -3.77    -3.77    -3.77    -3.77    -3.77    -3.77    -3.77    -3.77    -3.77    -3.77    -3.76    -3.76    -3.76    -3.76    -3.76    -3.76    -3.76    -3.76    -3.76    -3.76    -3.76

F (22x12): 
         |        0        1        2        3        4        5        6        7        8        9       10       11       12       13       14       15       16       17       18       19       20
-------------------------------------------------------------------------------------------------------------------------------------------------------------------------------------------------------------------------
       11|        0     1.91     1.86     1.83     1.81     1.79     1.79     1.78     1.77     1.77     1.77     1.77     1.77     1.77     1.77     1.77     1.77     1.78     1.81     1.87        0
       10|        0   0.0895    0.141    0.173    0.194    0.208    0.217    0.223    0.228    0.231    0.233    0.235    0.236    0.236    0.235    0.233    0.229     0.22    0.196    0.136        0
        9|        0  -0.0332  -0.0356  -0.0312  -0.0262  -0.0219  -0.0185   -0.016  -0.0142  -0.0129  -0.0122  -0.0118  -0.0119  -0.0123  -0.0132  -0.0146  -0.0164   -0.018  -0.0186  -0.0155        0
        8|        0   -0.016  -0.0266  -0.0313  -0.0328  -0.0328  -0.0323  -0.0317  -0.0312  -0.0309  -0.0308  -0.0311  -0.0317  -0.0327  -0.0344  -0.0371  -0.0408  -0.0453  -0.0476  -0.0379        0
        7|        0  -0.0101  -0.0188  -0.0242  -0.0273  -0.0288  -0.0296  -0.0299  -0.0301  -0.0302  -0.0304  -0.0308  -0.0313  -0.0321  -0.0333  -0.0348  -0.0366  -0.0378  -0.0361  -0.0257        0
        6|        0 -0.00715  -0.0141  -0.0192  -0.0227   -0.025  -0.0265  -0.0274  -0.0281  -0.0285  -0.0289  -0.0292  -0.0296    -0.03  -0.0304  -0.0306  -0.0304  -0.0289  -0.0245  -0.0149        0
        5|        0 -0.00549  -0.0112  -0.0159  -0.0194   -0.022  -0.0239  -0.0252  -0.0262  -0.0268  -0.0273  -0.0276  -0.0277  -0.0277  -0.0275  -0.0268  -0.0253  -0.0224  -0.0174 -0.00946        0
        4|        0 -0.00451 -0.00936  -0.0136   -0.017  -0.0198  -0.0218  -0.0234  -0.0245  -0.0253  -0.0259  -0.0261  -0.0261  -0.0258   -0.025  -0.0237  -0.0215  -0.0182  -0.0133 -0.00678        0
        3|        0 -0.00392  -0.0082  -0.0121  -0.0154  -0.0181  -0.0203   -0.022  -0.0233  -0.0241  -0.0247  -0.0249  -0.0247  -0.0242  -0.0231  -0.0215   -0.019  -0.0155   -0.011  -0.0054        0
        2|        0 -0.00361 -0.00751  -0.0112  -0.0144  -0.0171  -0.0193  -0.0211  -0.0224  -0.0233  -0.0239   -0.024  -0.0238  -0.0231  -0.0218    -0.02  -0.0174   -0.014 -0.00965 -0.00467        0
        1|        0 -0.00363 -0.00789  -0.0117  -0.0151  -0.0178    -0.02  -0.0215  -0.0226  -0.0232  -0.0234  -0.0232  -0.0226  -0.0215    -0.02   -0.018  -0.0153   -0.012 -0.00818 -0.00387        0
        0|        0        0        0        0        0        0        0        0        0        0        0        0        0        0        0        0        0        0        0        0        0

G (22x12): 
         |        0        1        2        3        4        5        6        7        8        9       10       11       12       13       14       15       16       17       18       19       20       21
-------------------------------------------------------------------------------------------------------------------------------------------------------------------------------------------------------------------------
       10|        0        0        0        0        0        0        0        0        0        0        0        0        0        0        0        0        0        0        0        0        0        0
        9|  -0.0879   0.0869   0.0522   0.0318   0.0204   0.0136  0.00925   0.0064  0.00446  0.00312  0.00215  0.00142 0.000761  6.8e-05-0.000717  -0.0019 -0.00433  -0.0101  -0.0245  -0.0603   -0.125    0.128
        8|  -0.0547   0.0541   0.0493   0.0356   0.0251   0.0176   0.0125  0.00881  0.00621   0.0043  0.00285  0.00168 0.000647-0.000412 -0.00167 -0.00344 -0.00642  -0.0126   -0.027  -0.0598    -0.11     0.11
        7|  -0.0387   0.0384   0.0387    0.031   0.0236   0.0176   0.0129   0.0094   0.0067  0.00461  0.00291  0.00145 4.23e-05 -0.00148  -0.0034 -0.00606  -0.0102  -0.0171  -0.0295  -0.0501  -0.0716   0.0712
        6|  -0.0285   0.0283   0.0301   0.0256   0.0206    0.016   0.0122  0.00907  0.00655  0.00447  0.00271   0.0011-0.000504 -0.00231 -0.00455 -0.00759  -0.0119  -0.0183  -0.0276  -0.0396  -0.0456   0.0455
        5|  -0.0214   0.0213   0.0232   0.0205   0.0171   0.0137   0.0107  0.00813  0.00592  0.00403  0.00234  0.00076-0.000871  -0.0027 -0.00494 -0.00783  -0.0117  -0.0168  -0.0232  -0.0299  -0.0306   0.0306
        4|  -0.0159   0.0158   0.0175   0.0158   0.0135   0.0111  0.00887   0.0068  0.00499  0.00336  0.00189 0.000452 -0.00103 -0.00269 -0.00467 -0.00712  -0.0102  -0.0139  -0.0181   -0.022  -0.0212   0.0212
        3|  -0.0114   0.0113   0.0127   0.0116   0.0101  0.00842  0.00678  0.00525  0.00384  0.00257  0.00137 0.000205 -0.00101 -0.00236 -0.00393  -0.0058 -0.00803  -0.0106  -0.0132  -0.0154  -0.0144   0.0144
        2| -0.00747  0.00743  0.00839  0.00772  0.00676  0.00568  0.00459  0.00355  0.00258  0.00168 0.000835-1.77e-06-0.000861 -0.00181 -0.00288 -0.00413 -0.00555  -0.0071 -0.00864 -0.00982 -0.00901  0.00904
        1| -0.00387  0.00393  0.00459  0.00419  0.00363  0.00303  0.00241  0.00183  0.00128  0.00078   0.0003-0.000157-0.000632 -0.00113 -0.00168 -0.00229 -0.00297 -0.00368 -0.00436 -0.00485  -0.0044  0.00439
        0|  -0.0175        0        0        0        0        0        0        0        0        0        0        0        0        0        0        0        0        0        0        0        0   0.0199

rhs (22x12): 
         |        0        1        2        3        4        5        6        7        8        9       10       11       12       13       14       15       16       17       18       19       20       21
-------------------------------------------------------------------------------------------------------------------------------------------------------------------------------------------------------------------------
       11|        0        0        0        0        0        0        0        0        0        0        0        0        0        0        0        0        0        0        0        0        0        0
       10|        0    0.984   -0.269   0.0767    0.113     0.09   0.0726   0.0498   0.0407   0.0265   0.0247   0.0173   0.0228   0.0175   0.0223   0.0325   0.0751    0.157    0.298   0.0967    -4.12        0
        9|        0   -0.159    0.215      0.2    0.135   0.0997   0.0647   0.0513   0.0314   0.0285   0.0161   0.0192   0.0124   0.0235   0.0295   0.0612    0.125    0.311    0.696     1.01   0.0593        0
        8|        0  -0.0943  -0.0273  -0.0175 1.95e-05 -0.00185  0.00593-0.000126  0.00607-0.000537  0.00557-0.000951  0.00535 8.39e-05  0.00715  0.00238   0.0137   0.0245   0.0696   0.0302  -0.0654        0
        7|        0  -0.0379  -0.0199 -0.00867    -0.01-0.000501 -0.00494  0.00248 -0.00326  0.00341 -0.00278  0.00361 -0.00272  0.00338 -0.00356  0.00137  -0.0084  -0.0108  -0.0394  -0.0757  -0.0984        0
        6|        0  -0.0258 -0.00601  -0.0103 -0.00144 -0.00589  0.00172 -0.00382  0.00301 -0.00305  0.00343 -0.00289  0.00339 -0.00326  0.00247 -0.00521 -0.00179  -0.0143  -0.0197  -0.0381  -0.0214        0
        5|        0  -0.0134 -0.00876 -0.00138 -0.00629  0.00127 -0.00419  0.00276  -0.0032  0.00338 -0.00286  0.00353 -0.00294  0.00318 -0.00366  0.00169 -0.00655 -0.00364  -0.0152  -0.0129 -0.00172        0
        4|        0  -0.0143-0.000532 -0.00629 0.000995 -0.00452   0.0025 -0.00338   0.0033 -0.00285  0.00362 -0.00271  0.00355 -0.00299  0.00298  -0.0041 0.000973 -0.00742 -0.00385  -0.0121   0.0083        0
        3|        0 -0.00728 -0.00588 0.000913 -0.00479  0.00222 -0.00361  0.00316  -0.0029  0.00364 -0.00261  0.00378 -0.00265  0.00356 -0.00311  0.00268 -0.00462 0.000337 -0.00777 -0.00253  0.00445        0
        2|        0  -0.0431  -0.0382  -0.0413  -0.0298  -0.0304  -0.0181  -0.0188 -0.00719 -0.00897  0.00128 -0.00194  0.00704  0.00289   0.0109  0.00556   0.0121  0.00514   0.0103  0.00291   0.0195        0
        1|        0    0.116    0.124    0.128    0.117    0.116      0.1   0.0941   0.0732   0.0628   0.0378   0.0237 -0.00573  -0.0258  -0.0614  -0.0872   -0.127   -0.154    -0.19   -0.205   -0.202        0
        0|        0        0        0        0        0        0        0        0        0        0        0        0        0        0        0        0        0        0        0        0        0        0

