t: 0.125308
nCells: 20x10, dx: 0.1, dy: 0.1

u (22x12): 
         |        0        1        2        3        4        5        6        7        8        9       10       11       12       13       14       15       16       17       18       19       20
-------------------------------------------------------------------------------------------------------------------------------------------------------------------------------------------------------------------------
       11|        0     1.99     1.99     1.98     1.98     1.98     1.98     1.98     1.98     1.98     1.98     1.98     1.98     1.98     1.98     1.98     1.98     1.98     1.99     1.99        0
       10|        0   0.0121    0.017   0.0192   0.0203    0.021   0.0214   0.0217   0.0218   0.0219   0.0219   0.0219   0.0218   0.0217   0.0214    0.021   0.0203   0.0192    0.017   0.0122        0
        9|        0 -0.00491 -0.00502 -0.00438 -0.00378 -0.00334 -0.00303 -0.00283 -0.00269 -0.00262  -0.0026 -0.00262 -0.00269 -0.00282 -0.00303 -0.00334 -0.00378 -0.00437 -0.00502  -0.0049        0
        8|        0 -0.00241 -0.00328  -0.0034 -0.00326 -0.00307  -0.0029 -0.00278 -0.00269 -0.00264 -0.00262 -0.00264 -0.00269 -0.00278  -0.0029 -0.00307 -0.00326 -0.00341  -0.0033 -0.00243        0
        7|        0 -0.00137 -0.00219 -0.00255 -0.00266 -0.00266 -0.00261 -0.00256 -0.00252 -0.00249 -0.00249  -0.0025 -0.00252 -0.00256 -0.00261 -0.00266 -0.00267 -0.00256  -0.0022 -0.00138        0
        6|        0-0.000886 -0.00155 -0.00196 -0.00218 -0.00229 -0.00233 -0.00234 -0.00234 -0.00234 -0.00233 -0.00234 -0.00234 -0.00234 -0.00233 -0.00229 -0.00218 -0.00196 -0.00156 -0.00089        0
        5|        0-0.000635 -0.00117 -0.00156 -0.00181 -0.00198 -0.00207 -0.00213 -0.00216 -0.00217 -0.00218 -0.00217 -0.00216 -0.00213 -0.00207 -0.00198 -0.00182 -0.00156 -0.00117-0.000637        0
        4|        0-0.000491 -0.00093 -0.00128 -0.00154 -0.00173 -0.00186 -0.00194 -0.00199 -0.00202 -0.00203 -0.00202 -0.00199 -0.00194 -0.00186 -0.00173 -0.00155 -0.00128-0.000931-0.000492        0
        3|        0-0.000404-0.000778  -0.0011 -0.00135 -0.00155 -0.00169 -0.00179 -0.00185 -0.00189  -0.0019 -0.00189 -0.00185 -0.00179 -0.00169 -0.00155 -0.00135  -0.0011-0.000779-0.000405        0
        2|        0 -0.00035-0.000682-0.000975 -0.00122 -0.00141 -0.00156 -0.00167 -0.00174 -0.00178  -0.0018 -0.00178 -0.00174 -0.00167 -0.00156 -0.00141 -0.00122-0.000976-0.000683-0.000351        0
        1|        0-0.000319-0.000626-0.000901 -0.00114 -0.00133 -0.00148 -0.00159 -0.00166  -0.0017 -0.00172  -0.0017 -0.00166 -0.00159 -0.00148 -0.00133 -0.00114-0.000902-0.000626-0.000319        0
        0|        0-0.000267-0.000524-0.000759-0.000964 -0.00114 -0.00127 -0.00138 -0.00145 -0.00149 -0.00151 -0.00149 -0.00145 -0.00138 -0.00127 -0.00114-0.000965 -0.00076-0.000525-0.000267        0

v (22x12): 
         |        0        1        2        3        4        5        6        7        8        9       10       11       12       13       14       15       16       17       18       19       20       21
-------------------------------------------------------------------------------------------------------------------------------------------------------------------------------------------------------------------------
       10|        0        0        0        0        0        0        0        0        0        0        0        0        0        0        0        0        0        0        0        0        0        0
        9| -0.00977   0.0121  0.00482  0.00221  0.00115 0.000667  0.00041 0.000258 0.000158 8.65e-05  2.8e-05-2.65e-05-8.48e-05-0.000156-0.000255-0.000406-0.000663 -0.00115  -0.0022 -0.00482  -0.0122  0.00979
        8| -0.00582  0.00724  0.00471  0.00285  0.00175  0.00111 0.000716 0.000464  0.00029  0.00016 5.16e-05-4.96e-05-0.000158-0.000287-0.000461-0.000712  -0.0011 -0.00175 -0.00284 -0.00471 -0.00727  0.00584
        7| -0.00389  0.00483  0.00383  0.00274  0.00189   0.0013 0.000883 0.000592 0.000378 0.000211 6.83e-05-6.63e-05-0.000209-0.000376-0.000589 -0.00088 -0.00129 -0.00189 -0.00274 -0.00384 -0.00484   0.0039
        6|  -0.0028  0.00346  0.00301  0.00237  0.00178   0.0013 0.000928 0.000642 0.000419 0.000237 7.71e-05-7.53e-05-0.000235-0.000417 -0.00064-0.000926  -0.0013 -0.00178 -0.00238 -0.00302 -0.00347   0.0028
        5| -0.00209  0.00257  0.00235  0.00197  0.00156   0.0012 0.000886 0.000631  0.00042  0.00024 7.85e-05 -7.7e-05-0.000239-0.000418-0.000629-0.000884 -0.00119 -0.00156 -0.00197 -0.00235 -0.00258  0.00209
        4| -0.00159  0.00194  0.00182  0.00158   0.0013  0.00103 0.000789 0.000575  0.00039 0.000225  7.4e-05-7.28e-05-0.000224-0.000388-0.000574-0.000788 -0.00103  -0.0013 -0.00158 -0.00182 -0.00194  0.00159
        3|  -0.0012  0.00145  0.00138  0.00123  0.00104 0.000847 0.000662 0.000492 0.000338 0.000197  6.5e-05-6.41e-05-0.000196-0.000337-0.000491-0.000661-0.000847 -0.00104 -0.00123 -0.00138 -0.00145   0.0012
        2|-0.000883  0.00104    0.001 0.000907 0.000785 0.000652 0.000519 0.000392 0.000273  0.00016 5.31e-05-5.24e-05 -0.00016-0.000272-0.000391-0.000519-0.000652-0.000785-0.000907   -0.001 -0.00105 0.000884
        1|-0.000611 0.000694 0.000671 0.000614 0.000541 0.000458 0.000371 0.000284   0.0002 0.000119 3.95e-05-3.91e-05-0.000118  -0.0002-0.000284-0.000371-0.000458-0.000541-0.000615-0.000671-0.000694 0.000612
        0| -0.00121  0.00158  0.00154  0.00144   0.0013  0.00113 0.000938 0.000736 0.000529 0.000318 0.000106-0.000106-0.000317-0.000528-0.000736-0.000938 -0.00113  -0.0013 -0.00144 -0.00154 -0.00158  0.00122

p (22x12): 
         |        0        1        2        3        4        5        6        7        8        9       10       11       12       13       14       15       16       17       18       19       20       21
-------------------------------------------------------------------------------------------------------------------------------------------------------------------------------------------------------------------------
       11|  -0.0383  -0.0383  -0.0283  -0.0221  -0.0176  -0.0141  -0.0111 -0.00836 -0.00585 -0.00346 -0.00113  0.00117   0.0035  0.00589   0.0084   0.0111   0.0141   0.0177   0.0221   0.0284   0.0385   0.0385
       10|  -0.0383  -0.0383  -0.0283  -0.0221  -0.0176  -0.0141  -0.0111 -0.00836 -0.00585 -0.00346 -0.00113  0.00117   0.0035  0.00589   0.0084   0.0111   0.0141   0.0177   0.0221   0.0284   0.0385   0.0385
        9|  -0.0284  -0.0284  -0.0245  -0.0204  -0.0167  -0.0136  -0.0108 -0.00817 -0.00573 -0.00339 -0.00111  0.00115  0.00344  0.00577  0.00821   0.0108   0.0136   0.0168   0.0204   0.0245   0.0286   0.0286
        8|  -0.0227  -0.0227  -0.0207  -0.0181  -0.0154  -0.0127  -0.0102 -0.00781 -0.00551 -0.00327 -0.00107  0.00112  0.00332  0.00556  0.00786   0.0103   0.0128   0.0154   0.0182   0.0208   0.0228   0.0228
        7|  -0.0189  -0.0189  -0.0178   -0.016  -0.0139  -0.0117 -0.00954 -0.00737 -0.00523 -0.00312 -0.00102  0.00107  0.00317  0.00529  0.00743   0.0096   0.0118    0.014   0.0161   0.0179    0.019    0.019
        6|  -0.0162  -0.0162  -0.0154  -0.0142  -0.0126  -0.0108 -0.00885  -0.0069 -0.00493 -0.00295-0.000963  0.00102    0.003  0.00498  0.00696  0.00891   0.0108   0.0126   0.0143   0.0155   0.0163   0.0163
        5|  -0.0142  -0.0142  -0.0137  -0.0127  -0.0114 -0.00988 -0.00821 -0.00645 -0.00463 -0.00278-0.000906 0.000968  0.00284  0.00469  0.00651  0.00828  0.00995   0.0115   0.0128   0.0138   0.0143   0.0143
        4|  -0.0128  -0.0128  -0.0123  -0.0116  -0.0105 -0.00915 -0.00766 -0.00605 -0.00436 -0.00262-0.000856  0.00092  0.00269  0.00443  0.00612  0.00773  0.00922   0.0105   0.0116   0.0124   0.0128   0.0128
        3|  -0.0117  -0.0117  -0.0114  -0.0107 -0.00977 -0.00859 -0.00722 -0.00573 -0.00415  -0.0025-0.000814 0.000881  0.00256  0.00421   0.0058   0.0073  0.00866  0.00985   0.0108   0.0115   0.0118   0.0118
        2|  -0.0111  -0.0111  -0.0108  -0.0102  -0.0093  -0.0082 -0.00692 -0.00551 -0.00399 -0.00241-0.000784 0.000853  0.00248  0.00406  0.00558    0.007  0.00828  0.00938   0.0103   0.0109   0.0112   0.0112
        1|  -0.0108  -0.0108  -0.0105 -0.00989 -0.00906   -0.008 -0.00677 -0.00539 -0.00391 -0.00236-0.000768 0.000838  0.00243  0.00398  0.00546  0.00684  0.00808  0.00913  0.00997   0.0105   0.0108   0.0108
        0| -0.00927 -0.00927 -0.00903 -0.00854 -0.00784 -0.00694 -0.00588  -0.0047 -0.00341 -0.00206-0.000668 0.000739  0.00213  0.00348  0.00477  0.00596  0.00701  0.00791  0.00862   0.0091  0.00935  0.00935

F (22x12): 
         |        0        1        2        3        4        5        6        7        8        9       10       11       12       13       14       15       16       17       18       19       20
-------------------------------------------------------------------------------------------------------------------------------------------------------------------------------------------------------------------------
       11|        0     1.99     1.99     1.98     1.98     1.98     1.98     1.98     1.98     1.98     1.98     1.98     1.98     1.98     1.98     1.98     1.98     1.98     1.99     1.99        0
       10|        0   0.0147   0.0185   0.0203   0.0212   0.0218   0.0221   0.0223   0.0224   0.0225   0.0225   0.0225   0.0224   0.0223   0.0221   0.0218   0.0212   0.0203   0.0186   0.0147        0
        9|        0 -0.00391 -0.00399 -0.00347 -0.00299 -0.00263 -0.00238 -0.00221 -0.00211 -0.00205 -0.00203 -0.00205 -0.00211 -0.00221 -0.00238 -0.00263 -0.00298 -0.00346 -0.00398 -0.00388        0
        8|        0 -0.00193 -0.00262 -0.00271 -0.00259 -0.00244  -0.0023  -0.0022 -0.00213 -0.00208 -0.00207 -0.00208 -0.00213  -0.0022  -0.0023 -0.00244  -0.0026 -0.00271 -0.00263 -0.00194        0
        7|        0 -0.00109 -0.00175 -0.00203 -0.00211 -0.00211 -0.00207 -0.00202 -0.00199 -0.00197 -0.00196 -0.00197 -0.00199 -0.00203 -0.00207 -0.00211 -0.00212 -0.00203 -0.00175  -0.0011        0
        6|        0-0.000706 -0.00123 -0.00156 -0.00173 -0.00181 -0.00184 -0.00184 -0.00184 -0.00184 -0.00184 -0.00184 -0.00184 -0.00184 -0.00184 -0.00181 -0.00173 -0.00156 -0.00124-0.000708        0
        5|        0-0.000504-0.000925 -0.00123 -0.00143 -0.00156 -0.00163 -0.00167 -0.00169  -0.0017 -0.00171  -0.0017 -0.00169 -0.00167 -0.00163 -0.00156 -0.00143 -0.00123-0.000926-0.000505        0
        4|        0-0.000387-0.000732 -0.00101 -0.00121 -0.00136 -0.00145 -0.00152 -0.00156 -0.00158 -0.00159 -0.00158 -0.00156 -0.00152 -0.00146 -0.00136 -0.00121 -0.00101-0.000733-0.000388        0
        3|        0-0.000316-0.000608-0.000856 -0.00105  -0.0012 -0.00131 -0.00139 -0.00144 -0.00147 -0.00148 -0.00147 -0.00144 -0.00139 -0.00131  -0.0012 -0.00105-0.000857-0.000609-0.000317        0
        2|        0-0.000272-0.000529-0.000755-0.000943 -0.00109 -0.00121 -0.00129 -0.00134 -0.00138 -0.00139 -0.00138 -0.00134 -0.00129 -0.00121 -0.00109-0.000943-0.000755-0.000529-0.000272        0
        1|        0-0.000245-0.000481-0.000691-0.000871 -0.00102 -0.00113 -0.00121 -0.00127  -0.0013 -0.00131  -0.0013 -0.00127 -0.00121 -0.00113 -0.00102 -0.00087-0.000691-0.000481-0.000245        0
        0|        0        0        0        0        0        0        0        0        0        0        0        0        0        0        0        0        0        0        0        0        0

G (22x12): 
         |        0        1        2        3        4        5        6        7        8        9       10       11       12       13       14       15       16       17       18       19       20       21
-------------------------------------------------------------------------------------------------------------------------------------------------------------------------------------------------------------------------
       10|        0        0        0        0        0        0        0        0        0        0        0        0        0        0        0        0        0        0        0        0        0        0
        9| -0.00977  0.00967  0.00387  0.00177 0.000929 0.000538 0.000331 0.000209 0.000129 7.02e-05 2.26e-05-2.17e-05-6.92e-05-0.000127-0.000207-0.000329-0.000535-0.000924 -0.00176 -0.00386 -0.00968  0.00979
        8| -0.00582  0.00579  0.00377  0.00229  0.00141 0.000893 0.000579 0.000376 0.000235  0.00013 4.17e-05-4.08e-05-0.000129-0.000234-0.000374-0.000577-0.000891 -0.00141 -0.00229 -0.00378 -0.00582  0.00584
        7| -0.00389  0.00387  0.00308   0.0022  0.00153  0.00105 0.000715 0.000481 0.000307 0.000172 5.54e-05-5.45e-05-0.000171-0.000306-0.000479-0.000714 -0.00105 -0.00152  -0.0022 -0.00309 -0.00388   0.0039
        6|  -0.0028  0.00278  0.00243  0.00192  0.00144  0.00105 0.000755 0.000524 0.000342 0.000194 6.28e-05-6.21e-05-0.000193-0.000342-0.000523-0.000754 -0.00105 -0.00144 -0.00192 -0.00243 -0.00279   0.0028
        5| -0.00209  0.00208   0.0019   0.0016  0.00127 0.000975 0.000724 0.000517 0.000345 0.000197 6.44e-05-6.38e-05-0.000197-0.000344-0.000517-0.000724-0.000975 -0.00127  -0.0016 -0.00191 -0.00208  0.00209
        4| -0.00159  0.00158  0.00148  0.00129  0.00107  0.00085 0.000651 0.000476 0.000323 0.000187 6.13e-05-6.08e-05-0.000186-0.000322-0.000475-0.000651 -0.00085 -0.00107 -0.00129 -0.00148 -0.00158  0.00159
        3|  -0.0012  0.00119  0.00114  0.00102 0.000864 0.000706 0.000553 0.000412 0.000284 0.000166 5.46e-05-5.42e-05-0.000165-0.000283-0.000412-0.000553-0.000706-0.000864 -0.00102 -0.00114 -0.00119   0.0012
        2|-0.000883 0.000879 0.000847 0.000768 0.000666 0.000555 0.000443 0.000336 0.000234 0.000138 4.56e-05-4.54e-05-0.000138-0.000234-0.000336-0.000443-0.000555-0.000667-0.000768-0.000848 -0.00088 0.000884
        1|-0.000611 0.000611 0.000592 0.000544  0.00048 0.000407 0.000331 0.000255  0.00018 0.000107 3.55e-05-3.53e-05-0.000107 -0.00018-0.000254-0.000331-0.000407 -0.00048-0.000544-0.000592-0.000611 0.000612
        0| -0.00121        0        0        0        0        0        0        0        0        0        0        0        0        0        0        0        0        0        0        0        0  0.00122

rhs (22x12): 
         |        0        1        2        3        4        5        6        7        8        9       10       11       12       13       14       15       16       17       18       19       20       21
-------------------------------------------------------------------------------------------------------------------------------------------------------------------------------------------------------------------------
       11|        0        0        0        0        0        0        0        0        0        0        0        0        0        0        0        0        0        0        0        0        0        0
       10|        0     1.99 -0.00544 -0.00098-0.000516-0.000387-0.000254-0.000172-7.72e-05-9.77e-06 7.15e-05 0.000111 0.000211  0.00035 0.000538 0.000863   0.0014  0.00248  0.00467  0.00863    -2.01        0
        9|        0 -0.00848  0.00345  0.00176 0.000791 0.000423 0.000225 0.000157 9.71e-05 8.41e-05 6.64e-05 0.000112 0.000129 0.000159 0.000239 0.000364 0.000672  0.00133  0.00306  0.00617  0.00734        0
        8|        0 -0.00489-0.000392-0.000186-5.84e-05-4.29e-05-3.55e-06-1.44e-05 3.81e-06-5.66e-06 1.09e-06-1.25e-06-4.61e-06-1.09e-06-1.64e-05-1.31e-05-5.46e-05-9.56e-05-0.000288-0.000654  0.00261        0
        7|        0 -0.00246-0.000171-7.25e-05-5.84e-05-1.17e-05-2.21e-05 1.92e-06-9.98e-06 1.77e-06-4.64e-06-2.76e-06-2.23e-06-1.08e-05-5.28e-06-2.74e-05-2.67e-05-7.92e-05-0.000117 -0.00023  0.00187        0
        6|        0 -0.00153 -5.7e-05-6.06e-05-1.51e-05-2.76e-05 7.21e-07-1.36e-05 2.76e-06-7.05e-06-5.75e-07-3.43e-06-6.51e-06-2.65e-06 -1.6e-05-8.34e-06-3.52e-05-3.18e-05-7.86e-05-8.48e-05  0.00128        0
        5|        0 -0.00104-5.25e-05-1.31e-05-3.05e-05 3.94e-07-1.66e-05 3.87e-06-9.21e-06 1.73e-06-4.82e-06-3.16e-06 -2.4e-06-9.96e-06-2.87e-06-2.03e-05-9.88e-06-3.84e-05-2.82e-05 -6.5e-05 0.000958        0
        4|        0-0.000811 -7.3e-06-3.04e-05 1.23e-06-1.87e-05 5.13e-06-1.11e-05 4.03e-06-6.14e-06 6.76e-08-2.95e-06-5.67e-06-1.27e-06 -1.3e-05-2.67e-06-2.33e-05-9.39e-06-3.77e-05-2.03e-05  0.00073        0
        3|        0-0.000636-2.84e-05 2.92e-06-2.01e-05 6.41e-06-1.27e-05 6.19e-06-7.43e-06 3.02e-06 -3.6e-06-2.02e-06 -1.1e-06-8.04e-06-1.33e-07-1.55e-05-2.15e-06-2.51e-05 -7.6e-06-3.49e-05 0.000617        0
        2|        0 -0.00149-0.000895-0.000856-0.000739-0.000656 -0.00052-0.000418-0.000284-0.000177-5.54e-05 5.48e-05 0.000164 0.000278 0.000374 0.000488 0.000565 0.000667 0.000712 0.000782  0.00132        0
        1|        0    0.145    0.142    0.133     0.12    0.104   0.0866    0.068   0.0488   0.0294  0.00983 -0.00974  -0.0293  -0.0487  -0.0679  -0.0865   -0.104    -0.12   -0.133   -0.142   -0.146        0
        0|        0        0        0        0        0        0        0        0        0        0        0        0        0        0        0        0        0        0        0        0        0        0

