t: 1.33277
nCells: 20x10, dx: 0.1, dy: 0.1

u (22x12): 
         |        0        1        2        3        4        5        6        7        8        9       10       11       12       13       14       15       16       17       18       19       20
-------------------------------------------------------------------------------------------------------------------------------------------------------------------------------------------------------------------------
       11|        0 -0.00313 -0.00664 -0.00981  -0.0126  -0.0148  -0.0166  -0.0179  -0.0188  -0.0193  -0.0195  -0.0193  -0.0188  -0.0179  -0.0167   -0.015  -0.0128    -0.01 -0.00685 -0.00328        0
       10|        0 -0.00251  -0.0053 -0.00791  -0.0102  -0.0122  -0.0139  -0.0152  -0.0161  -0.0167   -0.017   -0.017  -0.0166  -0.0159  -0.0147  -0.0132  -0.0112 -0.00879 -0.00599 -0.00295        0
        9|        0 -0.00216 -0.00455 -0.00679 -0.00882  -0.0106  -0.0121  -0.0132  -0.0141  -0.0147  -0.0149  -0.0149  -0.0145  -0.0138  -0.0127  -0.0113 -0.00956 -0.00744 -0.00505 -0.00244        0
        8|        0 -0.00188 -0.00394 -0.00589 -0.00767 -0.00924  -0.0106  -0.0116  -0.0124  -0.0129  -0.0131  -0.0131  -0.0127   -0.012  -0.0111 -0.00979 -0.00821 -0.00637 -0.00429 -0.00206        0
        7|        0 -0.00164 -0.00345 -0.00517 -0.00675 -0.00814 -0.00932  -0.0103   -0.011  -0.0114  -0.0116  -0.0116  -0.0112  -0.0106  -0.0097 -0.00854 -0.00714 -0.00551  -0.0037 -0.00177        0
        6|        0 -0.00146 -0.00306  -0.0046   -0.006 -0.00725 -0.00832 -0.00918 -0.00982  -0.0102  -0.0104  -0.0103 -0.00998 -0.00941  -0.0086 -0.00755 -0.00629 -0.00484 -0.00324 -0.00155        0
        5|        0 -0.00131 -0.00276 -0.00414 -0.00542 -0.00655 -0.00752  -0.0083 -0.00888 -0.00925  -0.0094 -0.00932 -0.00901 -0.00848 -0.00773 -0.00677 -0.00563 -0.00432 -0.00289 -0.00138        0
        4|        0  -0.0012 -0.00253  -0.0038 -0.00496 -0.00601  -0.0069 -0.00763 -0.00816  -0.0085 -0.00863 -0.00855 -0.00826 -0.00777 -0.00706 -0.00618 -0.00513 -0.00394 -0.00263 -0.00125        0
        3|        0 -0.00112 -0.00236 -0.00355 -0.00464 -0.00562 -0.00646 -0.00714 -0.00764 -0.00795 -0.00808   -0.008 -0.00772 -0.00725 -0.00659 -0.00576 -0.00477 -0.00366 -0.00244 -0.00116        0
        2|        0 -0.00107 -0.00224 -0.00337 -0.00441 -0.00535 -0.00614 -0.00679 -0.00727 -0.00757 -0.00768 -0.00761 -0.00734 -0.00689 -0.00625 -0.00546 -0.00452 -0.00347 -0.00231  -0.0011        0
        1|        0-0.000917 -0.00194 -0.00291 -0.00382 -0.00463 -0.00532 -0.00588  -0.0063 -0.00656 -0.00666 -0.00659 -0.00636 -0.00597 -0.00542 -0.00473 -0.00392   -0.003   -0.002-0.000949        0
        0|        0 0.000906  0.00191  0.00287  0.00377  0.00456  0.00525   0.0058  0.00621  0.00646  0.00656  0.00649  0.00627  0.00588  0.00534  0.00466  0.00386  0.00295  0.00197 0.000936        0

v (22x12): 
         |        0        1        2        3        4        5        6        7        8        9       10       11       12       13       14       15       16       17       18       19       20       21
-------------------------------------------------------------------------------------------------------------------------------------------------------------------------------------------------------------------------
       10|  -0.0151   0.0153   0.0169    0.016   0.0146   0.0129   0.0109  0.00875  0.00649  0.00414  0.00176 -0.00068 -0.00314 -0.00564 -0.00813  -0.0106  -0.0129   -0.015  -0.0168  -0.0179  -0.0166   0.0163
        9|  -0.0126   0.0128   0.0141   0.0134   0.0123   0.0109  0.00925  0.00746  0.00553  0.00353  0.00146-0.000641 -0.00277  -0.0049   -0.007 -0.00903  -0.0109  -0.0126   -0.014  -0.0149  -0.0136   0.0134
        8|  -0.0105   0.0106   0.0117   0.0112   0.0103  0.00912  0.00778  0.00628  0.00466  0.00296  0.00121-0.000591 -0.00239 -0.00419 -0.00594 -0.00762 -0.00916  -0.0105  -0.0116  -0.0123  -0.0112    0.011
        7| -0.00862  0.00875  0.00964   0.0092  0.00848  0.00755  0.00645  0.00522  0.00387  0.00246 0.000979-0.000522 -0.00204 -0.00353 -0.00498 -0.00634 -0.00759 -0.00866 -0.00951    -0.01 -0.00915    0.009
        6|   -0.007   0.0071  0.00783  0.00748   0.0069  0.00616  0.00527  0.00426  0.00317    0.002 0.000789-0.000451 -0.00169 -0.00291 -0.00409 -0.00519 -0.00618 -0.00703  -0.0077 -0.00811 -0.00738  0.00726
        5| -0.00556  0.00564  0.00622  0.00595  0.00549  0.00491   0.0042   0.0034  0.00252  0.00159 0.000618-0.000372 -0.00137 -0.00234 -0.00328 -0.00414 -0.00492 -0.00558  -0.0061 -0.00642 -0.00583  0.00574
        4| -0.00426  0.00432  0.00477  0.00456  0.00422  0.00377  0.00323  0.00262  0.00194  0.00122 0.000473-0.000296 -0.00106 -0.00181 -0.00252 -0.00319 -0.00378 -0.00428 -0.00467 -0.00491 -0.00445  0.00439
        3| -0.00308  0.00312  0.00344   0.0033  0.00305  0.00273  0.00233  0.00189   0.0014 0.000884 0.000337-0.000216-0.000773 -0.00131 -0.00183 -0.00231 -0.00273 -0.00309 -0.00337 -0.00353 -0.00321  0.00316
        2| -0.00196  0.00199   0.0022  0.00211  0.00195  0.00174   0.0015  0.00121 0.000902 0.000564 0.000218-0.000141-0.000494-0.000844 -0.00117 -0.00148 -0.00175 -0.00198 -0.00215 -0.00226 -0.00204  0.00201
        1|-0.000913 0.000924  0.00102 0.000981 0.000905 0.000813 0.000695 0.000566 0.000418 0.000266   0.0001-6.23e-05-0.000231-0.000389-0.000546-0.000684-0.000813-0.000915-0.000999 -0.00105-0.000947 0.000935
        0|        0        0        0        0        0        0        0        0        0        0        0        0        0        0        0        0        0        0        0        0        0        0

p (22x12): 
         |        0        1        2        3        4        5        6        7        8        9       10       11       12       13       14       15       16       17       18       19       20       21
-------------------------------------------------------------------------------------------------------------------------------------------------------------------------------------------------------------------------
       11|    -1.94    -1.94    -1.94    -1.94    -1.94    -1.94    -1.94    -1.94    -1.94    -1.93    -1.93    -1.93    -1.93    -1.93    -1.93    -1.93    -1.93    -1.92    -1.92    -1.92    -1.92    -1.92
       10|    -1.94    -1.94    -1.94    -1.94    -1.94    -1.94    -1.94    -1.94    -1.94    -1.93    -1.93    -1.93    -1.93    -1.93    -1.93    -1.93    -1.93    -1.93    -1.93    -1.92    -1.92    -1.92
        9|    -1.94    -1.94    -1.94    -1.94    -1.94    -1.94    -1.94    -1.94    -1.93    -1.93    -1.93    -1.93    -1.93    -1.93    -1.93    -1.93    -1.93    -1.93    -1.93    -1.93    -1.93    -1.93
        8|    -1.94    -1.94    -1.94    -1.94    -1.94    -1.94    -1.94    -1.94    -1.93    -1.93    -1.93    -1.93    -1.93    -1.93    -1.93    -1.93    -1.93    -1.93    -1.93    -1.93    -1.93    -1.93
        7|    -1.94    -1.94    -1.94    -1.94    -1.94    -1.94    -1.94    -1.93    -1.93    -1.93    -1.93    -1.93    -1.93    -1.93    -1.93    -1.93    -1.93    -1.93    -1.93    -1.93    -1.93    -1.93
        6|    -1.94    -1.94    -1.94    -1.94    -1.94    -1.94    -1.94    -1.93    -1.93    -1.93    -1.93    -1.93    -1.93    -1.93    -1.93    -1.93    -1.93    -1.93    -1.93    -1.93    -1.93    -1.93
        5|    -1.94    -1.94    -1.94    -1.94    -1.94    -1.94    -1.93    -1.93    -1.93    -1.93    -1.93    -1.93    -1.93    -1.93    -1.93    -1.93    -1.93    -1.93    -1.93    -1.93    -1.93    -1.93
        4|    -1.94    -1.94    -1.94    -1.94    -1.94    -1.94    -1.93    -1.93    -1.93    -1.93    -1.93    -1.93    -1.93    -1.93    -1.93    -1.93    -1.93    -1.93    -1.93    -1.93    -1.93    -1.93
        3|    -1.94    -1.94    -1.94    -1.94    -1.94    -1.93    -1.93    -1.93    -1.93    -1.93    -1.93    -1.93    -1.93    -1.93    -1.93    -1.93    -1.93    -1.93    -1.93    -1.93    -1.93    -1.93
        2|    -1.94    -1.94    -1.94    -1.94    -1.94    -1.93    -1.93    -1.93    -1.93    -1.93    -1.93    -1.93    -1.93    -1.93    -1.93    -1.93    -1.93    -1.93    -1.93    -1.93    -1.93    -1.93
        1|    -1.94    -1.94    -1.94    -1.94    -1.93    -1.93    -1.93    -1.93    -1.93    -1.93    -1.93    -1.93    -1.93    -1.93    -1.93    -1.93    -1.93    -1.93    -1.93    -1.93    -1.93    -1.93
        0|    -1.94    -1.94    -1.94    -1.94    -1.93    -1.93    -1.93    -1.93    -1.93    -1.93    -1.93    -1.93    -1.93    -1.93    -1.93    -1.93    -1.93    -1.93    -1.93    -1.93    -1.93    -1.93

F (22x12): 
         |        0        1        2        3        4        5        6        7        8        9       10       11       12       13       14       15       16       17       18       19       20
-------------------------------------------------------------------------------------------------------------------------------------------------------------------------------------------------------------------------
       11|        0        0        0        0        0        0        0        0        0        0        0        0        0        0        0        0        0        0        0        0        0
       10|        0 -0.00248 -0.00523 -0.00779  -0.0101   -0.012  -0.0136  -0.0149  -0.0158  -0.0165  -0.0167  -0.0167  -0.0163  -0.0156  -0.0145  -0.0129   -0.011 -0.00862 -0.00588 -0.00289        0
        9|        0 -0.00213 -0.00448 -0.00668 -0.00868  -0.0104  -0.0119   -0.013  -0.0139  -0.0144  -0.0147  -0.0146  -0.0142  -0.0135  -0.0125  -0.0111 -0.00938  -0.0073 -0.00495  -0.0024        0
        8|        0 -0.00185 -0.00388  -0.0058 -0.00755 -0.00909  -0.0104  -0.0114  -0.0122  -0.0127  -0.0129  -0.0128  -0.0125  -0.0118  -0.0109 -0.00961 -0.00806 -0.00625 -0.00421 -0.00203        0
        7|        0 -0.00162  -0.0034 -0.00509 -0.00664 -0.00801 -0.00917  -0.0101  -0.0108  -0.0112  -0.0114  -0.0113   -0.011  -0.0104 -0.00952 -0.00839 -0.00701 -0.00541 -0.00364 -0.00174        0
        6|        0 -0.00144 -0.00302 -0.00452  -0.0059 -0.00713 -0.00818 -0.00902 -0.00965    -0.01  -0.0102  -0.0101 -0.00981 -0.00925 -0.00844 -0.00742 -0.00618 -0.00476 -0.00319 -0.00153        0
        5|        0 -0.00129 -0.00272 -0.00407 -0.00533 -0.00644 -0.00739 -0.00816 -0.00873 -0.00909 -0.00924 -0.00915 -0.00885 -0.00833 -0.00759 -0.00665 -0.00553 -0.00425 -0.00284 -0.00136        0
        4|        0 -0.00119 -0.00249 -0.00374 -0.00488 -0.00591 -0.00679  -0.0075 -0.00802 -0.00835 -0.00848  -0.0084 -0.00811 -0.00763 -0.00694 -0.00607 -0.00504 -0.00387 -0.00258 -0.00123        0
        3|        0 -0.00111 -0.00233 -0.00349 -0.00457 -0.00553 -0.00635 -0.00701 -0.00751 -0.00782 -0.00794 -0.00785 -0.00758 -0.00712 -0.00647 -0.00565 -0.00469 -0.00359  -0.0024 -0.00114        0
        2|        0 -0.00105 -0.00221 -0.00332 -0.00434 -0.00526 -0.00604 -0.00668 -0.00714 -0.00744 -0.00755 -0.00747 -0.00721 -0.00676 -0.00614 -0.00537 -0.00444 -0.00341 -0.00227 -0.00109        0
        1|        0-0.000902 -0.00191 -0.00286 -0.00375 -0.00454 -0.00522 -0.00577 -0.00618 -0.00643 -0.00653 -0.00646 -0.00624 -0.00585 -0.00531 -0.00464 -0.00384 -0.00294 -0.00196-0.000932        0
        0|        0 0.000906  0.00191  0.00287  0.00377  0.00456  0.00525   0.0058  0.00621  0.00646  0.00656  0.00649  0.00627  0.00588  0.00534  0.00466  0.00386  0.00295  0.00197 0.000936        0

G (22x12): 
         |        0        1        2        3        4        5        6        7        8        9       10       11       12       13       14       15       16       17       18       19       20       21
-------------------------------------------------------------------------------------------------------------------------------------------------------------------------------------------------------------------------
       10|  -0.0151    0.015   0.0166   0.0157   0.0144   0.0126   0.0107  0.00856  0.00634  0.00403  0.00169-0.000697 -0.00311 -0.00554 -0.00797  -0.0104  -0.0126  -0.0147  -0.0164  -0.0175  -0.0161   0.0163
        9|  -0.0126   0.0125   0.0138   0.0132   0.0121   0.0107  0.00908  0.00731  0.00541  0.00344  0.00141-0.000653 -0.00274 -0.00483 -0.00689 -0.00888  -0.0107  -0.0124  -0.0137  -0.0146  -0.0134   0.0134
        8|  -0.0105   0.0104   0.0115    0.011   0.0101  0.00895  0.00763  0.00615  0.00457  0.00289  0.00117-0.000598 -0.00237 -0.00413 -0.00585  -0.0075   -0.009  -0.0103  -0.0114   -0.012   -0.011    0.011
        7| -0.00862  0.00858  0.00947  0.00904  0.00833  0.00742  0.00633  0.00512  0.00379   0.0024 0.000949-0.000526 -0.00201 -0.00348  -0.0049 -0.00624 -0.00746 -0.00851 -0.00934 -0.00986 -0.00897    0.009
        6|   -0.007  0.00696  0.00769  0.00735  0.00678  0.00605  0.00517  0.00418   0.0031  0.00195 0.000765-0.000453 -0.00167 -0.00287 -0.00402  -0.0051 -0.00608 -0.00691 -0.00756 -0.00797 -0.00723  0.00726
        5| -0.00556  0.00553  0.00611  0.00584   0.0054  0.00482  0.00412  0.00334  0.00247  0.00156   0.0006-0.000372 -0.00135  -0.0023 -0.00322 -0.00407 -0.00484 -0.00549   -0.006  -0.0063 -0.00572  0.00574
        4| -0.00426  0.00424  0.00469  0.00448  0.00415   0.0037  0.00317  0.00257  0.00191  0.00119 0.000459-0.000296 -0.00105 -0.00178 -0.00248 -0.00314 -0.00372 -0.00421 -0.00459 -0.00482 -0.00437  0.00439
        3| -0.00308  0.00306  0.00338  0.00324  0.00299  0.00268  0.00229  0.00186  0.00138 0.000866 0.000328-0.000215-0.000763 -0.00129  -0.0018 -0.00227 -0.00269 -0.00303 -0.00331 -0.00347 -0.00314  0.00316
        2| -0.00196  0.00195  0.00217  0.00207  0.00192  0.00171  0.00147  0.00119 0.000885 0.000553 0.000212-0.000141-0.000488-0.000831 -0.00115 -0.00145 -0.00172 -0.00194 -0.00211 -0.00222   -0.002  0.00201
        1|-0.000913 0.000908  0.00101 0.000966 0.000892   0.0008 0.000684 0.000557 0.000411 0.000261  9.8e-05-6.24e-05-0.000228-0.000384-0.000538-0.000674  -0.0008-0.000901-0.000984 -0.00103-0.000931 0.000935
        0|        0        0        0        0        0        0        0        0        0        0        0        0        0        0        0        0        0        0        0        0        0        0

rhs (22x12): 
         |        0        1        2        3        4        5        6        7        8        9       10       11       12       13       14       15       16       17       18       19       20       21
-------------------------------------------------------------------------------------------------------------------------------------------------------------------------------------------------------------------------
       11|        0        0        0        0        0        0        0        0        0        0        0        0        0        0        0        0        0        0        0        0        0        0
       10|        0 -0.00644  0.00321 -0.00206 0.000705 -0.00476 -0.00164  -0.0063 -0.00207 -0.00544  0.00017  -0.0018  0.00558  0.00585   0.0155   0.0179   0.0294   0.0328    0.044   0.0449   0.0495        0
        9|        0 -0.00264 -0.00261  0.00153 -0.00255  0.00166 -0.00241   0.0018  -0.0023  0.00188 -0.00225  0.00184 -0.00236  0.00173  -0.0025  0.00155 -0.00271  0.00131 -0.00293  0.00129  0.00324        0
        8|        0 -0.00495  0.00181 -0.00234  0.00185 -0.00224  0.00197 -0.00213  0.00206 -0.00206   0.0021  -0.0021  0.00202 -0.00218  0.00191 -0.00231  0.00175 -0.00248   0.0016 -0.00251  0.00592        0
        7|        0 -0.00121 -0.00216    0.002 -0.00211  0.00209 -0.00201  0.00218 -0.00193  0.00225  -0.0019  0.00222 -0.00196  0.00216 -0.00204  0.00205 -0.00217  0.00192 -0.00229  0.00189  0.00243        0
        6|        0 -0.00384  0.00213 -0.00202  0.00217 -0.00193  0.00226 -0.00185  0.00234 -0.00179  0.00238  -0.0018  0.00233 -0.00186  0.00225 -0.00195  0.00214 -0.00206  0.00204  -0.0021  0.00524        0
        5|        0-0.000348 -0.00194  0.00223 -0.00189  0.00231  -0.0018  0.00239 -0.00173  0.00245 -0.00169  0.00245 -0.00173   0.0024  -0.0018  0.00231  -0.0019  0.00221 -0.00199  0.00218  0.00188        0
        4|        0 -0.00319  0.00229 -0.00186  0.00233 -0.00178  0.00242  -0.0017  0.00249 -0.00164  0.00253 -0.00164   0.0025 -0.00169  0.00243 -0.00177  0.00234 -0.00187  0.00225 -0.00191  0.00481        0
        3|        0 0.000124 -0.00184  0.00234 -0.00178  0.00242  -0.0017   0.0025 -0.00162  0.00256 -0.00159  0.00256 -0.00161  0.00252 -0.00168  0.00244 -0.00177  0.00235 -0.00185  0.00231  0.00155        0
        2|        0 -0.00286  0.00237 -0.00178  0.00241 -0.00172  0.00248 -0.00164  0.00255 -0.00159  0.00258 -0.00158  0.00257 -0.00162  0.00251 -0.00169  0.00243 -0.00178  0.00235 -0.00182  0.00458        0
        1|        0  0.00245  0.00133  0.00439  0.00114   0.0041  0.00078  0.00367 0.000283  0.00311-0.000319  0.00247-0.000991  0.00179 -0.00166  0.00114 -0.00227 0.000612  -0.0027 0.000317 0.000353        0
        0|        0        0        0        0        0        0        0        0        0        0        0        0        0        0        0        0        0        0        0        0        0        0

