t: 0.633598
nCells: 20x10, dx: 0.1, dy: 0.1

u (22x12): 
         |        0        1        2        3        4        5        6        7        8        9       10       11       12       13       14       15       16       17       18       19       20
-------------------------------------------------------------------------------------------------------------------------------------------------------------------------------------------------------------------------
       11|        0     1.95     1.93     1.92     1.91     1.91      1.9      1.9      1.9      1.9      1.9      1.9      1.9      1.9      1.9      1.9     1.91     1.91     1.92     1.95        0
       10|        0   0.0525   0.0763   0.0877   0.0938   0.0974   0.0996    0.101    0.102    0.102    0.103    0.103    0.102    0.102    0.101    0.099   0.0961   0.0908   0.0802   0.0562        0
        9|        0  -0.0205  -0.0215  -0.0187  -0.0159  -0.0139  -0.0124  -0.0114  -0.0108  -0.0104  -0.0103  -0.0103  -0.0106  -0.0112   -0.012  -0.0134  -0.0153  -0.0179  -0.0205  -0.0194        0
        8|        0  -0.0106  -0.0152  -0.0162  -0.0159  -0.0152  -0.0145  -0.0139  -0.0136  -0.0133  -0.0133  -0.0134  -0.0136   -0.014  -0.0146  -0.0155  -0.0165  -0.0174  -0.0172  -0.0131        0
        7|        0 -0.00615  -0.0103  -0.0123   -0.013  -0.0132  -0.0131   -0.013  -0.0128  -0.0128  -0.0127  -0.0128  -0.0129  -0.0131  -0.0134  -0.0136  -0.0137  -0.0132  -0.0115 -0.00728        0
        6|        0 -0.00406 -0.00738 -0.00953  -0.0108  -0.0114  -0.0118  -0.0119   -0.012   -0.012  -0.0121  -0.0121  -0.0121  -0.0121   -0.012  -0.0118  -0.0113  -0.0102 -0.00808 -0.00459        0
        5|        0 -0.00297 -0.00566 -0.00768 -0.00909    -0.01  -0.0106   -0.011  -0.0112  -0.0113  -0.0114  -0.0114  -0.0113  -0.0111  -0.0108  -0.0103 -0.00947 -0.00812 -0.00608 -0.00325        0
        4|        0 -0.00236  -0.0046 -0.00645 -0.00787 -0.00892 -0.00966  -0.0102  -0.0105  -0.0107  -0.0108  -0.0107  -0.0106  -0.0103 -0.00986 -0.00917 -0.00817 -0.00676 -0.00487 -0.00252        0
        3|        0 -0.00199 -0.00395 -0.00565 -0.00704 -0.00812 -0.00894 -0.00953 -0.00993  -0.0102  -0.0103  -0.0102    -0.01 -0.00966 -0.00912 -0.00834 -0.00727 -0.00588 -0.00414  -0.0021        0
        2|        0 -0.00178 -0.00356 -0.00516 -0.00651  -0.0076 -0.00845 -0.00909 -0.00952 -0.00978 -0.00988 -0.00982 -0.00961 -0.00921 -0.00862 -0.00779  -0.0067 -0.00534 -0.00371 -0.00186        0
        1|        0 -0.00169 -0.00342 -0.00498 -0.00631  -0.0074 -0.00826  -0.0089 -0.00933 -0.00958 -0.00967 -0.00958 -0.00933  -0.0089 -0.00827 -0.00742 -0.00634   -0.005 -0.00344  -0.0017        0
        0|        0  -0.0014 -0.00284 -0.00416 -0.00531 -0.00629 -0.00708 -0.00768 -0.00811 -0.00837 -0.00846  -0.0084 -0.00817 -0.00776 -0.00718  -0.0064 -0.00542 -0.00426 -0.00291 -0.00145        0

v (22x12): 
         |        0        1        2        3        4        5        6        7        8        9       10       11       12       13       14       15       16       17       18       19       20       21
-------------------------------------------------------------------------------------------------------------------------------------------------------------------------------------------------------------------------
       10|        0        0        0        0        0        0        0        0        0        0        0        0        0        0        0        0        0        0        0        0        0        0
        9|  -0.0509   0.0525   0.0237   0.0114  0.00612  0.00358  0.00221   0.0014  0.00088 0.000519 0.000236-2.07e-05-0.000282-0.000591 -0.00102  -0.0017 -0.00289 -0.00526  -0.0106  -0.0241  -0.0562   0.0541
        8|  -0.0309    0.032   0.0228   0.0142  0.00885  0.00564  0.00366  0.00238  0.00152 0.000883 0.000376-8.28e-05-0.000561 -0.00113  -0.0019 -0.00303 -0.00482 -0.00784  -0.0132   -0.023  -0.0368   0.0352
        7|  -0.0207   0.0214   0.0182   0.0132  0.00922  0.00634  0.00433  0.00292  0.00189   0.0011 0.000445-0.000161-0.000798 -0.00155 -0.00252 -0.00386 -0.00582 -0.00873   -0.013  -0.0189  -0.0237   0.0227
        6|  -0.0147   0.0152   0.0141   0.0112  0.00845  0.00618  0.00442  0.00307  0.00203  0.00119 0.000465-0.000214-0.000924 -0.00174 -0.00276  -0.0041 -0.00589 -0.00828  -0.0113  -0.0147  -0.0164   0.0158
        5|  -0.0108   0.0112   0.0108  0.00905   0.0072  0.00551  0.00408  0.00291  0.00196  0.00115 0.000442-0.000235-0.000942 -0.00174  -0.0027 -0.00388 -0.00537 -0.00717 -0.00922  -0.0112  -0.0118   0.0114
        4|  -0.0079  0.00818  0.00807  0.00703   0.0058  0.00459  0.00349  0.00254  0.00173  0.00103 0.000388-0.000229-0.000867 -0.00157  -0.0024 -0.00337 -0.00452 -0.00582 -0.00718 -0.00837 -0.00857  0.00825
        3| -0.00563  0.00582  0.00582  0.00518  0.00438  0.00354  0.00275  0.00204   0.0014 0.000834  0.00031-0.000199-0.000725  -0.0013 -0.00194 -0.00268 -0.00351 -0.00441 -0.00529 -0.00602 -0.00606  0.00584
        2|  -0.0037  0.00383  0.00387  0.00348  0.00299  0.00246  0.00193  0.00145    0.001 0.000598 0.000219-0.000154-0.000535-0.000946  -0.0014  -0.0019 -0.00245 -0.00302 -0.00355 -0.00398 -0.00396  0.00382
        1| -0.00199  0.00205  0.00208  0.00189  0.00164  0.00136  0.00108 0.000817 0.000568 0.000338 0.000118 -9.7e-05-0.000318-0.000551-0.000803 -0.00107 -0.00136 -0.00165 -0.00192 -0.00213  -0.0021  0.00204
        0| -0.00806  0.00837   0.0086  0.00807  0.00731  0.00637  0.00533   0.0042  0.00304  0.00186 0.000662 -0.00054 -0.00174 -0.00294 -0.00413 -0.00528 -0.00637 -0.00735 -0.00815 -0.00871 -0.00851  0.00818

p (22x12): 
         |        0        1        2        3        4        5        6        7        8        9       10       11       12       13       14       15       16       17       18       19       20       21
-------------------------------------------------------------------------------------------------------------------------------------------------------------------------------------------------------------------------
       11|   -0.224   -0.224   -0.216   -0.211   -0.207   -0.204   -0.201   -0.198   -0.196   -0.194   -0.191   -0.189   -0.187   -0.185   -0.183    -0.18   -0.177   -0.174   -0.169   -0.162    -0.15    -0.15
       10|   -0.224   -0.224   -0.216   -0.211   -0.207   -0.204   -0.201   -0.198   -0.196   -0.194   -0.191   -0.189   -0.187   -0.185   -0.183    -0.18   -0.177   -0.174   -0.169   -0.162    -0.15    -0.15
        9|   -0.215   -0.215   -0.212   -0.209   -0.206   -0.203     -0.2   -0.198   -0.196   -0.194   -0.191   -0.189   -0.187   -0.185   -0.183    -0.18   -0.178   -0.175   -0.171   -0.167   -0.162   -0.162
        8|    -0.21    -0.21   -0.209   -0.207   -0.204   -0.202     -0.2   -0.198   -0.195   -0.193   -0.191   -0.189   -0.187   -0.185   -0.183   -0.181   -0.178   -0.176   -0.173    -0.17   -0.168   -0.168
        7|   -0.207   -0.207   -0.206   -0.205   -0.203   -0.201   -0.199   -0.197   -0.195   -0.193   -0.191   -0.189   -0.187   -0.185   -0.183   -0.181   -0.179   -0.177   -0.175   -0.173   -0.172   -0.172
        6|   -0.204   -0.204   -0.204   -0.203   -0.201     -0.2   -0.198   -0.196   -0.195   -0.193   -0.191   -0.189   -0.187   -0.186   -0.184   -0.182    -0.18   -0.178   -0.177   -0.175   -0.175   -0.175
        5|   -0.203   -0.203   -0.202   -0.201     -0.2   -0.199   -0.198   -0.196   -0.194   -0.193   -0.191   -0.189   -0.187   -0.186   -0.184   -0.182   -0.181   -0.179   -0.178   -0.177   -0.176   -0.176
        4|   -0.201   -0.201   -0.201     -0.2     -0.2   -0.198   -0.197   -0.196   -0.194   -0.193   -0.191   -0.189   -0.188   -0.186   -0.184   -0.183   -0.181    -0.18   -0.179   -0.178   -0.178   -0.178
        3|   -0.201   -0.201     -0.2     -0.2   -0.199   -0.198   -0.197   -0.195   -0.194   -0.192   -0.191   -0.189   -0.188   -0.186   -0.185   -0.183   -0.182   -0.181    -0.18   -0.179   -0.179   -0.179
        2|     -0.2     -0.2     -0.2   -0.199   -0.198   -0.197   -0.196   -0.195   -0.194   -0.192   -0.191   -0.189   -0.188   -0.186   -0.185   -0.183   -0.182   -0.181    -0.18    -0.18   -0.179   -0.179
        1|     -0.2     -0.2     -0.2   -0.199   -0.198   -0.197   -0.196   -0.195   -0.194   -0.192   -0.191   -0.189   -0.188   -0.186   -0.185   -0.184   -0.182   -0.181    -0.18    -0.18    -0.18    -0.18
        0|   -0.198   -0.198   -0.198   -0.198   -0.197   -0.196   -0.195   -0.194   -0.193   -0.192   -0.191   -0.189   -0.188   -0.187   -0.186   -0.184   -0.183   -0.183   -0.182   -0.181   -0.181   -0.181

F (22x12): 
         |        0        1        2        3        4        5        6        7        8        9       10       11       12       13       14       15       16       17       18       19       20
-------------------------------------------------------------------------------------------------------------------------------------------------------------------------------------------------------------------------
       11|        0     1.95     1.93     1.92     1.91     1.91      1.9      1.9      1.9      1.9      1.9      1.9      1.9      1.9      1.9      1.9     1.91     1.91     1.92     1.95        0
       10|        0   0.0546   0.0775   0.0886   0.0946   0.0981      0.1    0.102    0.102    0.103    0.103    0.103    0.103    0.102    0.101   0.0997    0.097    0.092    0.082   0.0593        0
        9|        0  -0.0198  -0.0206  -0.0178  -0.0152  -0.0132  -0.0118  -0.0108  -0.0102 -0.00988 -0.00975 -0.00981  -0.0101  -0.0106  -0.0114  -0.0127  -0.0145   -0.017  -0.0194  -0.0181        0
        8|        0  -0.0103  -0.0147  -0.0156  -0.0153  -0.0146  -0.0139  -0.0134   -0.013  -0.0128  -0.0128  -0.0128  -0.0131  -0.0135   -0.014  -0.0148  -0.0158  -0.0166  -0.0164  -0.0125        0
        7|        0 -0.00595 -0.00991  -0.0118  -0.0126  -0.0127  -0.0126  -0.0125  -0.0123  -0.0123  -0.0122  -0.0123  -0.0124  -0.0126  -0.0128   -0.013  -0.0131  -0.0127   -0.011 -0.00697        0
        6|        0 -0.00393 -0.00712 -0.00918  -0.0104   -0.011  -0.0113  -0.0115  -0.0115  -0.0116  -0.0116  -0.0116  -0.0116  -0.0116  -0.0115  -0.0113  -0.0108 -0.00975 -0.00774  -0.0044        0
        5|        0 -0.00287 -0.00546  -0.0074 -0.00875 -0.00963  -0.0102  -0.0106  -0.0108  -0.0109  -0.0109  -0.0109  -0.0109  -0.0107  -0.0104  -0.0099 -0.00909 -0.00779 -0.00583 -0.00312        0
        4|        0 -0.00228 -0.00444 -0.00621 -0.00758 -0.00858 -0.00929 -0.00977  -0.0101  -0.0103  -0.0103  -0.0103  -0.0102  -0.0099 -0.00946  -0.0088 -0.00784 -0.00648 -0.00467 -0.00242        0
        3|        0 -0.00192 -0.00381 -0.00544 -0.00677 -0.00782  -0.0086 -0.00916 -0.00954 -0.00976 -0.00985  -0.0098 -0.00962 -0.00928 -0.00875   -0.008 -0.00698 -0.00564 -0.00397 -0.00201        0
        2|        0 -0.00172 -0.00343 -0.00496 -0.00626 -0.00731 -0.00813 -0.00873 -0.00915  -0.0094 -0.00949 -0.00943 -0.00922 -0.00884 -0.00827 -0.00747 -0.00643 -0.00512 -0.00356 -0.00179        0
        1|        0 -0.00163 -0.00329 -0.00479 -0.00607 -0.00712 -0.00794 -0.00855 -0.00896  -0.0092 -0.00928  -0.0092 -0.00895 -0.00854 -0.00793 -0.00711 -0.00607 -0.00479  -0.0033 -0.00164        0
        0|        0        0        0        0        0        0        0        0        0        0        0        0        0        0        0        0        0        0        0        0        0

G (22x12): 
         |        0        1        2        3        4        5        6        7        8        9       10       11       12       13       14       15       16       17       18       19       20       21
-------------------------------------------------------------------------------------------------------------------------------------------------------------------------------------------------------------------------
       10|        0        0        0        0        0        0        0        0        0        0        0        0        0        0        0        0        0        0        0        0        0        0
        9|  -0.0509   0.0503   0.0229    0.011  0.00588  0.00343  0.00211  0.00134 0.000839 0.000493 0.000221-2.52e-05-0.000277-0.000575-0.000989 -0.00164 -0.00278 -0.00504  -0.0101  -0.0229  -0.0533   0.0541
        8|  -0.0309   0.0307   0.0219   0.0136  0.00846  0.00538  0.00349  0.00227  0.00144 0.000836 0.000349-9.22e-05-0.000553 -0.00111 -0.00185 -0.00294 -0.00467  -0.0076  -0.0128  -0.0221  -0.0352   0.0352
        7|  -0.0207   0.0205   0.0175   0.0127  0.00883  0.00607  0.00415  0.00279   0.0018  0.00105 0.000415-0.000168-0.000782  -0.0015 -0.00244 -0.00374 -0.00563 -0.00843  -0.0126  -0.0182  -0.0227   0.0227
        6|  -0.0147   0.0146   0.0135   0.0108  0.00811  0.00593  0.00423  0.00294  0.00194  0.00113 0.000436-0.000218-0.000901 -0.00169 -0.00267 -0.00396 -0.00568 -0.00797  -0.0109  -0.0141  -0.0157   0.0158
        5|  -0.0108   0.0107   0.0103   0.0087  0.00692  0.00529  0.00392  0.00279  0.00187   0.0011 0.000416-0.000236-0.000916 -0.00168  -0.0026 -0.00375 -0.00517  -0.0069 -0.00887  -0.0108  -0.0113   0.0114
        4|  -0.0079  0.00786  0.00777  0.00676  0.00558  0.00441  0.00335  0.00244  0.00166  0.00098 0.000366-0.000228-0.000843 -0.00152 -0.00231 -0.00325 -0.00435  -0.0056  -0.0069 -0.00805 -0.00822  0.00825
        3| -0.00563   0.0056  0.00561  0.00499  0.00421  0.00341  0.00264  0.00196  0.00134 0.000799 0.000293-0.000197-0.000704 -0.00125 -0.00188 -0.00259 -0.00339 -0.00425 -0.00509 -0.00579 -0.00581  0.00584
        2|  -0.0037  0.00368  0.00373  0.00336  0.00288  0.00237  0.00186  0.00139 0.000966 0.000574 0.000208-0.000152 -0.00052-0.000916 -0.00135 -0.00184 -0.00236 -0.00291 -0.00342 -0.00383  -0.0038  0.00382
        1| -0.00199    0.002  0.00204  0.00185  0.00161  0.00134  0.00106 0.000802 0.000558 0.000331 0.000115-9.63e-05-0.000313-0.000541-0.000788 -0.00105 -0.00133 -0.00161 -0.00187 -0.00207 -0.00204  0.00204
        0| -0.00806        0        0        0        0        0        0        0        0        0        0        0        0        0        0        0        0        0        0        0        0  0.00818

rhs (22x12): 
         |        0        1        2        3        4        5        6        7        8        9       10       11       12       13       14       15       16       17       18       19       20       21
-------------------------------------------------------------------------------------------------------------------------------------------------------------------------------------------------------------------------
       11|        0        0        0        0        0        0        0        0        0        0        0        0        0        0        0        0        0        0        0        0        0        0
       10|        0     1.69  -0.0101   0.0519   0.0312   0.0164  0.00988  0.00571  0.00458  0.00314  0.00363   0.0025  0.00326  0.00376  0.00639  0.00938   0.0171   0.0311   0.0597   0.0649    -2.35        0
        9|        0  -0.0591   0.0908    0.056   0.0274   0.0154  0.00829  0.00594  0.00334  0.00326  0.00196  0.00352  0.00347  0.00538  0.00676   0.0122   0.0215   0.0465    0.105    0.186   0.0242        0
        8|        0  -0.0476  -0.0105 -0.00503 -0.00124-0.000988  0.00031-0.000375 0.000556-0.000278 0.000592-0.000213 0.000671-0.000195 0.000638-0.000332  0.00018 -0.00181 -0.00492   -0.018  -0.0111        0
        7|        0  -0.0196 -0.00529 -0.00244 -0.00193-0.000313 -0.00078 0.000284-0.000473  0.00044-0.000401 0.000465-0.000421 0.000381-0.000608-1.34e-05 -0.00144 -0.00179  -0.0051 -0.00755 0.000683        0
        6|        0  -0.0114 -0.00195 -0.00204-0.000517 -0.00095 0.000167-0.000548 0.000394-0.000426 0.000453 -0.00041  0.00043-0.000483 0.000278-0.000778-0.000278 -0.00178 -0.00194 -0.00389  0.00485        0
        5|        0 -0.00701 -0.00176-0.000544 -0.00105 7.22e-05-0.000616 0.000353-0.000447 0.000448  -0.0004 0.000459-0.000422 0.000399 -0.00054 0.000184-0.000909-0.000408 -0.00177 -0.00137   0.0041        0
        4|        0 -0.00579-0.000408 -0.00107 6.89e-06-0.000679 0.000309-0.000471 0.000442-0.000392 0.000482-0.000386 0.000461-0.000435 0.000367-0.000597 0.000106-0.000983-0.000405  -0.0015  0.00423        0
        3|        0 -0.00412 -0.00102-2.67e-05-0.000738 0.000256-0.000506 0.000425-0.000394 0.000494-0.000358 0.000499-0.000377 0.000457-0.000456 0.000325-0.000658 4.39e-05 -0.00101-0.000288  0.00316        0
        2|        0  -0.0151  -0.0113  -0.0111 -0.00889  -0.0082 -0.00573 -0.00502 -0.00269 -0.00219-8.99e-05 0.000158  0.00206  0.00216  0.00389  0.00378  0.00525  0.00485    0.006  0.00531  0.00969        0
        1|        0    0.147    0.147    0.139    0.126    0.112    0.094   0.0761   0.0556   0.0361   0.0146 -0.00547  -0.0276  -0.0484   -0.071  -0.0917   -0.113   -0.131   -0.148   -0.158   -0.159        0
        0|        0        0        0        0        0        0        0        0        0        0        0        0        0        0        0        0        0        0        0        0        0        0

