t: 1.30671
nCells: 20x10, dx: 0.1, dy: 0.1

u (22x12): 
         |        0        1        2        3        4        5        6        7        8        9       10       11       12       13       14       15       16       17       18       19       20
-------------------------------------------------------------------------------------------------------------------------------------------------------------------------------------------------------------------------
       11|        0 -0.00308 -0.00654 -0.00965  -0.0123  -0.0145  -0.0163  -0.0176  -0.0185   -0.019  -0.0191   -0.019  -0.0185  -0.0176  -0.0164  -0.0147  -0.0125 -0.00986 -0.00673 -0.00323        0
       10|        0 -0.00248 -0.00523 -0.00779  -0.0101   -0.012  -0.0136  -0.0149  -0.0158  -0.0165  -0.0167  -0.0167  -0.0163  -0.0156  -0.0145  -0.0129   -0.011 -0.00862 -0.00588 -0.00289        0
        9|        0 -0.00213 -0.00448 -0.00668 -0.00868  -0.0104  -0.0119   -0.013  -0.0139  -0.0144  -0.0147  -0.0146  -0.0142  -0.0135  -0.0125  -0.0111 -0.00938  -0.0073 -0.00495  -0.0024        0
        8|        0 -0.00185 -0.00388  -0.0058 -0.00755 -0.00909  -0.0104  -0.0114  -0.0122  -0.0127  -0.0129  -0.0128  -0.0125  -0.0118  -0.0109 -0.00961 -0.00806 -0.00625 -0.00421 -0.00203        0
        7|        0 -0.00162  -0.0034 -0.00509 -0.00664 -0.00801 -0.00917  -0.0101  -0.0108  -0.0112  -0.0114  -0.0113   -0.011  -0.0104 -0.00953 -0.00839 -0.00701 -0.00541 -0.00364 -0.00174        0
        6|        0 -0.00144 -0.00302 -0.00452  -0.0059 -0.00713 -0.00818 -0.00902 -0.00965    -0.01  -0.0102  -0.0101 -0.00981 -0.00925 -0.00844 -0.00742 -0.00618 -0.00476 -0.00319 -0.00153        0
        5|        0 -0.00129 -0.00272 -0.00407 -0.00533 -0.00644 -0.00739 -0.00816 -0.00873 -0.00909 -0.00924 -0.00915 -0.00885 -0.00833 -0.00759 -0.00665 -0.00553 -0.00425 -0.00284 -0.00136        0
        4|        0 -0.00119 -0.00249 -0.00374 -0.00488 -0.00591 -0.00679  -0.0075 -0.00802 -0.00835 -0.00848  -0.0084 -0.00811 -0.00763 -0.00694 -0.00607 -0.00504 -0.00387 -0.00258 -0.00123        0
        3|        0  -0.0011 -0.00233 -0.00349 -0.00457 -0.00552 -0.00635 -0.00701 -0.00751 -0.00782 -0.00794 -0.00786 -0.00758 -0.00712 -0.00647 -0.00565 -0.00469 -0.00359  -0.0024 -0.00114        0
        2|        0 -0.00105 -0.00221 -0.00332 -0.00434 -0.00526 -0.00604 -0.00668 -0.00714 -0.00744 -0.00755 -0.00747 -0.00721 -0.00677 -0.00614 -0.00537 -0.00444 -0.00341 -0.00227 -0.00109        0
        1|        0-0.000906 -0.00191 -0.00287 -0.00377 -0.00456 -0.00525  -0.0058 -0.00621 -0.00646 -0.00656 -0.00649 -0.00627 -0.00588 -0.00534 -0.00466 -0.00386 -0.00295 -0.00197-0.000936        0
        0|        0 0.000895  0.00189  0.00283  0.00371  0.00449  0.00517  0.00571  0.00611  0.00636  0.00646  0.00639  0.00617  0.00578  0.00526  0.00459   0.0038  0.00291  0.00194 0.000923        0

v (22x12): 
         |        0        1        2        3        4        5        6        7        8        9       10       11       12       13       14       15       16       17       18       19       20       21
-------------------------------------------------------------------------------------------------------------------------------------------------------------------------------------------------------------------------
       10|  -0.0149   0.0151   0.0166   0.0157   0.0144   0.0127   0.0107  0.00858  0.00636  0.00405  0.00171-0.000687 -0.00311 -0.00555 -0.00799  -0.0104  -0.0127  -0.0148  -0.0165  -0.0176  -0.0163    0.016
        9|  -0.0124   0.0126   0.0139   0.0132   0.0121   0.0107  0.00909  0.00732  0.00542  0.00345  0.00142-0.000644 -0.00273 -0.00482 -0.00688 -0.00887  -0.0107  -0.0124  -0.0137  -0.0146  -0.0134   0.0132
        8|  -0.0103   0.0105   0.0115    0.011   0.0101  0.00896  0.00764  0.00616  0.00457   0.0029  0.00117-0.000592 -0.00236 -0.00413 -0.00585 -0.00749 -0.00899  -0.0103  -0.0114   -0.012   -0.011   0.0108
        7|  -0.0085  0.00862  0.00948  0.00904  0.00833  0.00742  0.00634  0.00512   0.0038   0.0024 0.000953-0.000521 -0.00201 -0.00347 -0.00489 -0.00623 -0.00745  -0.0085 -0.00934 -0.00986   -0.009  0.00886
        6| -0.00689    0.007   0.0077  0.00735  0.00679  0.00605  0.00518  0.00418  0.00311  0.00196 0.000769 -0.00045 -0.00167 -0.00287 -0.00402  -0.0051 -0.00607 -0.00691 -0.00756 -0.00797 -0.00726  0.00715
        5| -0.00548  0.00556  0.00612  0.00585   0.0054  0.00482  0.00413  0.00334  0.00248  0.00156 0.000603 -0.00037 -0.00135  -0.0023 -0.00322 -0.00407 -0.00484 -0.00548 -0.00599  -0.0063 -0.00574  0.00565
        4|  -0.0042  0.00426  0.00469  0.00449  0.00415   0.0037  0.00318  0.00257  0.00191   0.0012 0.000461-0.000294 -0.00104 -0.00178 -0.00248 -0.00314 -0.00371 -0.00421 -0.00459 -0.00482 -0.00439  0.00432
        3| -0.00303  0.00308  0.00339  0.00324  0.00299  0.00268  0.00229  0.00186  0.00138 0.000867 0.000329-0.000214-0.000762 -0.00129  -0.0018 -0.00227 -0.00268 -0.00303 -0.00331 -0.00347 -0.00316  0.00311
        2| -0.00194  0.00196  0.00217  0.00207  0.00192  0.00171  0.00147  0.00119 0.000886 0.000554 0.000213 -0.00014-0.000487-0.000831 -0.00115 -0.00145 -0.00172 -0.00194 -0.00211 -0.00222 -0.00201  0.00198
        1|-0.000901 0.000913  0.00101 0.000966 0.000892   0.0008 0.000684 0.000557 0.000411 0.000261 9.82e-05 -6.2e-05-0.000228-0.000384-0.000538-0.000674  -0.0008-0.000901-0.000983 -0.00103-0.000935 0.000922
        0|        0        0        0        0        0        0        0        0        0        0        0        0        0        0        0        0        0        0        0        0        0        0

p (22x12): 
         |        0        1        2        3        4        5        6        7        8        9       10       11       12       13       14       15       16       17       18       19       20       21
-------------------------------------------------------------------------------------------------------------------------------------------------------------------------------------------------------------------------
       11|    -1.83    -1.83    -1.83    -1.83    -1.83    -1.83    -1.83    -1.83    -1.83    -1.82    -1.82    -1.82    -1.82    -1.82    -1.82    -1.82    -1.82    -1.81    -1.81    -1.81    -1.81    -1.81
       10|    -1.83    -1.83    -1.83    -1.83    -1.83    -1.83    -1.83    -1.83    -1.82    -1.82    -1.82    -1.82    -1.82    -1.82    -1.82    -1.82    -1.82    -1.82    -1.81    -1.81    -1.81    -1.81
        9|    -1.83    -1.83    -1.83    -1.83    -1.83    -1.83    -1.83    -1.83    -1.82    -1.82    -1.82    -1.82    -1.82    -1.82    -1.82    -1.82    -1.82    -1.82    -1.82    -1.82    -1.82    -1.82
        8|    -1.83    -1.83    -1.83    -1.83    -1.83    -1.83    -1.83    -1.82    -1.82    -1.82    -1.82    -1.82    -1.82    -1.82    -1.82    -1.82    -1.82    -1.82    -1.82    -1.82    -1.82    -1.82
        7|    -1.83    -1.83    -1.83    -1.83    -1.83    -1.83    -1.83    -1.82    -1.82    -1.82    -1.82    -1.82    -1.82    -1.82    -1.82    -1.82    -1.82    -1.82    -1.82    -1.82    -1.82    -1.82
        6|    -1.83    -1.83    -1.83    -1.83    -1.83    -1.83    -1.82    -1.82    -1.82    -1.82    -1.82    -1.82    -1.82    -1.82    -1.82    -1.82    -1.82    -1.82    -1.82    -1.82    -1.82    -1.82
        5|    -1.83    -1.83    -1.83    -1.83    -1.83    -1.82    -1.82    -1.82    -1.82    -1.82    -1.82    -1.82    -1.82    -1.82    -1.82    -1.82    -1.82    -1.82    -1.82    -1.82    -1.82    -1.82
        4|    -1.83    -1.83    -1.83    -1.83    -1.82    -1.82    -1.82    -1.82    -1.82    -1.82    -1.82    -1.82    -1.82    -1.82    -1.82    -1.82    -1.82    -1.82    -1.82    -1.82    -1.82    -1.82
        3|    -1.83    -1.83    -1.83    -1.82    -1.82    -1.82    -1.82    -1.82    -1.82    -1.82    -1.82    -1.82    -1.82    -1.82    -1.82    -1.82    -1.82    -1.82    -1.82    -1.82    -1.82    -1.82
        2|    -1.82    -1.82    -1.82    -1.82    -1.82    -1.82    -1.82    -1.82    -1.82    -1.82    -1.82    -1.82    -1.82    -1.82    -1.82    -1.82    -1.82    -1.82    -1.82    -1.82    -1.82    -1.82
        1|    -1.82    -1.82    -1.82    -1.82    -1.82    -1.82    -1.82    -1.82    -1.82    -1.82    -1.82    -1.82    -1.82    -1.82    -1.82    -1.82    -1.82    -1.82    -1.82    -1.82    -1.82    -1.82
        0|    -1.82    -1.82    -1.82    -1.82    -1.82    -1.82    -1.82    -1.82    -1.82    -1.82    -1.82    -1.82    -1.82    -1.82    -1.82    -1.82    -1.82    -1.82    -1.82    -1.82    -1.82    -1.82

F (22x12): 
         |        0        1        2        3        4        5        6        7        8        9       10       11       12       13       14       15       16       17       18       19       20
-------------------------------------------------------------------------------------------------------------------------------------------------------------------------------------------------------------------------
       11|        0        0        0        0        0        0        0        0        0        0        0        0        0        0        0        0        0        0        0        0        0
       10|        0 -0.00245 -0.00515 -0.00767 -0.00991  -0.0118  -0.0134  -0.0147  -0.0156  -0.0162  -0.0164  -0.0164   -0.016  -0.0153  -0.0142  -0.0127  -0.0108 -0.00846 -0.00576 -0.00284        0
        9|        0  -0.0021 -0.00441 -0.00658 -0.00854  -0.0102  -0.0117  -0.0128  -0.0136  -0.0142  -0.0144  -0.0143   -0.014  -0.0133  -0.0123  -0.0109  -0.0092 -0.00716 -0.00486 -0.00235        0
        8|        0 -0.00183 -0.00382 -0.00571 -0.00743 -0.00894  -0.0102  -0.0112   -0.012  -0.0125  -0.0127  -0.0126  -0.0122  -0.0116  -0.0107 -0.00943 -0.00791 -0.00613 -0.00413 -0.00199        0
        7|        0  -0.0016 -0.00335 -0.00501 -0.00653 -0.00787 -0.00901 -0.00993  -0.0106   -0.011  -0.0112  -0.0111  -0.0108  -0.0102 -0.00935 -0.00823 -0.00688 -0.00531 -0.00357 -0.00171        0
        6|        0 -0.00142 -0.00297 -0.00445 -0.00581 -0.00701 -0.00804 -0.00887 -0.00948 -0.00987    -0.01 -0.00995 -0.00963 -0.00908 -0.00829 -0.00728 -0.00606 -0.00467 -0.00313  -0.0015        0
        5|        0 -0.00127 -0.00268 -0.00401 -0.00524 -0.00633 -0.00727 -0.00802 -0.00858 -0.00893 -0.00907 -0.00899 -0.00869 -0.00818 -0.00745 -0.00653 -0.00543 -0.00417 -0.00279 -0.00133        0
        4|        0 -0.00117 -0.00245 -0.00367  -0.0048 -0.00581 -0.00667 -0.00737 -0.00788 -0.00821 -0.00833 -0.00825 -0.00797 -0.00749 -0.00681 -0.00596 -0.00495  -0.0038 -0.00254 -0.00121        0
        3|        0 -0.00109 -0.00229 -0.00343 -0.00449 -0.00543 -0.00624 -0.00689 -0.00738 -0.00768 -0.00779 -0.00771 -0.00745 -0.00699 -0.00635 -0.00555  -0.0046 -0.00353 -0.00236 -0.00113        0
        2|        0 -0.00104 -0.00217 -0.00326 -0.00427 -0.00517 -0.00593 -0.00656 -0.00702 -0.00731 -0.00741 -0.00734 -0.00708 -0.00664 -0.00603 -0.00527 -0.00436 -0.00335 -0.00223 -0.00107        0
        1|        0-0.000891 -0.00188 -0.00282 -0.00369 -0.00447 -0.00514 -0.00568 -0.00608 -0.00633 -0.00643 -0.00636 -0.00614 -0.00576 -0.00523 -0.00456 -0.00378 -0.00289 -0.00193-0.000919        0
        0|        0 0.000895  0.00189  0.00283  0.00371  0.00449  0.00517  0.00571  0.00611  0.00636  0.00646  0.00639  0.00617  0.00578  0.00526  0.00459   0.0038  0.00291  0.00194 0.000923        0

G (22x12): 
         |        0        1        2        3        4        5        6        7        8        9       10       11       12       13       14       15       16       17       18       19       20       21
-------------------------------------------------------------------------------------------------------------------------------------------------------------------------------------------------------------------------
       10|  -0.0149   0.0148   0.0163   0.0155   0.0141   0.0124   0.0105   0.0084  0.00621  0.00394  0.00164-0.000703 -0.00307 -0.00546 -0.00784  -0.0102  -0.0124  -0.0144  -0.0161  -0.0171  -0.0159    0.016
        9|  -0.0124   0.0124   0.0136   0.0129   0.0119   0.0105  0.00891  0.00717   0.0053  0.00337  0.00137-0.000656 -0.00271 -0.00475 -0.00678 -0.00872  -0.0105  -0.0122  -0.0135  -0.0143  -0.0131   0.0132
        8|  -0.0103   0.0103   0.0113   0.0108   0.0099  0.00879  0.00749  0.00604  0.00448  0.00283  0.00113-0.000598 -0.00234 -0.00407 -0.00575 -0.00736 -0.00884  -0.0101  -0.0112  -0.0118  -0.0108   0.0108
        7|  -0.0085  0.00845  0.00931  0.00888  0.00818  0.00728  0.00622  0.00502  0.00372  0.00235 0.000924-0.000524 -0.00198 -0.00342 -0.00482 -0.00613 -0.00732 -0.00835 -0.00917 -0.00968 -0.00882  0.00886
        6| -0.00689  0.00686  0.00756  0.00722  0.00666  0.00594  0.00508   0.0041  0.00304  0.00191 0.000746-0.000451 -0.00164 -0.00282 -0.00395 -0.00501 -0.00597 -0.00678 -0.00742 -0.00782 -0.00711  0.00715
        5| -0.00548  0.00545  0.00601  0.00574   0.0053  0.00473  0.00405  0.00328  0.00243  0.00153 0.000585 -0.00037 -0.00133 -0.00227 -0.00317   -0.004 -0.00475 -0.00539 -0.00589 -0.00619 -0.00563  0.00565
        4|  -0.0042  0.00418  0.00461  0.00441  0.00407  0.00364  0.00312  0.00252  0.00187  0.00117 0.000448-0.000294 -0.00103 -0.00175 -0.00244 -0.00308 -0.00365 -0.00413  -0.0045 -0.00474  -0.0043  0.00432
        3| -0.00303  0.00302  0.00333  0.00318  0.00294  0.00263  0.00225  0.00183  0.00135 0.000848  0.00032-0.000214-0.000751 -0.00127 -0.00177 -0.00223 -0.00264 -0.00298 -0.00325 -0.00341  -0.0031  0.00311
        2| -0.00194  0.00193  0.00213  0.00204  0.00189  0.00168  0.00145  0.00117 0.000869 0.000542 0.000207 -0.00014-0.000481-0.000818 -0.00113 -0.00143 -0.00169 -0.00191 -0.00208 -0.00218 -0.00197  0.00198
        1|-0.000901 0.000897 0.000992 0.000951 0.000878 0.000788 0.000673 0.000548 0.000404 0.000256 9.58e-05-6.21e-05-0.000225-0.000379 -0.00053-0.000664-0.000788-0.000887-0.000968 -0.00101-0.000918 0.000922
        0|        0        0        0        0        0        0        0        0        0        0        0        0        0        0        0        0        0        0        0        0        0        0

rhs (22x12): 
         |        0        1        2        3        4        5        6        7        8        9       10       11       12       13       14       15       16       17       18       19       20       21
-------------------------------------------------------------------------------------------------------------------------------------------------------------------------------------------------------------------------
       11|        0        0        0        0        0        0        0        0        0        0        0        0        0        0        0        0        0        0        0        0        0        0
       10|        0 -0.00654  0.00282 -0.00224 0.000429 -0.00481 -0.00177 -0.00622  -0.0021 -0.00531 0.000145  -0.0017  0.00546  0.00576   0.0151   0.0175   0.0285   0.0319   0.0426   0.0435   0.0481        0
        9|        0 -0.00266 -0.00251  0.00147 -0.00246   0.0016 -0.00232  0.00173 -0.00221  0.00181 -0.00217  0.00177 -0.00227  0.00166  -0.0024  0.00149 -0.00261  0.00126 -0.00282  0.00124  0.00321        0
        8|        0 -0.00486  0.00174 -0.00226  0.00178 -0.00215  0.00189 -0.00205  0.00198 -0.00199  0.00202 -0.00202  0.00194 -0.00209  0.00184 -0.00223  0.00168 -0.00239  0.00154 -0.00241  0.00577        0
        7|        0 -0.00124 -0.00208  0.00192 -0.00203  0.00201 -0.00194   0.0021 -0.00186  0.00216 -0.00182  0.00214 -0.00188  0.00208 -0.00196  0.00197 -0.00209  0.00184  -0.0022  0.00182  0.00241        0
        6|        0 -0.00377  0.00205 -0.00194  0.00209 -0.00186  0.00218 -0.00178  0.00225 -0.00172  0.00229 -0.00174  0.00224 -0.00179  0.00217 -0.00188  0.00206 -0.00199  0.00197 -0.00202  0.00511        0
        5|        0-0.000397 -0.00187  0.00215 -0.00182  0.00222 -0.00173   0.0023 -0.00166  0.00236 -0.00163  0.00235 -0.00166  0.00231 -0.00173  0.00222 -0.00182  0.00213 -0.00191  0.00209  0.00186        0
        4|        0 -0.00313   0.0022 -0.00179  0.00224 -0.00172  0.00232 -0.00163   0.0024 -0.00158  0.00243 -0.00158   0.0024 -0.00162  0.00234  -0.0017  0.00225 -0.00179  0.00217 -0.00184  0.00468        0
        3|        0 6.75e-05 -0.00177  0.00225 -0.00172  0.00232 -0.00163   0.0024 -0.00156  0.00246 -0.00153  0.00246 -0.00155  0.00242 -0.00161  0.00235  -0.0017  0.00226 -0.00178  0.00222  0.00154        0
        2|        0  -0.0028  0.00228 -0.00172  0.00232 -0.00165  0.00239 -0.00158  0.00245 -0.00153  0.00248 -0.00152  0.00247 -0.00156  0.00241 -0.00163  0.00233 -0.00171  0.00226 -0.00175  0.00446        0
        1|        0  0.00236  0.00133  0.00426  0.00113  0.00398  0.00078  0.00355 0.000289  0.00301-0.000304  0.00237-0.000965   0.0017 -0.00163  0.00107 -0.00222 0.000549 -0.00264 0.000259 0.000338        0
        0|        0        0        0        0        0        0        0        0        0        0        0        0        0        0        0        0        0        0        0        0        0        0

