t: 1.46321
nCells: 20x10, dx: 0.1, dy: 0.1

u (22x12): 
         |        0        1        2        3        4        5        6        7        8        9       10       11       12       13       14       15       16       17       18       19       20
-------------------------------------------------------------------------------------------------------------------------------------------------------------------------------------------------------------------------
       11|        0 -0.00334 -0.00717  -0.0106  -0.0136  -0.0161   -0.018  -0.0194  -0.0204   -0.021  -0.0212   -0.021  -0.0204  -0.0195  -0.0181  -0.0163  -0.0139  -0.0109 -0.00743 -0.00354        0
       10|        0 -0.00265 -0.00566 -0.00848   -0.011  -0.0132   -0.015  -0.0164  -0.0175  -0.0182  -0.0185  -0.0185  -0.0181  -0.0173  -0.0161  -0.0144  -0.0123 -0.00962 -0.00655 -0.00323        0
        9|        0 -0.00229 -0.00486 -0.00728 -0.00949  -0.0114   -0.013  -0.0143  -0.0153  -0.0159  -0.0162  -0.0162  -0.0158   -0.015  -0.0139  -0.0124  -0.0104 -0.00814 -0.00551 -0.00266        0
        8|        0   -0.002 -0.00422 -0.00634 -0.00826 -0.00997  -0.0114  -0.0126  -0.0134   -0.014  -0.0143  -0.0142  -0.0138  -0.0131  -0.0121  -0.0107 -0.00896 -0.00695 -0.00468 -0.00224        0
        7|        0 -0.00175 -0.00371 -0.00556 -0.00728 -0.00879  -0.0101  -0.0111  -0.0119  -0.0124  -0.0126  -0.0126  -0.0122  -0.0115  -0.0106 -0.00931 -0.00779 -0.00601 -0.00403 -0.00192        0
        6|        0 -0.00156 -0.00329 -0.00495 -0.00647 -0.00784 -0.00899 -0.00994  -0.0106  -0.0111  -0.0113  -0.0112  -0.0109  -0.0102 -0.00936 -0.00823 -0.00685 -0.00527 -0.00352 -0.00168        0
        5|        0  -0.0014 -0.00297 -0.00446 -0.00585 -0.00708 -0.00814 -0.00899 -0.00963    -0.01  -0.0102  -0.0101  -0.0098 -0.00922 -0.00841 -0.00737 -0.00613  -0.0047 -0.00314 -0.00149        0
        4|        0 -0.00129 -0.00272  -0.0041 -0.00536  -0.0065 -0.00747 -0.00827 -0.00885 -0.00923 -0.00937 -0.00929 -0.00898 -0.00844 -0.00768 -0.00673 -0.00558 -0.00428 -0.00285 -0.00135        0
        3|        0  -0.0012 -0.00255 -0.00383 -0.00502 -0.00608   -0.007 -0.00773 -0.00829 -0.00863 -0.00877 -0.00869 -0.00839 -0.00788 -0.00717 -0.00626 -0.00519 -0.00397 -0.00265 -0.00125        0
        2|        0 -0.00114 -0.00241 -0.00364 -0.00477 -0.00578 -0.00665 -0.00736 -0.00788 -0.00821 -0.00833 -0.00826 -0.00797 -0.00748 -0.00679 -0.00594 -0.00491 -0.00376  -0.0025 -0.00119        0
        1|        0-0.000968 -0.00206 -0.00311 -0.00408 -0.00495  -0.0057  -0.0063 -0.00675 -0.00704 -0.00715 -0.00708 -0.00683 -0.00641 -0.00583 -0.00508 -0.00421 -0.00322 -0.00214 -0.00101        0
        0|        0 0.000958  0.00204  0.00307  0.00403  0.00488  0.00562  0.00622  0.00667  0.00694  0.00705  0.00698  0.00674  0.00632  0.00575  0.00501  0.00415  0.00317  0.00211 0.000997        0

v (22x12): 
         |        0        1        2        3        4        5        6        7        8        9       10       11       12       13       14       15       16       17       18       19       20       21
-------------------------------------------------------------------------------------------------------------------------------------------------------------------------------------------------------------------------
       10|  -0.0161   0.0163   0.0182   0.0173   0.0158    0.014   0.0119  0.00957  0.00714  0.00461  0.00202-0.000625 -0.00331 -0.00604 -0.00877  -0.0115   -0.014  -0.0164  -0.0183  -0.0196   -0.018   0.0177
        9|  -0.0135   0.0136   0.0152   0.0145   0.0133   0.0118   0.0101  0.00815  0.00608  0.00391  0.00167-0.000609 -0.00293 -0.00525 -0.00756 -0.00979  -0.0119  -0.0137  -0.0153  -0.0162  -0.0147   0.0145
        8|  -0.0112   0.0113   0.0126   0.0121   0.0111   0.0099  0.00847  0.00685  0.00512  0.00328  0.00137-0.000577 -0.00254 -0.00451 -0.00643 -0.00827 -0.00996  -0.0114  -0.0126  -0.0134  -0.0121   0.0119
        7| -0.00922  0.00934   0.0104  0.00996  0.00919   0.0082  0.00702  0.00569  0.00424  0.00271  0.00111-0.000519 -0.00217  -0.0038 -0.00538 -0.00688 -0.00825 -0.00943  -0.0104  -0.0109 -0.00986  0.00972
        6| -0.00748  0.00758  0.00846  0.00809  0.00748  0.00668  0.00573  0.00465  0.00347   0.0022 0.000892-0.000455  -0.0018 -0.00314 -0.00442 -0.00563 -0.00672 -0.00765 -0.00838 -0.00883 -0.00794  0.00783
        5| -0.00595  0.00602  0.00672  0.00644  0.00595  0.00532  0.00457  0.00371  0.00276  0.00175 0.000696-0.000378 -0.00146 -0.00252 -0.00354 -0.00449 -0.00535 -0.00607 -0.00664 -0.00698 -0.00627  0.00619
        4| -0.00456  0.00461  0.00516  0.00494  0.00457  0.00409  0.00351  0.00285  0.00212  0.00134 0.000531-0.000304 -0.00113 -0.00195 -0.00273 -0.00346  -0.0041 -0.00465 -0.00508 -0.00533 -0.00478  0.00472
        3| -0.00329  0.00333  0.00372  0.00356   0.0033  0.00295  0.00253  0.00206  0.00153  0.00097 0.000378-0.000221-0.000827 -0.00141 -0.00198  -0.0025 -0.00296 -0.00335 -0.00366 -0.00383 -0.00344  0.00339
        2| -0.00209  0.00212  0.00237  0.00227  0.00211  0.00188  0.00162  0.00131 0.000981 0.000617 0.000244-0.000145-0.000527-0.000907 -0.00126  -0.0016 -0.00189 -0.00214 -0.00233 -0.00244 -0.00219  0.00216
        1|-0.000967 0.000977  0.00109  0.00105 0.000972 0.000874 0.000748 0.000611 0.000453  0.00029 0.000112-6.28e-05-0.000245-0.000415-0.000585-0.000735-0.000874-0.000985 -0.00108 -0.00113 -0.00101 0.000995
        0|        0        0        0        0        0        0        0        0        0        0        0        0        0        0        0        0        0        0        0        0        0        0

p (22x12): 
         |        0        1        2        3        4        5        6        7        8        9       10       11       12       13       14       15       16       17       18       19       20       21
-------------------------------------------------------------------------------------------------------------------------------------------------------------------------------------------------------------------------
       11|    -2.56    -2.56    -2.56    -2.56    -2.55    -2.55    -2.55    -2.55    -2.55    -2.55    -2.55    -2.55    -2.55    -2.55    -2.54    -2.54    -2.54    -2.54    -2.54    -2.54    -2.54    -2.54
       10|    -2.55    -2.55    -2.55    -2.55    -2.55    -2.55    -2.55    -2.55    -2.55    -2.55    -2.55    -2.55    -2.55    -2.55    -2.54    -2.54    -2.54    -2.54    -2.54    -2.54    -2.54    -2.54
        9|    -2.55    -2.55    -2.55    -2.55    -2.55    -2.55    -2.55    -2.55    -2.55    -2.55    -2.55    -2.55    -2.55    -2.55    -2.54    -2.54    -2.54    -2.54    -2.54    -2.54    -2.54    -2.54
        8|    -2.55    -2.55    -2.55    -2.55    -2.55    -2.55    -2.55    -2.55    -2.55    -2.55    -2.55    -2.55    -2.55    -2.55    -2.55    -2.54    -2.54    -2.54    -2.54    -2.54    -2.54    -2.54
        7|    -2.55    -2.55    -2.55    -2.55    -2.55    -2.55    -2.55    -2.55    -2.55    -2.55    -2.55    -2.55    -2.55    -2.55    -2.55    -2.54    -2.54    -2.54    -2.54    -2.54    -2.54    -2.54
        6|    -2.55    -2.55    -2.55    -2.55    -2.55    -2.55    -2.55    -2.55    -2.55    -2.55    -2.55    -2.55    -2.55    -2.55    -2.55    -2.54    -2.54    -2.54    -2.54    -2.54    -2.54    -2.54
        5|    -2.55    -2.55    -2.55    -2.55    -2.55    -2.55    -2.55    -2.55    -2.55    -2.55    -2.55    -2.55    -2.55    -2.55    -2.55    -2.55    -2.54    -2.54    -2.54    -2.54    -2.54    -2.54
        4|    -2.55    -2.55    -2.55    -2.55    -2.55    -2.55    -2.55    -2.55    -2.55    -2.55    -2.55    -2.55    -2.55    -2.55    -2.55    -2.55    -2.55    -2.54    -2.54    -2.54    -2.54    -2.54
        3|    -2.55    -2.55    -2.55    -2.55    -2.55    -2.55    -2.55    -2.55    -2.55    -2.55    -2.55    -2.55    -2.55    -2.55    -2.55    -2.55    -2.55    -2.54    -2.54    -2.54    -2.54    -2.54
        2|    -2.55    -2.55    -2.55    -2.55    -2.55    -2.55    -2.55    -2.55    -2.55    -2.55    -2.55    -2.55    -2.55    -2.55    -2.55    -2.55    -2.55    -2.54    -2.54    -2.54    -2.54    -2.54
        1|    -2.55    -2.55    -2.55    -2.55    -2.55    -2.55    -2.55    -2.55    -2.55    -2.55    -2.55    -2.55    -2.55    -2.55    -2.55    -2.55    -2.55    -2.55    -2.54    -2.54    -2.54    -2.54
        0|    -2.55    -2.55    -2.55    -2.55    -2.55    -2.55    -2.55    -2.55    -2.55    -2.55    -2.55    -2.55    -2.55    -2.55    -2.55    -2.55    -2.55    -2.55    -2.54    -2.54    -2.54    -2.54

F (22x12): 
         |        0        1        2        3        4        5        6        7        8        9       10       11       12       13       14       15       16       17       18       19       20
-------------------------------------------------------------------------------------------------------------------------------------------------------------------------------------------------------------------------
       11|        0        0        0        0        0        0        0        0        0        0        0        0        0        0        0        0        0        0        0        0        0
       10|        0 -0.00263  -0.0056 -0.00837  -0.0109   -0.013  -0.0148  -0.0162  -0.0172  -0.0179  -0.0182  -0.0182  -0.0178   -0.017  -0.0158  -0.0142   -0.012 -0.00945 -0.00644 -0.00317        0
        9|        0 -0.00227  -0.0048 -0.00719 -0.00936  -0.0112  -0.0128  -0.0141   -0.015  -0.0157   -0.016  -0.0159  -0.0155  -0.0148  -0.0137  -0.0122  -0.0103   -0.008 -0.00542 -0.00262        0
        8|        0 -0.00198 -0.00417 -0.00625 -0.00815 -0.00983  -0.0112  -0.0124  -0.0132  -0.0138   -0.014   -0.014  -0.0136  -0.0129  -0.0119  -0.0105 -0.00881 -0.00683  -0.0046  -0.0022        0
        7|        0 -0.00173 -0.00366 -0.00549 -0.00717 -0.00866 -0.00993   -0.011  -0.0117  -0.0122  -0.0124  -0.0124   -0.012  -0.0113  -0.0104 -0.00916 -0.00766 -0.00591 -0.00397 -0.00189        0
        6|        0 -0.00154 -0.00325 -0.00488 -0.00638 -0.00772 -0.00886 -0.00979  -0.0105  -0.0109  -0.0111   -0.011  -0.0107  -0.0101 -0.00921 -0.00809 -0.00674 -0.00519 -0.00347 -0.00165        0
        5|        0 -0.00138 -0.00293  -0.0044 -0.00576 -0.00697 -0.00802 -0.00885 -0.00948 -0.00988    -0.01 -0.00996 -0.00964 -0.00907 -0.00828 -0.00725 -0.00603 -0.00463 -0.00309 -0.00147        0
        4|        0 -0.00127 -0.00268 -0.00404 -0.00529 -0.00641 -0.00736 -0.00814 -0.00871 -0.00908 -0.00922 -0.00915 -0.00884 -0.00831 -0.00756 -0.00662 -0.00549 -0.00421 -0.00281 -0.00133        0
        3|        0 -0.00119 -0.00251 -0.00377 -0.00495 -0.00599 -0.00689 -0.00762 -0.00816  -0.0085 -0.00863 -0.00855 -0.00826 -0.00775 -0.00705 -0.00616 -0.00511 -0.00391 -0.00261 -0.00123        0
        2|        0 -0.00113 -0.00238 -0.00359  -0.0047  -0.0057 -0.00655 -0.00725 -0.00776 -0.00808  -0.0082 -0.00813 -0.00784 -0.00736 -0.00668 -0.00584 -0.00483  -0.0037 -0.00246 -0.00117        0
        1|        0-0.000954 -0.00203 -0.00306 -0.00401 -0.00486  -0.0056 -0.00619 -0.00663 -0.00691 -0.00702 -0.00695 -0.00671 -0.00629 -0.00572 -0.00499 -0.00413 -0.00316  -0.0021-0.000992        0
        0|        0 0.000958  0.00204  0.00307  0.00403  0.00488  0.00562  0.00622  0.00667  0.00694  0.00705  0.00698  0.00674  0.00632  0.00575  0.00501  0.00415  0.00317  0.00211 0.000997        0

G (22x12): 
         |        0        1        2        3        4        5        6        7        8        9       10       11       12       13       14       15       16       17       18       19       20       21
-------------------------------------------------------------------------------------------------------------------------------------------------------------------------------------------------------------------------
       10|  -0.0161    0.016    0.018    0.017   0.0156   0.0138   0.0117  0.00939  0.00699  0.00449  0.00195 -0.00065 -0.00328 -0.00595 -0.00862  -0.0112  -0.0138   -0.016  -0.0179  -0.0191  -0.0175   0.0177
        9|  -0.0135   0.0134    0.015   0.0143   0.0131   0.0116   0.0099    0.008  0.00596  0.00383  0.00162-0.000627 -0.00291 -0.00519 -0.00746 -0.00965  -0.0117  -0.0135   -0.015   -0.016  -0.0145   0.0145
        8|  -0.0112   0.0111   0.0124   0.0119   0.0109  0.00974  0.00832  0.00673  0.00502   0.0032  0.00133-0.000589 -0.00252 -0.00445 -0.00634 -0.00815 -0.00981  -0.0113  -0.0124  -0.0132  -0.0119   0.0119
        7| -0.00922  0.00917   0.0103   0.0098  0.00904  0.00807   0.0069  0.00559  0.00416  0.00265  0.00108-0.000526 -0.00215 -0.00375 -0.00531 -0.00678 -0.00812 -0.00928  -0.0102  -0.0108 -0.00968  0.00972
        6| -0.00748  0.00745  0.00833  0.00797  0.00736  0.00657  0.00564  0.00457   0.0034  0.00216 0.000867-0.000459 -0.00179  -0.0031 -0.00436 -0.00555 -0.00662 -0.00753 -0.00825 -0.00869  -0.0078  0.00783
        5| -0.00595  0.00592  0.00662  0.00634  0.00586  0.00524  0.00449  0.00364  0.00271  0.00172 0.000677 -0.00038 -0.00145 -0.00249  -0.0035 -0.00443 -0.00527 -0.00598 -0.00654 -0.00687 -0.00616  0.00619
        4| -0.00456  0.00453  0.00508  0.00486   0.0045  0.00402  0.00345   0.0028  0.00208  0.00131 0.000517-0.000305 -0.00112 -0.00193 -0.00269 -0.00341 -0.00404 -0.00458   -0.005 -0.00525  -0.0047  0.00472
        3| -0.00329  0.00327  0.00366  0.00351  0.00325  0.00291  0.00249  0.00203   0.0015 0.000951 0.000368-0.000222-0.000818 -0.00139 -0.00195 -0.00246 -0.00292  -0.0033  -0.0036 -0.00377 -0.00338  0.00339
        2| -0.00209  0.00208  0.00234  0.00224  0.00208  0.00186   0.0016  0.00129 0.000965 0.000606 0.000238-0.000145-0.000522-0.000896 -0.00125 -0.00158 -0.00186 -0.00211 -0.00229 -0.00241 -0.00215  0.00216
        1|-0.000967 0.000962  0.00108  0.00104 0.000959 0.000862 0.000738 0.000602 0.000446 0.000285 0.000109-6.32e-05-0.000242-0.000411-0.000578-0.000726-0.000863-0.000972 -0.00106 -0.00111-0.000991 0.000995
        0|        0        0        0        0        0        0        0        0        0        0        0        0        0        0        0        0        0        0        0        0        0        0

rhs (22x12): 
         |        0        1        2        3        4        5        6        7        8        9       10       11       12       13       14       15       16       17       18       19       20       21
-------------------------------------------------------------------------------------------------------------------------------------------------------------------------------------------------------------------------
       11|        0        0        0        0        0        0        0        0        0        0        0        0        0        0        0        0        0        0        0        0        0        0
       10|        0 -0.00589  0.00529 -0.00103   0.0022 -0.00447-0.000894 -0.00667 -0.00185 -0.00614 0.000302 -0.00233  0.00621  0.00624   0.0175   0.0202   0.0338   0.0378    0.051    0.052   0.0564        0
        9|        0 -0.00253 -0.00308  0.00186 -0.00303  0.00201 -0.00286  0.00217 -0.00273  0.00226 -0.00269  0.00221 -0.00282  0.00207 -0.00299  0.00185 -0.00325  0.00156 -0.00351  0.00154  0.00338        0
        8|        0  -0.0054   0.0022 -0.00278  0.00224 -0.00266  0.00237 -0.00254  0.00247 -0.00246  0.00252  -0.0025  0.00242  -0.0026  0.00229 -0.00277  0.00209 -0.00297  0.00191   -0.003  0.00665        0
        7|        0-0.000996 -0.00256  0.00241 -0.00251  0.00251  -0.0024  0.00262  -0.0023  0.00269 -0.00226  0.00267 -0.00234  0.00259 -0.00244  0.00245  -0.0026  0.00229 -0.00274  0.00227  0.00253        0
        6|        0 -0.00421  0.00256  -0.0024  0.00261 -0.00231  0.00271  -0.0022   0.0028 -0.00214  0.00285 -0.00215  0.00279 -0.00222   0.0027 -0.00233  0.00257 -0.00247  0.00245 -0.00251  0.00594        0
        5|        0-7.17e-05 -0.00231  0.00268 -0.00225  0.00277 -0.00215  0.00287 -0.00206  0.00294 -0.00202  0.00293 -0.00206  0.00287 -0.00215  0.00277 -0.00227  0.00264 -0.00238  0.00261  0.00194        0
        4|        0 -0.00351  0.00274 -0.00222   0.0028 -0.00213  0.00289 -0.00203  0.00298 -0.00196  0.00303 -0.00196  0.00299 -0.00202  0.00291 -0.00212   0.0028 -0.00223   0.0027 -0.00228  0.00548        0
        3|        0 0.000437 -0.00219  0.00281 -0.00213  0.00289 -0.00203  0.00299 -0.00194  0.00306  -0.0019  0.00306 -0.00193  0.00301   -0.002  0.00292 -0.00211  0.00281 -0.00221  0.00276  0.00159        0
        2|        0 -0.00314  0.00284 -0.00213  0.00289 -0.00205  0.00297 -0.00197  0.00305  -0.0019  0.00309 -0.00189  0.00307 -0.00194    0.003 -0.00202   0.0029 -0.00213  0.00282 -0.00218  0.00523        0
        1|        0  0.00295  0.00135  0.00502  0.00115  0.00472 0.000773  0.00426 0.000246  0.00367-0.000398  0.00298 -0.00113  0.00224 -0.00186  0.00153 -0.00252  0.00095   -0.003 0.000632 0.000433        0
        0|        0        0        0        0        0        0        0        0        0        0        0        0        0        0        0        0        0        0        0        0        0        0

