t: 0.78795
nCells: 20x10, dx: 0.1, dy: 0.1

u (22x12): 
         |        0        1        2        3        4        5        6        7        8        9       10       11       12       13       14       15       16       17       18       19       20
-------------------------------------------------------------------------------------------------------------------------------------------------------------------------------------------------------------------------
       11|        0 -0.00205 -0.00419 -0.00612 -0.00778 -0.00913  -0.0102   -0.011  -0.0115  -0.0118  -0.0119  -0.0118  -0.0115   -0.011  -0.0102 -0.00917 -0.00782 -0.00617 -0.00424 -0.00208        0
       10|        0  -0.0017 -0.00346 -0.00508 -0.00651 -0.00772 -0.00871 -0.00946    -0.01  -0.0103  -0.0105  -0.0104  -0.0101 -0.00961 -0.00889 -0.00794 -0.00673 -0.00527 -0.00361 -0.00179        0
        9|        0 -0.00144 -0.00295 -0.00434 -0.00559 -0.00667 -0.00756 -0.00825 -0.00875 -0.00905 -0.00917 -0.00909 -0.00883 -0.00837  -0.0077 -0.00683 -0.00575 -0.00448 -0.00305  -0.0015        0
        8|        0 -0.00124 -0.00254 -0.00375 -0.00485 -0.00581  -0.0066 -0.00723 -0.00769 -0.00797 -0.00807   -0.008 -0.00775 -0.00732 -0.00671 -0.00593 -0.00497 -0.00386 -0.00261 -0.00128        0
        7|        0 -0.00108 -0.00222 -0.00328 -0.00425  -0.0051 -0.00582 -0.00639  -0.0068 -0.00705 -0.00715 -0.00708 -0.00685 -0.00645  -0.0059 -0.00519 -0.00434 -0.00336 -0.00227 -0.00111        0
        6|        0-0.000958 -0.00196 -0.00291 -0.00377 -0.00454 -0.00518  -0.0057 -0.00607 -0.00631 -0.00639 -0.00633 -0.00611 -0.00575 -0.00524  -0.0046 -0.00384 -0.00296   -0.002-0.000979        0
        5|        0-0.000859 -0.00176 -0.00261  -0.0034 -0.00409 -0.00468 -0.00515 -0.00549  -0.0057 -0.00578 -0.00572 -0.00552 -0.00519 -0.00472 -0.00414 -0.00344 -0.00265 -0.00179-0.000875        0
        4|        0-0.000785 -0.00161 -0.00239 -0.00311 -0.00375 -0.00429 -0.00472 -0.00504 -0.00524 -0.00531 -0.00525 -0.00506 -0.00475 -0.00432 -0.00378 -0.00314 -0.00242 -0.00163-0.000797        0
        3|        0-0.000731  -0.0015 -0.00223  -0.0029  -0.0035 -0.00401 -0.00441 -0.00472  -0.0049 -0.00497 -0.00491 -0.00473 -0.00444 -0.00403 -0.00353 -0.00293 -0.00225 -0.00152-0.000741        0
        2|        0-0.000697 -0.00143 -0.00212 -0.00276 -0.00333 -0.00382 -0.00421  -0.0045 -0.00467 -0.00473 -0.00468 -0.00451 -0.00423 -0.00384 -0.00336 -0.00278 -0.00214 -0.00144-0.000705        0
        1|        0-0.000631  -0.0013 -0.00193 -0.00251 -0.00303 -0.00347 -0.00383 -0.00409 -0.00425 -0.00431 -0.00426 -0.00411 -0.00385 -0.00349 -0.00305 -0.00253 -0.00195 -0.00131-0.000638        0
        0|        0 0.000614  0.00126  0.00187  0.00244  0.00294  0.00337  0.00372  0.00397  0.00413  0.00418  0.00414  0.00399  0.00374  0.00339  0.00296  0.00246  0.00189  0.00127 0.000621        0

v (22x12): 
         |        0        1        2        3        4        5        6        7        8        9       10       11       12       13       14       15       16       17       18       19       20       21
-------------------------------------------------------------------------------------------------------------------------------------------------------------------------------------------------------------------------
       10| -0.00985   0.0101   0.0106  0.00995  0.00902  0.00788   0.0066  0.00523   0.0038  0.00234 0.000861-0.000627 -0.00212 -0.00361 -0.00509 -0.00652 -0.00788  -0.0091  -0.0101  -0.0108  -0.0104   0.0101
        9|  -0.0082  0.00844  0.00882  0.00832  0.00759  0.00667  0.00562  0.00447  0.00326  0.00201 0.000732-0.000554 -0.00184 -0.00312 -0.00437 -0.00556 -0.00667 -0.00765 -0.00844 -0.00898 -0.00863  0.00837
        8|  -0.0068    0.007  0.00732  0.00692  0.00634  0.00559  0.00473  0.00378  0.00276   0.0017 0.000617-0.000482 -0.00158 -0.00266  -0.0037 -0.00469  -0.0056 -0.00638 -0.00701 -0.00743 -0.00712  0.00691
        7| -0.00559  0.00575  0.00602  0.00571  0.00524  0.00464  0.00393  0.00315  0.00231  0.00142 0.000511 -0.00041 -0.00133 -0.00223  -0.0031 -0.00391 -0.00464 -0.00527 -0.00577  -0.0061 -0.00584  0.00567
        6| -0.00453  0.00467  0.00489  0.00464  0.00427  0.00379  0.00322  0.00258  0.00189  0.00117 0.000417-0.000342  -0.0011 -0.00184 -0.00254  -0.0032 -0.00379 -0.00429 -0.00468 -0.00495 -0.00473  0.00459
        5|  -0.0036  0.00371  0.00389  0.00369   0.0034  0.00302  0.00257  0.00207  0.00152 0.000934 0.000332-0.000277-0.000884 -0.00147 -0.00204 -0.00256 -0.00302 -0.00341 -0.00372 -0.00393 -0.00375  0.00364
        4| -0.00277  0.00285  0.00299  0.00284  0.00262  0.00233  0.00198  0.00159  0.00117 0.000721 0.000256-0.000217-0.000684 -0.00114 -0.00157 -0.00197 -0.00233 -0.00263 -0.00286 -0.00301 -0.00288  0.00279
        3|   -0.002  0.00206  0.00216  0.00206   0.0019  0.00169  0.00144  0.00116 0.000851 0.000525 0.000185-0.000157-0.000499 -0.00083 -0.00114 -0.00143 -0.00169  -0.0019 -0.00207 -0.00218 -0.00208  0.00202
        2| -0.00129  0.00133   0.0014  0.00133  0.00123  0.00109 0.000932 0.000749 0.000551 0.000339  0.00012-0.000103-0.000322-0.000538-0.000739-0.000926 -0.00109 -0.00123 -0.00134 -0.00141 -0.00134   0.0013
        1|-0.000617 0.000633 0.000664 0.000633 0.000583 0.000521 0.000444 0.000358 0.000262 0.000163  5.7e-05 -4.8e-05-0.000154-0.000255-0.000353-0.000441 -0.00052-0.000584-0.000636-0.000669-0.000638 0.000621
        0|        0        0        0        0        0        0        0        0        0        0        0        0        0        0        0        0        0        0        0        0        0        0

p (22x12): 
         |        0        1        2        3        4        5        6        7        8        9       10       11       12       13       14       15       16       17       18       19       20       21
-------------------------------------------------------------------------------------------------------------------------------------------------------------------------------------------------------------------------
       11|   -0.394   -0.394   -0.393   -0.393   -0.392   -0.391    -0.39   -0.389   -0.388   -0.386   -0.385   -0.384   -0.382   -0.381   -0.379   -0.378   -0.377   -0.376   -0.375   -0.374   -0.374   -0.374
       10|   -0.392   -0.392   -0.392   -0.392   -0.391    -0.39   -0.389   -0.388   -0.387   -0.386   -0.385   -0.384   -0.382   -0.381    -0.38   -0.379   -0.378   -0.377   -0.376   -0.376   -0.376   -0.376
        9|   -0.391   -0.391   -0.391   -0.391    -0.39    -0.39   -0.389   -0.388   -0.387   -0.386   -0.385   -0.384   -0.383   -0.381    -0.38   -0.379   -0.379   -0.378   -0.377   -0.377   -0.377   -0.377
        8|    -0.39    -0.39    -0.39    -0.39   -0.389   -0.389   -0.388   -0.387   -0.387   -0.386   -0.385   -0.384   -0.383   -0.382   -0.381    -0.38   -0.379   -0.379   -0.378   -0.378   -0.378   -0.378
        7|    -0.39    -0.39   -0.389   -0.389   -0.389   -0.388   -0.388   -0.387   -0.386   -0.385   -0.385   -0.384   -0.383   -0.382   -0.381    -0.38    -0.38   -0.379   -0.379   -0.379   -0.378   -0.378
        6|   -0.389   -0.389   -0.389   -0.389   -0.388   -0.388   -0.387   -0.387   -0.386   -0.385   -0.385   -0.384   -0.383   -0.382   -0.382   -0.381    -0.38    -0.38   -0.379   -0.379   -0.379   -0.379
        5|   -0.388   -0.388   -0.388   -0.388   -0.388   -0.387   -0.387   -0.386   -0.386   -0.385   -0.384   -0.384   -0.383   -0.382   -0.382   -0.381   -0.381    -0.38    -0.38    -0.38    -0.38    -0.38
        4|   -0.388   -0.388   -0.388   -0.388   -0.388   -0.387   -0.387   -0.386   -0.386   -0.385   -0.384   -0.384   -0.383   -0.383   -0.382   -0.381   -0.381   -0.381    -0.38    -0.38    -0.38    -0.38
        3|   -0.388   -0.388   -0.388   -0.388   -0.387   -0.387   -0.387   -0.386   -0.386   -0.385   -0.384   -0.384   -0.383   -0.383   -0.382   -0.382   -0.381   -0.381   -0.381    -0.38    -0.38    -0.38
        2|   -0.388   -0.388   -0.388   -0.387   -0.387   -0.387   -0.386   -0.386   -0.385   -0.385   -0.384   -0.384   -0.383   -0.383   -0.382   -0.382   -0.381   -0.381   -0.381    -0.38    -0.38    -0.38
        1|   -0.388   -0.388   -0.388   -0.387   -0.387   -0.387   -0.386   -0.386   -0.385   -0.385   -0.384   -0.384   -0.383   -0.383   -0.382   -0.382   -0.381   -0.381   -0.381   -0.381    -0.38    -0.38
        0|   -0.388   -0.388   -0.388   -0.387   -0.387   -0.387   -0.386   -0.386   -0.385   -0.385   -0.384   -0.384   -0.383   -0.383   -0.382   -0.382   -0.381   -0.381   -0.381   -0.381    -0.38    -0.38

F (22x12): 
         |        0        1        2        3        4        5        6        7        8        9       10       11       12       13       14       15       16       17       18       19       20
-------------------------------------------------------------------------------------------------------------------------------------------------------------------------------------------------------------------------
       11|        0        0        0        0        0        0        0        0        0        0        0        0        0        0        0        0        0        0        0        0        0
       10|        0 -0.00165 -0.00336 -0.00493 -0.00632 -0.00749 -0.00844 -0.00917 -0.00969    -0.01  -0.0101  -0.0101 -0.00978 -0.00931 -0.00861 -0.00768 -0.00651  -0.0051 -0.00349 -0.00173        0
        9|        0  -0.0014 -0.00286 -0.00421 -0.00543 -0.00647 -0.00733 -0.00799 -0.00847 -0.00877 -0.00888 -0.00881 -0.00855  -0.0081 -0.00746 -0.00661 -0.00557 -0.00434 -0.00296 -0.00146        0
        8|        0 -0.00121 -0.00246 -0.00364 -0.00471 -0.00563  -0.0064 -0.00701 -0.00745 -0.00772 -0.00782 -0.00775  -0.0075 -0.00709  -0.0065 -0.00574 -0.00481 -0.00373 -0.00253 -0.00125        0
        7|        0 -0.00105 -0.00215 -0.00318 -0.00412 -0.00495 -0.00564 -0.00619 -0.00659 -0.00683 -0.00693 -0.00686 -0.00663 -0.00625 -0.00571 -0.00503  -0.0042 -0.00325  -0.0022 -0.00108        0
        6|        0-0.000931  -0.0019 -0.00282 -0.00366  -0.0044 -0.00502 -0.00552 -0.00589 -0.00611 -0.00619 -0.00613 -0.00592 -0.00557 -0.00508 -0.00446 -0.00371 -0.00287 -0.00194 -0.00095        0
        5|        0-0.000835 -0.00171 -0.00253 -0.00329 -0.00396 -0.00453 -0.00499 -0.00532 -0.00553  -0.0056 -0.00554 -0.00535 -0.00502 -0.00457 -0.00401 -0.00333 -0.00257 -0.00173-0.000849        0
        4|        0-0.000763 -0.00156 -0.00232 -0.00301 -0.00363 -0.00416 -0.00458 -0.00489 -0.00508 -0.00514 -0.00509  -0.0049  -0.0046 -0.00419 -0.00366 -0.00304 -0.00234 -0.00158-0.000774        0
        3|        0 -0.00071 -0.00145 -0.00216 -0.00281 -0.00339 -0.00388 -0.00428 -0.00457 -0.00475 -0.00481 -0.00475 -0.00458  -0.0043 -0.00391 -0.00342 -0.00284 -0.00218 -0.00147-0.000719        0
        2|        0-0.000677 -0.00138 -0.00206 -0.00268 -0.00323  -0.0037 -0.00408 -0.00436 -0.00453 -0.00459 -0.00453 -0.00437  -0.0041 -0.00372 -0.00325  -0.0027 -0.00207  -0.0014-0.000684        0
        1|        0-0.000611 -0.00125 -0.00186 -0.00243 -0.00293 -0.00336  -0.0037 -0.00395 -0.00411 -0.00416 -0.00411 -0.00397 -0.00372 -0.00338 -0.00295 -0.00245 -0.00188 -0.00127-0.000618        0
        0|        0 0.000614  0.00126  0.00187  0.00244  0.00294  0.00337  0.00372  0.00397  0.00413  0.00418  0.00414  0.00399  0.00374  0.00339  0.00296  0.00246  0.00189  0.00127 0.000621        0

G (22x12): 
         |        0        1        2        3        4        5        6        7        8        9       10       11       12       13       14       15       16       17       18       19       20       21
-------------------------------------------------------------------------------------------------------------------------------------------------------------------------------------------------------------------------
       10| -0.00985  0.00979   0.0102  0.00962  0.00872  0.00762  0.00638  0.00504  0.00366  0.00225  0.00082-0.000617 -0.00206 -0.00349 -0.00492  -0.0063  -0.0076 -0.00878 -0.00974  -0.0104    -0.01   0.0101
        9|  -0.0082  0.00816  0.00854  0.00806  0.00735  0.00646  0.00544  0.00432  0.00315  0.00194   0.0007-0.000545 -0.00179 -0.00303 -0.00424 -0.00539 -0.00647 -0.00741 -0.00818  -0.0087 -0.00833  0.00837
        8|  -0.0068  0.00676  0.00709  0.00671  0.00614  0.00541  0.00458  0.00365  0.00267  0.00164 0.000591-0.000473 -0.00153 -0.00258 -0.00359 -0.00455 -0.00542 -0.00618 -0.00679  -0.0072 -0.00688  0.00691
        7| -0.00559  0.00556  0.00583  0.00553  0.00507  0.00449  0.00381  0.00305  0.00223  0.00137  0.00049-0.000402 -0.00129 -0.00216   -0.003 -0.00379  -0.0045 -0.00511 -0.00559 -0.00591 -0.00564  0.00567
        6| -0.00453  0.00451  0.00474   0.0045  0.00413  0.00367  0.00312   0.0025  0.00183  0.00113 0.000401-0.000335 -0.00107 -0.00178 -0.00246  -0.0031 -0.00367 -0.00416 -0.00454 -0.00479 -0.00457  0.00459
        5|  -0.0036  0.00359  0.00377  0.00358  0.00329  0.00293  0.00249    0.002  0.00147 0.000903 0.000319-0.000271-0.000858 -0.00143 -0.00197 -0.00248 -0.00293 -0.00331 -0.00361  -0.0038 -0.00362  0.00364
        4| -0.00277  0.00275  0.00289  0.00275  0.00253  0.00225  0.00192  0.00154  0.00113 0.000697 0.000246-0.000212-0.000665 -0.00111 -0.00153 -0.00191 -0.00225 -0.00255 -0.00277 -0.00292 -0.00278  0.00279
        3|   -0.002  0.00199   0.0021  0.00199  0.00184  0.00164   0.0014  0.00112 0.000823 0.000507 0.000178-0.000154-0.000485-0.000805 -0.00111 -0.00139 -0.00164 -0.00184 -0.00201 -0.00211 -0.00201  0.00202
        2| -0.00129  0.00129  0.00135  0.00129  0.00119  0.00106 0.000903 0.000726 0.000534 0.000328 0.000116  -0.0001-0.000313-0.000522-0.000717-0.000898 -0.00106 -0.00119 -0.00129 -0.00136  -0.0013   0.0013
        1|-0.000617 0.000614 0.000645 0.000615 0.000566 0.000505 0.000431 0.000347 0.000254 0.000157  5.5e-05 -4.7e-05 -0.00015-0.000248-0.000343-0.000428-0.000505-0.000567-0.000618-0.000649-0.000618 0.000621
        0|        0        0        0        0        0        0        0        0        0        0        0        0        0        0        0        0        0        0        0        0        0        0

rhs (22x12): 
         |        0        1        2        3        4        5        6        7        8        9       10       11       12       13       14       15       16       17       18       19       20       21
-------------------------------------------------------------------------------------------------------------------------------------------------------------------------------------------------------------------------
       11|        0        0        0        0        0        0        0        0        0        0        0        0        0        0        0        0        0        0        0        0        0        0
       10|        0  -0.0072  -0.0027 -0.00433 -0.00312  -0.0046  -0.0031 -0.00417 -0.00217 -0.00273-0.000213-0.000257   0.0029  0.00364  0.00755  0.00897   0.0134    0.015   0.0192   0.0198   0.0237        0
        9|        0 -0.00235-0.000943 0.000471-0.000908 0.000528-0.000847 0.000584-0.000801 0.000618-0.000782 0.000603-0.000816 0.000571-0.000861 0.000512-0.000931 0.000437   -0.001  0.00041  0.00235        0
        8|        0 -0.00291 0.000573-0.000828 0.000599-0.000784 0.000645-0.000741 0.000682-0.000713 0.000698-0.000726 0.000672-0.000749 0.000637-0.000794 0.000585-0.000849 0.000534 -0.00087  0.00309        0
        7|        0 -0.00147 -0.00076 0.000654-0.000736  0.00069-0.000697 0.000727-0.000666 0.000751-0.000652 0.000742-0.000672 0.000722-0.000701 0.000685-0.000743 0.000641-0.000784 0.000625  0.00177        0
        6|        0 -0.00222   0.0007-0.000701 0.000721-0.000669 0.000756-0.000635 0.000785-0.000613 0.000799-0.000619 0.000782-0.000636 0.000756-0.000668 0.000719-0.000707 0.000685-0.000724  0.00262        0
        5|        0 -0.00094-0.000673 0.000743-0.000651 0.000773-0.000618 0.000805 -0.00059 0.000826-0.000577 0.000823 -0.00059 0.000807-0.000614 0.000777-0.000648 0.000742 -0.00068 0.000725   0.0014        0
        4|        0 -0.00183 0.000761 -0.00064 0.000782-0.000611 0.000813 -0.00058  0.00084-0.000559 0.000853 -0.00056 0.000843-0.000575 0.000819-0.000604 0.000787-0.000637 0.000757-0.000656  0.00232        0
        3|        0-0.000649-0.000632 0.000785 -0.00061 0.000813-0.000579 0.000844-0.000552 0.000864-0.000539 0.000865-0.000548  0.00085-0.000571 0.000822-0.000603  0.00079-0.000632 0.000772  0.00117        0
        2|        0 -0.00163 0.000791-0.000612  0.00081-0.000586 0.000838-0.000557 0.000863-0.000538 0.000875-0.000535 0.000869-0.000549 0.000848-0.000576 0.000817-0.000607  0.00079-0.000625  0.00217        0
        1|        0 0.000811  0.00105  0.00205 0.000906  0.00185 0.000658  0.00156 0.000326  0.00119-6.37e-05 0.000785-0.000481 0.000369-0.000888-1.78e-05 -0.00124-0.000327  -0.0015-0.000508 0.000102        0
        0|        0        0        0        0        0        0        0        0        0        0        0        0        0        0        0        0        0        0        0        0        0        0

