t: 0.276665
nCells: 20x10, dx: 0.1, dy: 0.1

u (22x12): 
         |        0        1        2        3        4        5        6        7        8        9       10       11       12       13       14       15       16       17       18       19       20
-------------------------------------------------------------------------------------------------------------------------------------------------------------------------------------------------------------------------
       11|        0     1.98     1.97     1.96     1.96     1.96     1.96     1.96     1.96     1.96     1.96     1.96     1.96     1.96     1.96     1.96     1.96     1.96     1.97     1.98        0
       10|        0   0.0258   0.0363   0.0412   0.0437   0.0452   0.0461   0.0466    0.047   0.0471   0.0472   0.0472    0.047   0.0467   0.0462   0.0453   0.0439   0.0414   0.0367   0.0261        0
        9|        0  -0.0103  -0.0106 -0.00925 -0.00797 -0.00703 -0.00637 -0.00593 -0.00566  -0.0055 -0.00545 -0.00549 -0.00564 -0.00591 -0.00634 -0.00699 -0.00792 -0.00919  -0.0105  -0.0102        0
        8|        0 -0.00519 -0.00716 -0.00747  -0.0072 -0.00682 -0.00648 -0.00622 -0.00604 -0.00594  -0.0059 -0.00594 -0.00604 -0.00623  -0.0065 -0.00685 -0.00725 -0.00757 -0.00733 -0.00542        0
        7|        0 -0.00296  -0.0048 -0.00563 -0.00591 -0.00593 -0.00586 -0.00577 -0.00569 -0.00564 -0.00563 -0.00565  -0.0057 -0.00578 -0.00588 -0.00597 -0.00596 -0.00571  -0.0049 -0.00306        0
        6|        0 -0.00193 -0.00342 -0.00435 -0.00487 -0.00513 -0.00525  -0.0053 -0.00531 -0.00531 -0.00531 -0.00532 -0.00532 -0.00531 -0.00527 -0.00516 -0.00491 -0.00441 -0.00348 -0.00198        0
        5|        0  -0.0014  -0.0026 -0.00349 -0.00409 -0.00448 -0.00472 -0.00486 -0.00494 -0.00499   -0.005 -0.00499 -0.00495 -0.00487 -0.00473  -0.0045 -0.00412 -0.00353 -0.00264 -0.00142        0
        4|        0  -0.0011  -0.0021 -0.00291 -0.00352 -0.00397 -0.00428 -0.00448 -0.00461 -0.00468 -0.00471 -0.00469 -0.00462 -0.00449 -0.00429 -0.00399 -0.00355 -0.00293 -0.00212 -0.00111        0
        3|        0-0.000918 -0.00178 -0.00253 -0.00313 -0.00359 -0.00394 -0.00418 -0.00434 -0.00443 -0.00446 -0.00444 -0.00435 -0.00419 -0.00395 -0.00361 -0.00315 -0.00255  -0.0018-0.000926        0
        2|        0-0.000811 -0.00159 -0.00229 -0.00287 -0.00334  -0.0037 -0.00396 -0.00414 -0.00424 -0.00428 -0.00424 -0.00414 -0.00397 -0.00371 -0.00335 -0.00288  -0.0023 -0.00161-0.000818        0
        1|        0-0.000754  -0.0015 -0.00216 -0.00273  -0.0032 -0.00356 -0.00383 -0.00401 -0.00412 -0.00415 -0.00412 -0.00401 -0.00383 -0.00356  -0.0032 -0.00273 -0.00217  -0.0015-0.000756        0
        0|        0-0.000632 -0.00125 -0.00182 -0.00232 -0.00273 -0.00307 -0.00332  -0.0035 -0.00361 -0.00364 -0.00361  -0.0035 -0.00333 -0.00308 -0.00274 -0.00233 -0.00183 -0.00126-0.000635        0

v (22x12): 
         |        0        1        2        3        4        5        6        7        8        9       10       11       12       13       14       15       16       17       18       19       20       21
-------------------------------------------------------------------------------------------------------------------------------------------------------------------------------------------------------------------------
       10|        0        0        0        0        0        0        0        0        0        0        0        0        0        0        0        0        0        0        0        0        0        0
        9|  -0.0236   0.0258   0.0106  0.00484  0.00253  0.00146 0.000891 0.000558 0.000343  0.00019 6.62e-05-4.82e-05 -0.00017-0.000319-0.000527-0.000848  -0.0014 -0.00246 -0.00477  -0.0106  -0.0261   0.0238
        8|  -0.0141   0.0155   0.0103  0.00622  0.00381   0.0024  0.00154 0.000997 0.000622 0.000345 0.000118-9.32e-05-0.000318 -0.00059-0.000956 -0.00149 -0.00233 -0.00373 -0.00613  -0.0102  -0.0159   0.0144
        7| -0.00938   0.0103  0.00828  0.00591  0.00408  0.00278  0.00189  0.00126 0.000802 0.000449 0.000152-0.000128-0.000424-0.000774 -0.00123 -0.00185 -0.00274 -0.00404  -0.0059 -0.00834  -0.0105  0.00952
        6| -0.00667  0.00729  0.00645  0.00508   0.0038  0.00276  0.00196  0.00135 0.000879 0.000498 0.000167-0.000146-0.000476-0.000855 -0.00132 -0.00193 -0.00273 -0.00378 -0.00509  -0.0065  -0.0074  0.00675
        5| -0.00491  0.00536  0.00496  0.00414  0.00328   0.0025  0.00184   0.0013 0.000865 0.000496 0.000167-0.000149-0.000478-0.000847 -0.00129 -0.00182 -0.00249 -0.00328 -0.00416   -0.005 -0.00542  0.00495
        4| -0.00363  0.00396  0.00376  0.00326  0.00268  0.00211   0.0016  0.00116 0.000783 0.000453 0.000152-0.000138-0.000439-0.000769 -0.00115 -0.00159 -0.00211 -0.00268 -0.00327 -0.00379 -0.00399  0.00366
        3| -0.00263  0.00286  0.00276  0.00245  0.00206  0.00167  0.00129 0.000954 0.000652  0.00038 0.000128-0.000118 -0.00037-0.000643-0.000946 -0.00129 -0.00167 -0.00207 -0.00246 -0.00278 -0.00288  0.00265
        2|  -0.0018  0.00194  0.00189   0.0017  0.00146   0.0012 0.000949  0.00071 0.000491 0.000288 9.71e-05-9.04e-05-0.000282-0.000485-0.000706-0.000947  -0.0012 -0.00147 -0.00171  -0.0019 -0.00196  0.00181
        1| -0.00106  0.00113  0.00111  0.00101  0.00088 0.000736  0.00059 0.000448 0.000313 0.000185 6.23e-05-5.88e-05-0.000182 -0.00031-0.000446-0.000589-0.000737-0.000882 -0.00101 -0.00112 -0.00114  0.00107
        0|  -0.0034  0.00375  0.00372  0.00348  0.00314  0.00273  0.00227  0.00179  0.00129 0.000775 0.000262-0.000253-0.000767 -0.00128 -0.00178 -0.00227 -0.00273 -0.00314 -0.00349 -0.00373 -0.00376  0.00341

p (22x12): 
         |        0        1        2        3        4        5        6        7        8        9       10       11       12       13       14       15       16       17       18       19       20       21
-------------------------------------------------------------------------------------------------------------------------------------------------------------------------------------------------------------------------
       11|  -0.0467  -0.0467   -0.037  -0.0311  -0.0267  -0.0233  -0.0203  -0.0177  -0.0152  -0.0128  -0.0106  -0.0083 -0.00602 -0.00368 -0.00122  0.00143  0.00439  0.00788   0.0123   0.0187   0.0291   0.0291
       10|  -0.0467  -0.0467   -0.037  -0.0311  -0.0267  -0.0233  -0.0203  -0.0177  -0.0152  -0.0128  -0.0106  -0.0083 -0.00602 -0.00368 -0.00122  0.00143  0.00439  0.00788   0.0123   0.0187   0.0291   0.0291
        9|  -0.0371  -0.0371  -0.0333  -0.0294  -0.0259  -0.0228    -0.02  -0.0175  -0.0151  -0.0128  -0.0105 -0.00831 -0.00607 -0.00378  -0.0014  0.00114   0.0039  0.00701   0.0106   0.0147    0.019    0.019
        8|  -0.0315  -0.0315  -0.0297  -0.0271  -0.0245  -0.0219  -0.0194  -0.0171  -0.0148  -0.0126  -0.0105 -0.00833 -0.00617 -0.00397 -0.00171 0.000643  0.00312  0.00574  0.00848   0.0112   0.0131   0.0131
        7|  -0.0278  -0.0278  -0.0267   -0.025   -0.023  -0.0209  -0.0188  -0.0167  -0.0146  -0.0125  -0.0104 -0.00837  -0.0063 -0.00422 -0.00212 2.29e-05  0.00219  0.00436  0.00643  0.00821  0.00932  0.00932
        6|  -0.0251  -0.0251  -0.0245  -0.0233  -0.0217    -0.02  -0.0181  -0.0162  -0.0143  -0.0123  -0.0104 -0.00841 -0.00645  -0.0045 -0.00256-0.000627  0.00126  0.00305  0.00466  0.00593  0.00664  0.00664
        5|  -0.0233  -0.0233  -0.0228  -0.0218  -0.0206  -0.0191  -0.0175  -0.0157   -0.014  -0.0121  -0.0103 -0.00845 -0.00661 -0.00478 -0.00298 -0.00123 0.000422  0.00194  0.00323  0.00419  0.00471  0.00471
        4|  -0.0219  -0.0219  -0.0215  -0.0207  -0.0197  -0.0184  -0.0169  -0.0154  -0.0137   -0.012  -0.0102 -0.00849 -0.00674 -0.00502 -0.00335 -0.00175-0.000275  0.00104  0.00212   0.0029  0.00331  0.00331
        3|  -0.0209  -0.0209  -0.0206  -0.0199   -0.019  -0.0178  -0.0165   -0.015  -0.0135  -0.0119  -0.0102 -0.00852 -0.00685 -0.00522 -0.00364 -0.00216-0.000808  0.00037  0.00132  0.00199  0.00233  0.00233
        2|  -0.0203  -0.0203    -0.02  -0.0194  -0.0186  -0.0175  -0.0162  -0.0148  -0.0133  -0.0118  -0.0102 -0.00854 -0.00693 -0.00535 -0.00385 -0.00244 -0.00117-7.23e-05 0.000798   0.0014  0.00171  0.00171
        1|    -0.02    -0.02  -0.0198  -0.0192  -0.0184  -0.0173  -0.0161  -0.0147  -0.0133  -0.0117  -0.0102 -0.00855 -0.00696 -0.00541 -0.00394 -0.00256 -0.00132-0.000269 0.000566  0.00114  0.00143  0.00143
        0|  -0.0185  -0.0185  -0.0183  -0.0178  -0.0171  -0.0163  -0.0152   -0.014  -0.0128  -0.0114    -0.01 -0.00865 -0.00726 -0.00591 -0.00464 -0.00345  -0.0024 -0.00151 -0.00081-0.000331-9.22e-05-9.22e-05

F (22x12): 
         |        0        1        2        3        4        5        6        7        8        9       10       11       12       13       14       15       16       17       18       19       20
-------------------------------------------------------------------------------------------------------------------------------------------------------------------------------------------------------------------------
       11|        0     1.98     1.97     1.96     1.96     1.96     1.96     1.96     1.96     1.96     1.96     1.96     1.96     1.96     1.96     1.96     1.96     1.96     1.97     1.98        0
       10|        0   0.0282   0.0378   0.0423   0.0446   0.0459   0.0467   0.0472   0.0476   0.0477   0.0478   0.0477   0.0476   0.0473   0.0468   0.0461   0.0448   0.0426   0.0383   0.0287        0
        9|        0 -0.00937 -0.00962 -0.00836 -0.00719 -0.00633 -0.00573 -0.00533 -0.00507 -0.00493 -0.00489 -0.00493 -0.00506 -0.00531  -0.0057 -0.00629 -0.00713 -0.00828 -0.00949 -0.00915        0
        8|        0 -0.00474 -0.00653  -0.0068 -0.00655  -0.0062 -0.00589 -0.00565 -0.00549 -0.00539 -0.00536 -0.00539 -0.00549 -0.00565  -0.0059 -0.00622 -0.00659 -0.00687 -0.00666 -0.00492        0
        7|        0  -0.0027 -0.00437 -0.00513 -0.00538 -0.00539 -0.00532 -0.00524 -0.00517 -0.00512 -0.00511 -0.00513 -0.00517 -0.00525 -0.00534 -0.00542 -0.00541 -0.00519 -0.00445 -0.00278        0
        6|        0 -0.00176 -0.00312 -0.00396 -0.00443 -0.00466 -0.00477 -0.00481 -0.00482 -0.00482 -0.00482 -0.00482 -0.00483 -0.00482 -0.00478 -0.00469 -0.00446   -0.004 -0.00316  -0.0018        0
        5|        0 -0.00128 -0.00237 -0.00317 -0.00372 -0.00406 -0.00428 -0.00441 -0.00448 -0.00452 -0.00453 -0.00452 -0.00449 -0.00442 -0.00429 -0.00408 -0.00374  -0.0032 -0.00239 -0.00129        0
        4|        0-0.000999 -0.00191 -0.00264  -0.0032  -0.0036 -0.00388 -0.00406 -0.00418 -0.00424 -0.00427 -0.00425 -0.00418 -0.00407 -0.00389 -0.00361 -0.00322 -0.00266 -0.00192 -0.00101        0
        3|        0-0.000834 -0.00162 -0.00229 -0.00284 -0.00325 -0.00357 -0.00378 -0.00393 -0.00401 -0.00404 -0.00401 -0.00393 -0.00379 -0.00357 -0.00327 -0.00285 -0.00231 -0.00163 -0.00084        0
        2|        0-0.000736 -0.00144 -0.00207  -0.0026 -0.00302 -0.00334 -0.00358 -0.00374 -0.00383 -0.00387 -0.00384 -0.00375 -0.00359 -0.00335 -0.00303 -0.00261 -0.00208 -0.00145-0.000741        0
        1|        0-0.000684 -0.00135 -0.00195 -0.00247 -0.00289 -0.00322 -0.00346 -0.00362 -0.00372 -0.00375 -0.00372 -0.00362 -0.00346 -0.00321 -0.00289 -0.00247 -0.00195 -0.00135-0.000683        0
        0|        0        0        0        0        0        0        0        0        0        0        0        0        0        0        0        0        0        0        0        0        0

G (22x12): 
         |        0        1        2        3        4        5        6        7        8        9       10       11       12       13       14       15       16       17       18       19       20       21
-------------------------------------------------------------------------------------------------------------------------------------------------------------------------------------------------------------------------
       10|        0        0        0        0        0        0        0        0        0        0        0        0        0        0        0        0        0        0        0        0        0        0
        9|  -0.0236   0.0233  0.00963  0.00441  0.00231  0.00133 0.000811 0.000508 0.000312 0.000172 5.94e-05 -4.5e-05-0.000156-0.000293-0.000482-0.000776 -0.00128 -0.00224 -0.00433 -0.00959  -0.0235   0.0238
        8|  -0.0141    0.014  0.00932  0.00565  0.00346  0.00218   0.0014 0.000906 0.000566 0.000313 0.000105-8.76e-05-0.000293-0.000542-0.000877 -0.00137 -0.00213 -0.00341  -0.0056 -0.00934  -0.0144   0.0144
        7| -0.00938  0.00932  0.00754  0.00538  0.00371  0.00253  0.00172  0.00115  0.00073 0.000408 0.000136-0.000119 -0.00039 -0.00071 -0.00112 -0.00169  -0.0025 -0.00368 -0.00538  -0.0076 -0.00949  0.00952
        6| -0.00667  0.00663  0.00588  0.00463  0.00346  0.00251  0.00179  0.00123 0.000801 0.000453 0.000151-0.000136-0.000437-0.000785 -0.00121 -0.00177  -0.0025 -0.00345 -0.00464 -0.00592 -0.00672  0.00675
        5| -0.00491  0.00488  0.00453  0.00378  0.00299  0.00228  0.00168  0.00119  0.00079 0.000452 0.000151-0.000138-0.000439-0.000777 -0.00118 -0.00167 -0.00227 -0.00299  -0.0038 -0.00456 -0.00493  0.00495
        4| -0.00363  0.00361  0.00344  0.00298  0.00245  0.00193  0.00147  0.00106 0.000717 0.000414 0.000138-0.000129-0.000404-0.000707 -0.00105 -0.00146 -0.00193 -0.00245 -0.00299 -0.00346 -0.00364  0.00366
        3| -0.00263  0.00262  0.00253  0.00224  0.00189  0.00153  0.00119 0.000877 0.000599 0.000349 0.000117 -0.00011-0.000342-0.000593-0.000872 -0.00118 -0.00153  -0.0019 -0.00225 -0.00255 -0.00264  0.00265
        2|  -0.0018  0.00179  0.00175  0.00157  0.00135  0.00111 0.000878 0.000658 0.000455 0.000267 8.94e-05-8.46e-05-0.000262-0.000451-0.000655-0.000877 -0.00111 -0.00135 -0.00158 -0.00176  -0.0018  0.00181
        1| -0.00106  0.00107  0.00105 0.000953 0.000832 0.000697 0.000559 0.000425 0.000297 0.000176 5.89e-05-5.63e-05-0.000173-0.000295-0.000423-0.000558-0.000697-0.000833-0.000955 -0.00105 -0.00107  0.00107
        0|  -0.0034        0        0        0        0        0        0        0        0        0        0        0        0        0        0        0        0        0        0        0        0  0.00341

rhs (22x12): 
         |        0        1        2        3        4        5        6        7        8        9       10       11       12       13       14       15       16       17       18       19       20       21
-------------------------------------------------------------------------------------------------------------------------------------------------------------------------------------------------------------------------
       11|        0        0        0        0        0        0        0        0        0        0        0        0        0        0        0        0        0        0        0        0        0        0
       10|        0     1.94 -0.00713  0.00653  0.00349  0.00155 0.000831 0.000462  0.00045 0.000412 0.000597  0.00048   0.0008  0.00112   0.0018  0.00275  0.00468   0.0083   0.0158   0.0242    -2.07        0
        9|        0  -0.0225   0.0201   0.0107  0.00491  0.00259   0.0014  0.00096 0.000582 0.000528 0.000367 0.000693 0.000701  0.00101  0.00135   0.0023    0.004  0.00829   0.0187   0.0366   0.0154        0
        8|        0  -0.0155 -0.00234 -0.00105-0.000355-0.000214-1.96e-05-7.06e-05 4.38e-05-4.21e-05 5.59e-05-3.26e-05 5.91e-05-4.44e-05 2.96e-05-0.000114-0.000143-0.000573 -0.00146 -0.00389  0.00249        0
        7|        0  -0.0071 -0.00102  -0.0005-0.000332-9.76e-05 -0.00012 1.18e-05 -6.4e-05    4e-05-5.11e-05 4.41e-05-5.55e-05 2.76e-05 -9.1e-05-4.47e-05-0.000239-0.000349-0.000833 -0.00129  0.00347        0
        6|        0 -0.00424-0.000417-0.000351-0.000134 -0.00015-8.83e-06-7.73e-05 3.19e-05-5.55e-05 4.23e-05-5.28e-05 3.78e-05-6.63e-05 1.02e-05-0.000119-8.52e-05-0.000285-0.000352-0.000638  0.00291        0
        5|        0 -0.00285-0.000304-0.000137-0.000167-2.52e-05-8.91e-05 2.46e-05-5.92e-05 4.14e-05-5.09e-05 4.29e-05-5.52e-05 3.21e-05-7.63e-05 -5.3e-06-0.000139-0.000103-0.000277-0.000265  0.00223        0
        4|        0 -0.00223-0.000113-0.000169-3.54e-05-9.92e-05 1.76e-05-6.29e-05 4.06e-05-4.94e-05 4.74e-05-4.87e-05 4.33e-05-5.74e-05 2.68e-05-8.52e-05-1.67e-05-0.000148-9.86e-05-0.000235  0.00188        0
        3|        0 -0.00176-0.000159-3.94e-05-0.000108  9.8e-06 -6.8e-05 3.84e-05-4.91e-05 4.98e-05-4.33e-05 5.02e-05-4.69e-05 4.29e-05-6.05e-05 2.08e-05-9.35e-05-2.45e-05-0.000149-7.93e-05  0.00154        0
        2|        0 -0.00521 -0.00361 -0.00341 -0.00293 -0.00257   -0.002 -0.00161 -0.00105-0.000685-0.000156 0.000163 0.000658 0.000949  0.00141  0.00166  0.00206  0.00222  0.00251  0.00256  0.00416        0
        1|        0    0.151    0.149    0.139    0.126     0.11   0.0915   0.0722    0.052   0.0316   0.0109 -0.00964  -0.0304   -0.051  -0.0714  -0.0911    -0.11   -0.126    -0.14    -0.15   -0.153        0
        0|        0        0        0        0        0        0        0        0        0        0        0        0        0        0        0        0        0        0        0        0        0        0

