t: 1.09856
nCells: 20x10, dx: 0.1, dy: 0.1

u (22x12): 
         |        0        1        2        3        4        5        6        7        8        9       10       11       12       13       14       15       16       17       18       19       20
-------------------------------------------------------------------------------------------------------------------------------------------------------------------------------------------------------------------------
       11|        0     1.93     1.89     1.87     1.86     1.85     1.84     1.84     1.84     1.84     1.84     1.84     1.84     1.84     1.84     1.84     1.84     1.85     1.87     1.91        0
       10|        0   0.0753    0.114    0.135    0.147    0.155    0.159    0.162    0.164    0.166    0.166    0.167    0.167    0.166    0.165    0.163    0.158     0.15    0.133   0.0911        0
        9|        0  -0.0288  -0.0307  -0.0269  -0.0228  -0.0195  -0.0171  -0.0154  -0.0142  -0.0135  -0.0132  -0.0132  -0.0135  -0.0141  -0.0153  -0.0171  -0.0197   -0.023   -0.026  -0.0237        0
        8|        0  -0.0147  -0.0226  -0.0251  -0.0253  -0.0246  -0.0237   -0.023  -0.0224  -0.0221   -0.022  -0.0222  -0.0226  -0.0233  -0.0244   -0.026  -0.0281  -0.0303   -0.031  -0.0247        0
        7|        0 -0.00883  -0.0155  -0.0191  -0.0208  -0.0214  -0.0216  -0.0215  -0.0214  -0.0213  -0.0213  -0.0215  -0.0218  -0.0222  -0.0227  -0.0234  -0.0239  -0.0237  -0.0213  -0.0142        0
        6|        0   -0.006  -0.0113   -0.015  -0.0172  -0.0186  -0.0193  -0.0197    -0.02  -0.0201  -0.0202  -0.0203  -0.0204  -0.0205  -0.0205  -0.0204  -0.0197  -0.0181  -0.0147  -0.0085        0
        5|        0 -0.00448 -0.00879  -0.0122  -0.0146  -0.0163  -0.0174  -0.0181  -0.0186  -0.0189  -0.0191  -0.0192  -0.0191  -0.0189  -0.0185  -0.0178  -0.0165  -0.0143  -0.0108 -0.00577        0
        4|        0  -0.0036 -0.00723  -0.0103  -0.0127  -0.0145  -0.0159  -0.0168  -0.0175  -0.0179  -0.0181  -0.0181   -0.018  -0.0176  -0.0169  -0.0158  -0.0142  -0.0118 -0.00853 -0.00436        0
        3|        0 -0.00308 -0.00626 -0.00907  -0.0114  -0.0133  -0.0147  -0.0158  -0.0165   -0.017  -0.0173  -0.0173   -0.017  -0.0165  -0.0156  -0.0144  -0.0126  -0.0102 -0.00718 -0.00358        0
        2|        0 -0.00278 -0.00568 -0.00832  -0.0106  -0.0125   -0.014  -0.0151  -0.0159  -0.0164  -0.0167  -0.0166  -0.0163  -0.0157  -0.0148  -0.0134  -0.0116 -0.00925  -0.0064 -0.00315        0
        1|        0  -0.0027 -0.00564 -0.00829  -0.0106  -0.0124  -0.0139   -0.015  -0.0158  -0.0162  -0.0163  -0.0162  -0.0158   -0.015   -0.014  -0.0125  -0.0107 -0.00842 -0.00576 -0.00279        0
        0|        0  -0.0022 -0.00458 -0.00678 -0.00873  -0.0104  -0.0118  -0.0128  -0.0136  -0.0141  -0.0143  -0.0142  -0.0139  -0.0132  -0.0123   -0.011  -0.0093 -0.00729 -0.00497 -0.00245        0

v (22x12): 
         |        0        1        2        3        4        5        6        7        8        9       10       11       12       13       14       15       16       17       18       19       20       21
-------------------------------------------------------------------------------------------------------------------------------------------------------------------------------------------------------------------------
       10|        0        0        0        0        0        0        0        0        0        0        0        0        0        0        0        0        0        0        0        0        0        0
        9|  -0.0744   0.0753   0.0391   0.0208    0.012  0.00736  0.00469  0.00307  0.00202  0.00131 0.000774 0.000322-0.000136-0.000611 -0.00124 -0.00225 -0.00413 -0.00815  -0.0177  -0.0415  -0.0911   0.0893
        8|  -0.0459   0.0465   0.0372   0.0247   0.0161   0.0106  0.00711  0.00477  0.00317  0.00201  0.00111 0.000333-0.000422 -0.00129 -0.00242 -0.00407 -0.00673  -0.0115  -0.0207  -0.0392  -0.0674   0.0656
        7|  -0.0313   0.0318   0.0293   0.0221    0.016   0.0113  0.00795  0.00551  0.00371  0.00233   0.0012 0.000194-0.000833 -0.00201 -0.00354 -0.00566 -0.00882  -0.0137  -0.0214  -0.0328  -0.0428   0.0416
        6|  -0.0226    0.023   0.0226   0.0185   0.0143   0.0107  0.00784  0.00558  0.00382  0.00239  0.00118 5.18e-05 -0.00111 -0.00244 -0.00409 -0.00629 -0.00932  -0.0135  -0.0191  -0.0257  -0.0286   0.0279
        5|  -0.0167    0.017   0.0173   0.0148    0.012  0.00938  0.00709  0.00517  0.00358  0.00225  0.00106 -5.4e-05 -0.00122 -0.00253 -0.00411 -0.00611 -0.00867  -0.0119  -0.0157  -0.0195  -0.0201   0.0196
        4|  -0.0123   0.0125    0.013   0.0115  0.00959   0.0077  0.00596  0.00443   0.0031  0.00194 0.000892-0.000124 -0.00117 -0.00234 -0.00372 -0.00537 -0.00737  -0.0097  -0.0122  -0.0144  -0.0143    0.014
        3| -0.00874  0.00889  0.00934   0.0084  0.00718  0.00588  0.00462  0.00348  0.00245  0.00153 0.000677-0.000152 -0.00101 -0.00196 -0.00304 -0.00429 -0.00574 -0.00733 -0.00893  -0.0102 -0.00995  0.00973
        2| -0.00571  0.00581  0.00616  0.00559  0.00484  0.00401  0.00318  0.00241   0.0017  0.00105 0.000444-0.000155-0.000769 -0.00144 -0.00218 -0.00303 -0.00396 -0.00495  -0.0059 -0.00664 -0.00637  0.00624
        1| -0.00298  0.00302  0.00325  0.00295  0.00256  0.00213  0.00169  0.00128 0.000892 0.000537 0.000196-0.000133-0.000474-0.000832 -0.00123 -0.00166 -0.00213 -0.00261 -0.00305 -0.00339 -0.00322  0.00316
        0|   -0.013   0.0133   0.0143   0.0135   0.0123   0.0108  0.00909  0.00725  0.00532  0.00334  0.00133 -0.00071 -0.00276 -0.00483 -0.00689  -0.0089  -0.0108  -0.0125   -0.014  -0.0149   -0.014   0.0137

p (22x12): 
         |        0        1        2        3        4        5        6        7        8        9       10       11       12       13       14       15       16       17       18       19       20       21
-------------------------------------------------------------------------------------------------------------------------------------------------------------------------------------------------------------------------
       11|    -1.11    -1.11     -1.1     -1.1     -1.1    -1.09    -1.09    -1.09    -1.09    -1.08    -1.08    -1.08    -1.08    -1.08    -1.07    -1.07    -1.07    -1.07    -1.06    -1.05    -1.04    -1.04
       10|    -1.11    -1.11     -1.1     -1.1     -1.1    -1.09    -1.09    -1.09    -1.09    -1.08    -1.08    -1.08    -1.08    -1.08    -1.07    -1.07    -1.07    -1.07    -1.06    -1.05    -1.04    -1.04
        9|     -1.1     -1.1     -1.1     -1.1     -1.1    -1.09    -1.09    -1.09    -1.09    -1.08    -1.08    -1.08    -1.08    -1.08    -1.07    -1.07    -1.07    -1.07    -1.06    -1.06    -1.05    -1.05
        8|     -1.1     -1.1     -1.1    -1.09    -1.09    -1.09    -1.09    -1.09    -1.09    -1.08    -1.08    -1.08    -1.08    -1.08    -1.07    -1.07    -1.07    -1.07    -1.06    -1.06    -1.06    -1.06
        7|    -1.09    -1.09    -1.09    -1.09    -1.09    -1.09    -1.09    -1.09    -1.09    -1.08    -1.08    -1.08    -1.08    -1.08    -1.07    -1.07    -1.07    -1.07    -1.07    -1.06    -1.06    -1.06
        6|    -1.09    -1.09    -1.09    -1.09    -1.09    -1.09    -1.09    -1.09    -1.08    -1.08    -1.08    -1.08    -1.08    -1.08    -1.07    -1.07    -1.07    -1.07    -1.07    -1.07    -1.06    -1.06
        5|    -1.09    -1.09    -1.09    -1.09    -1.09    -1.09    -1.09    -1.09    -1.08    -1.08    -1.08    -1.08    -1.08    -1.08    -1.07    -1.07    -1.07    -1.07    -1.07    -1.07    -1.07    -1.07
        4|    -1.09    -1.09    -1.09    -1.09    -1.09    -1.09    -1.09    -1.09    -1.08    -1.08    -1.08    -1.08    -1.08    -1.08    -1.07    -1.07    -1.07    -1.07    -1.07    -1.07    -1.07    -1.07
        3|    -1.09    -1.09    -1.09    -1.09    -1.09    -1.09    -1.09    -1.08    -1.08    -1.08    -1.08    -1.08    -1.08    -1.08    -1.08    -1.07    -1.07    -1.07    -1.07    -1.07    -1.07    -1.07
        2|    -1.09    -1.09    -1.09    -1.09    -1.09    -1.09    -1.09    -1.08    -1.08    -1.08    -1.08    -1.08    -1.08    -1.08    -1.08    -1.07    -1.07    -1.07    -1.07    -1.07    -1.07    -1.07
        1|    -1.09    -1.09    -1.09    -1.09    -1.09    -1.09    -1.09    -1.08    -1.08    -1.08    -1.08    -1.08    -1.08    -1.08    -1.08    -1.07    -1.07    -1.07    -1.07    -1.07    -1.07    -1.07
        0|    -1.09    -1.09    -1.09    -1.09    -1.09    -1.09    -1.08    -1.08    -1.08    -1.08    -1.08    -1.08    -1.08    -1.08    -1.08    -1.07    -1.07    -1.07    -1.07    -1.07    -1.07    -1.07

F (22x12): 
         |        0        1        2        3        4        5        6        7        8        9       10       11       12       13       14       15       16       17       18       19       20
-------------------------------------------------------------------------------------------------------------------------------------------------------------------------------------------------------------------------
       11|        0     1.93     1.89     1.87     1.86     1.85     1.84     1.84     1.84     1.84     1.84     1.84     1.84     1.84     1.84     1.84     1.84     1.85     1.87     1.91        0
       10|        0   0.0769    0.115    0.136    0.148    0.155     0.16    0.163    0.165    0.166    0.167    0.167    0.167    0.167    0.165    0.163    0.159    0.152    0.135   0.0952        0
        9|        0  -0.0284  -0.0301  -0.0262  -0.0221  -0.0189  -0.0165  -0.0148  -0.0137   -0.013  -0.0127  -0.0127  -0.0129  -0.0136  -0.0148  -0.0165   -0.019  -0.0221  -0.0247  -0.0219        0
        8|        0  -0.0145  -0.0223  -0.0247  -0.0248  -0.0241  -0.0232  -0.0225  -0.0219  -0.0216  -0.0215  -0.0217  -0.0221  -0.0228  -0.0239  -0.0254  -0.0274  -0.0295  -0.0301  -0.0239        0
        7|        0 -0.00872  -0.0153  -0.0188  -0.0204   -0.021  -0.0211   -0.021  -0.0209  -0.0209  -0.0209   -0.021  -0.0213  -0.0217  -0.0222  -0.0228  -0.0233   -0.023  -0.0208  -0.0138        0
        6|        0 -0.00592  -0.0111  -0.0147  -0.0169  -0.0182  -0.0189  -0.0193  -0.0195  -0.0197  -0.0198  -0.0199    -0.02  -0.0201  -0.0201  -0.0199  -0.0192  -0.0176  -0.0143 -0.00828        0
        5|        0 -0.00441 -0.00865  -0.0119  -0.0143   -0.016  -0.0171  -0.0178  -0.0182  -0.0185  -0.0187  -0.0187  -0.0187  -0.0185  -0.0181  -0.0174  -0.0161  -0.0139  -0.0105 -0.00563        0
        4|        0 -0.00355 -0.00711  -0.0101  -0.0125  -0.0143  -0.0155  -0.0165  -0.0171  -0.0175  -0.0177  -0.0177  -0.0176  -0.0172  -0.0165  -0.0154  -0.0138  -0.0115 -0.00832 -0.00426        0
        3|        0 -0.00303 -0.00615  -0.0089  -0.0112   -0.013  -0.0144  -0.0155  -0.0162  -0.0167  -0.0169  -0.0169  -0.0166  -0.0161  -0.0153   -0.014  -0.0123 -0.00996   -0.007 -0.00349        0
        2|        0 -0.00274 -0.00558 -0.00817  -0.0104  -0.0122  -0.0137  -0.0148  -0.0156  -0.0161  -0.0163  -0.0163   -0.016  -0.0154  -0.0144  -0.0131  -0.0113 -0.00902 -0.00624 -0.00308        0
        1|        0 -0.00266 -0.00554 -0.00814  -0.0104  -0.0122  -0.0136  -0.0147  -0.0154  -0.0158   -0.016  -0.0158  -0.0154  -0.0147  -0.0136  -0.0122  -0.0104 -0.00821 -0.00561 -0.00272        0
        0|        0        0        0        0        0        0        0        0        0        0        0        0        0        0        0        0        0        0        0        0        0

G (22x12): 
         |        0        1        2        3        4        5        6        7        8        9       10       11       12       13       14       15       16       17       18       19       20       21
-------------------------------------------------------------------------------------------------------------------------------------------------------------------------------------------------------------------------
       10|        0        0        0        0        0        0        0        0        0        0        0        0        0        0        0        0        0        0        0        0        0        0
        9|  -0.0744   0.0735   0.0385   0.0205   0.0118  0.00718  0.00457  0.00298  0.00196  0.00126  0.00074 0.000298-0.000148-0.000613 -0.00123 -0.00221 -0.00404 -0.00792  -0.0171    -0.04  -0.0874   0.0893
        8|  -0.0459   0.0454   0.0363    0.024   0.0156   0.0103  0.00688  0.00461  0.00305  0.00192  0.00105  0.00029-0.000451 -0.00131 -0.00242 -0.00406  -0.0067  -0.0114  -0.0204  -0.0385  -0.0656   0.0656
        7|  -0.0313   0.0311   0.0286   0.0216   0.0156    0.011  0.00772  0.00534  0.00358  0.00224  0.00114 0.000153-0.000855 -0.00202 -0.00351  -0.0056 -0.00871  -0.0135   -0.021  -0.0321  -0.0417   0.0416
        6|  -0.0226   0.0225   0.0221   0.0181    0.014   0.0104  0.00762  0.00542   0.0037  0.00231  0.00112 1.74e-05 -0.00112 -0.00242 -0.00405 -0.00621 -0.00917  -0.0133  -0.0187  -0.0251  -0.0278   0.0279
        5|  -0.0167   0.0166   0.0169   0.0145   0.0118  0.00916  0.00691  0.00503  0.00348  0.00217  0.00101 -8.1e-05 -0.00122  -0.0025 -0.00406 -0.00602 -0.00852  -0.0117  -0.0153   -0.019  -0.0196   0.0196
        4|  -0.0123   0.0122   0.0127   0.0112  0.00938  0.00752  0.00582  0.00431  0.00302  0.00188 0.000852-0.000143 -0.00117 -0.00232 -0.00366 -0.00528 -0.00723  -0.0095  -0.0119  -0.0141  -0.0139    0.014
        3| -0.00874  0.00869  0.00915  0.00822  0.00702  0.00575  0.00451  0.00339  0.00239  0.00149 0.000648-0.000164 -0.00101 -0.00193 -0.00299 -0.00422 -0.00563 -0.00718 -0.00873    -0.01  -0.0097  0.00973
        2| -0.00571  0.00568  0.00603  0.00547  0.00473  0.00392  0.00311  0.00235  0.00166  0.00102 0.000426-0.000161-0.000762 -0.00142 -0.00215 -0.00297 -0.00388 -0.00485 -0.00577  -0.0065 -0.00621  0.00624
        1| -0.00298  0.00301  0.00324  0.00295  0.00256  0.00213  0.00169  0.00128 0.000889 0.000534 0.000194-0.000134-0.000473 -0.00083 -0.00122 -0.00165 -0.00211 -0.00258 -0.00302 -0.00335 -0.00317  0.00316
        0|   -0.013        0        0        0        0        0        0        0        0        0        0        0        0        0        0        0        0        0        0        0        0   0.0137

rhs (22x12): 
         |        0        1        2        3        4        5        6        7        8        9       10       11       12       13       14       15       16       17       18       19       20       21
-------------------------------------------------------------------------------------------------------------------------------------------------------------------------------------------------------------------------
       11|        0        0        0        0        0        0        0        0        0        0        0        0        0        0        0        0        0        0        0        0        0        0
       10|        0     1.31  -0.0823    0.107   0.0845   0.0517   0.0344   0.0209   0.0163   0.0105   0.0108  0.00886  0.00863  0.00774   0.0138   0.0202   0.0405   0.0778    0.149    0.104    -2.99        0
        9|        0    -0.11    0.179    0.136   0.0768   0.0479   0.0275   0.0203   0.0116   0.0109   0.0062  0.00839  0.00891   0.0141   0.0169   0.0327   0.0606    0.139    0.311    0.495   0.0332        0
        8|        0  -0.0816  -0.0215  -0.0114 -0.00166 -0.00187  0.00185-0.000672  0.00221-0.000621  0.00217-0.000619  0.00255 -0.00017  0.00283 0.000287  0.00354  0.00136  0.00203  -0.0305  -0.0409        0
        7|        0  -0.0326  -0.0127 -0.00583 -0.00533-0.000589 -0.00235  0.00104 -0.00148  0.00149 -0.00127  0.00158 -0.00129  0.00138 -0.00178 0.000301 -0.00417  -0.0052  -0.0167  -0.0266  -0.0224        0
        6|        0  -0.0197 -0.00438 -0.00556 -0.00112 -0.00282 0.000689 -0.00172  0.00134 -0.00136  0.00152  -0.0013  0.00146  -0.0015  0.00103 -0.00238-0.000717 -0.00573 -0.00666  -0.0132  0.00187        0
        5|        0  -0.0113 -0.00476 -0.00115 -0.00308 0.000434 -0.00191  0.00122 -0.00142   0.0015 -0.00128  0.00155 -0.00133  0.00138 -0.00167 0.000725 -0.00284 -0.00124 -0.00582 -0.00447  0.00419        0
        4|        0  -0.0102 -0.00074 -0.00312 0.000265 -0.00209  0.00109  -0.0015  0.00148 -0.00126   0.0016 -0.00122  0.00155 -0.00136  0.00128 -0.00185 0.000457 -0.00312 -0.00128 -0.00483  0.00672        0
        3|        0 -0.00632 -0.00295 0.000186 -0.00224 0.000937 -0.00161  0.00142 -0.00127  0.00163 -0.00115  0.00166  -0.0012  0.00155 -0.00143  0.00115 -0.00206 0.000233 -0.00323-0.000844  0.00434        0
        2|        0  -0.0285  -0.0231  -0.0237  -0.0179  -0.0173   -0.011  -0.0105 -0.00466 -0.00477 0.000419-0.000405   0.0042  0.00295  0.00709  0.00528  0.00875  0.00621  0.00899  0.00605    0.015        0
        1|        0    0.136    0.139    0.136    0.124    0.115   0.0974   0.0836   0.0628   0.0463   0.0232  0.00496  -0.0202   -0.041  -0.0685  -0.0911   -0.119    -0.14   -0.164   -0.175   -0.175        0
        0|        0        0        0        0        0        0        0        0        0        0        0        0        0        0        0        0        0        0        0        0        0        0

