t: 1.20255
nCells: 20x10, dx: 0.1, dy: 0.1

u (22x12): 
         |        0        1        2        3        4        5        6        7        8        9       10       11       12       13       14       15       16       17       18       19       20
-------------------------------------------------------------------------------------------------------------------------------------------------------------------------------------------------------------------------
       11|        0  -0.0029  -0.0061 -0.00898  -0.0115  -0.0135  -0.0151  -0.0163  -0.0171  -0.0176  -0.0177  -0.0176  -0.0171  -0.0163  -0.0152  -0.0136  -0.0116 -0.00915 -0.00625 -0.00301        0
       10|        0 -0.00235 -0.00491  -0.0073 -0.00942  -0.0112  -0.0127  -0.0139  -0.0147  -0.0153  -0.0155  -0.0155  -0.0151  -0.0144  -0.0134   -0.012  -0.0101 -0.00796 -0.00543 -0.00267        0
        9|        0 -0.00201  -0.0042 -0.00626 -0.00811 -0.00971  -0.0111  -0.0121  -0.0129  -0.0134  -0.0136  -0.0135  -0.0132  -0.0125  -0.0116  -0.0103 -0.00866 -0.00674 -0.00458 -0.00222        0
        8|        0 -0.00174 -0.00364 -0.00543 -0.00705 -0.00848 -0.00967  -0.0106  -0.0113  -0.0118   -0.012  -0.0119  -0.0116  -0.0109    -0.01 -0.00888 -0.00745 -0.00578  -0.0039 -0.00188        0
        7|        0 -0.00152 -0.00318 -0.00475 -0.00619 -0.00746 -0.00854  -0.0094    -0.01  -0.0104  -0.0106  -0.0105  -0.0102 -0.00963 -0.00882 -0.00776 -0.00649 -0.00501 -0.00337 -0.00162        0
        6|        0 -0.00135 -0.00282 -0.00422  -0.0055 -0.00664 -0.00761 -0.00839 -0.00897 -0.00933 -0.00947  -0.0094 -0.00909 -0.00857 -0.00782 -0.00687 -0.00572 -0.00441 -0.00296 -0.00142        0
        5|        0 -0.00121 -0.00254  -0.0038 -0.00496 -0.00599 -0.00688 -0.00759 -0.00811 -0.00844 -0.00857 -0.00849 -0.00821 -0.00772 -0.00704 -0.00616 -0.00512 -0.00394 -0.00264 -0.00127        0
        4|        0 -0.00111 -0.00232 -0.00348 -0.00455  -0.0055 -0.00631 -0.00697 -0.00745 -0.00776 -0.00787  -0.0078 -0.00753 -0.00707 -0.00643 -0.00563 -0.00467 -0.00359  -0.0024 -0.00115        0
        3|        0 -0.00104 -0.00217 -0.00325 -0.00425 -0.00514  -0.0059 -0.00652 -0.00697 -0.00726 -0.00736 -0.00729 -0.00703  -0.0066   -0.006 -0.00524 -0.00435 -0.00333 -0.00223 -0.00107        0
        2|        0-0.000988 -0.00206 -0.00309 -0.00404 -0.00489 -0.00562 -0.00621 -0.00664 -0.00691 -0.00701 -0.00694 -0.00669 -0.00628  -0.0057 -0.00498 -0.00412 -0.00316 -0.00211 -0.00101        0
        1|        0-0.000859 -0.00181  -0.0027 -0.00354 -0.00428 -0.00492 -0.00544 -0.00582 -0.00606 -0.00615 -0.00608 -0.00587  -0.0055   -0.005 -0.00436 -0.00362 -0.00277 -0.00185-0.000883        0
        0|        0 0.000847  0.00178  0.00266  0.00348  0.00421  0.00484  0.00535  0.00572  0.00595  0.00604  0.00598  0.00577  0.00541  0.00491  0.00429  0.00355  0.00272  0.00182  0.00087        0

v (22x12): 
         |        0        1        2        3        4        5        6        7        8        9       10       11       12       13       14       15       16       17       18       19       20       21
-------------------------------------------------------------------------------------------------------------------------------------------------------------------------------------------------------------------------
       10|   -0.014   0.0142   0.0155   0.0146   0.0133   0.0117   0.0099  0.00792  0.00584  0.00369  0.00151-0.000707 -0.00294  -0.0052 -0.00745 -0.00966  -0.0118  -0.0136  -0.0152  -0.0162  -0.0152   0.0149
        9|  -0.0117   0.0119   0.0129   0.0123   0.0112  0.00992  0.00841  0.00675  0.00499  0.00315  0.00126-0.000651 -0.00258 -0.00451 -0.00641 -0.00824 -0.00995  -0.0115  -0.0127  -0.0135  -0.0125   0.0123
        8| -0.00969  0.00985   0.0107   0.0102  0.00937  0.00831  0.00707  0.00569  0.00421  0.00265  0.00105-0.000588 -0.00223 -0.00386 -0.00544 -0.00695 -0.00834 -0.00955  -0.0105  -0.0111  -0.0103   0.0101
        7| -0.00798  0.00811  0.00883  0.00841  0.00774  0.00689  0.00587  0.00474   0.0035   0.0022 0.000855-0.000513 -0.00189 -0.00324 -0.00455 -0.00579 -0.00691 -0.00787 -0.00864 -0.00912 -0.00841  0.00826
        6| -0.00647  0.00658  0.00717  0.00684   0.0063  0.00561   0.0048  0.00387  0.00287   0.0018 0.000691-0.000439 -0.00156 -0.00268 -0.00374 -0.00474 -0.00563  -0.0064   -0.007 -0.00738 -0.00679  0.00667
        5| -0.00514  0.00523   0.0057  0.00544  0.00502  0.00448  0.00383  0.00309  0.00229  0.00143 0.000544-0.000359 -0.00126 -0.00215   -0.003 -0.00378 -0.00449 -0.00508 -0.00555 -0.00584 -0.00537  0.00528
        4| -0.00394  0.00401  0.00437  0.00417  0.00386  0.00344  0.00295  0.00238  0.00176   0.0011 0.000417-0.000284-0.000979 -0.00166 -0.00231 -0.00291 -0.00345  -0.0039 -0.00425 -0.00447 -0.00411  0.00404
        3| -0.00285   0.0029  0.00316  0.00302  0.00279  0.00249  0.00213  0.00172  0.00127 0.000798 0.000298-0.000207-0.000715 -0.00121 -0.00168 -0.00211 -0.00249 -0.00282 -0.00307 -0.00322 -0.00296  0.00291
        2| -0.00182  0.00185  0.00203  0.00193  0.00179   0.0016  0.00137  0.00111  0.00082 0.000511 0.000193-0.000135-0.000458-0.000777 -0.00107 -0.00135  -0.0016 -0.00181 -0.00196 -0.00206 -0.00189  0.00186
        1|-0.000853 0.000865 0.000945 0.000905 0.000835 0.000749  0.00064  0.00052 0.000383 0.000242 8.95e-05-6.06e-05-0.000215-0.000361-0.000504-0.000631-0.000748-0.000842-0.000918-0.000962-0.000882 0.000869
        0|        0        0        0        0        0        0        0        0        0        0        0        0        0        0        0        0        0        0        0        0        0        0

p (22x12): 
         |        0        1        2        3        4        5        6        7        8        9       10       11       12       13       14       15       16       17       18       19       20       21
-------------------------------------------------------------------------------------------------------------------------------------------------------------------------------------------------------------------------
       11|    -1.43    -1.43    -1.43    -1.43    -1.43    -1.43    -1.43    -1.42    -1.42    -1.42    -1.42    -1.42    -1.42    -1.42    -1.42    -1.41    -1.41    -1.41    -1.41    -1.41    -1.41    -1.41
       10|    -1.43    -1.43    -1.43    -1.43    -1.43    -1.43    -1.43    -1.42    -1.42    -1.42    -1.42    -1.42    -1.42    -1.42    -1.42    -1.42    -1.41    -1.41    -1.41    -1.41    -1.41    -1.41
        9|    -1.43    -1.43    -1.43    -1.43    -1.43    -1.43    -1.42    -1.42    -1.42    -1.42    -1.42    -1.42    -1.42    -1.42    -1.42    -1.42    -1.42    -1.41    -1.41    -1.41    -1.41    -1.41
        8|    -1.43    -1.43    -1.43    -1.43    -1.42    -1.42    -1.42    -1.42    -1.42    -1.42    -1.42    -1.42    -1.42    -1.42    -1.42    -1.42    -1.42    -1.42    -1.41    -1.41    -1.41    -1.41
        7|    -1.43    -1.43    -1.42    -1.42    -1.42    -1.42    -1.42    -1.42    -1.42    -1.42    -1.42    -1.42    -1.42    -1.42    -1.42    -1.42    -1.42    -1.42    -1.42    -1.42    -1.41    -1.41
        6|    -1.42    -1.42    -1.42    -1.42    -1.42    -1.42    -1.42    -1.42    -1.42    -1.42    -1.42    -1.42    -1.42    -1.42    -1.42    -1.42    -1.42    -1.42    -1.42    -1.42    -1.42    -1.42
        5|    -1.42    -1.42    -1.42    -1.42    -1.42    -1.42    -1.42    -1.42    -1.42    -1.42    -1.42    -1.42    -1.42    -1.42    -1.42    -1.42    -1.42    -1.42    -1.42    -1.42    -1.42    -1.42
        4|    -1.42    -1.42    -1.42    -1.42    -1.42    -1.42    -1.42    -1.42    -1.42    -1.42    -1.42    -1.42    -1.42    -1.42    -1.42    -1.42    -1.42    -1.42    -1.42    -1.42    -1.42    -1.42
        3|    -1.42    -1.42    -1.42    -1.42    -1.42    -1.42    -1.42    -1.42    -1.42    -1.42    -1.42    -1.42    -1.42    -1.42    -1.42    -1.42    -1.42    -1.42    -1.42    -1.42    -1.42    -1.42
        2|    -1.42    -1.42    -1.42    -1.42    -1.42    -1.42    -1.42    -1.42    -1.42    -1.42    -1.42    -1.42    -1.42    -1.42    -1.42    -1.42    -1.42    -1.42    -1.42    -1.42    -1.42    -1.42
        1|    -1.42    -1.42    -1.42    -1.42    -1.42    -1.42    -1.42    -1.42    -1.42    -1.42    -1.42    -1.42    -1.42    -1.42    -1.42    -1.42    -1.42    -1.42    -1.42    -1.42    -1.42    -1.42
        0|    -1.42    -1.42    -1.42    -1.42    -1.42    -1.42    -1.42    -1.42    -1.42    -1.42    -1.42    -1.42    -1.42    -1.42    -1.42    -1.42    -1.42    -1.42    -1.42    -1.42    -1.42    -1.42

F (22x12): 
         |        0        1        2        3        4        5        6        7        8        9       10       11       12       13       14       15       16       17       18       19       20
-------------------------------------------------------------------------------------------------------------------------------------------------------------------------------------------------------------------------
       11|        0        0        0        0        0        0        0        0        0        0        0        0        0        0        0        0        0        0        0        0        0
       10|        0 -0.00231 -0.00483 -0.00717 -0.00925   -0.011  -0.0125  -0.0136  -0.0145   -0.015  -0.0152  -0.0152  -0.0148  -0.0141  -0.0131  -0.0117 -0.00993 -0.00779 -0.00531 -0.00262        0
        9|        0 -0.00198 -0.00413 -0.00615 -0.00796 -0.00954  -0.0108  -0.0119  -0.0126  -0.0131  -0.0133  -0.0133  -0.0129  -0.0123  -0.0113  -0.0101 -0.00848  -0.0066 -0.00448 -0.00218        0
        8|        0 -0.00172 -0.00357 -0.00533 -0.00692 -0.00832 -0.00949  -0.0104  -0.0111  -0.0116  -0.0117  -0.0117  -0.0113  -0.0107 -0.00984  -0.0087  -0.0073 -0.00566 -0.00382 -0.00185        0
        7|        0  -0.0015 -0.00313 -0.00467 -0.00608 -0.00732 -0.00838 -0.00922 -0.00984  -0.0102  -0.0104  -0.0103    -0.01 -0.00944 -0.00864  -0.0076 -0.00636 -0.00491  -0.0033 -0.00159        0
        6|        0 -0.00133 -0.00277 -0.00415  -0.0054 -0.00652 -0.00747 -0.00823 -0.00879 -0.00915 -0.00929 -0.00921 -0.00891  -0.0084 -0.00766 -0.00673  -0.0056 -0.00432  -0.0029  -0.0014        0
        5|        0  -0.0012  -0.0025 -0.00373 -0.00487 -0.00588 -0.00675 -0.00744 -0.00796 -0.00828  -0.0084 -0.00832 -0.00805 -0.00756 -0.00689 -0.00604 -0.00502 -0.00386 -0.00259 -0.00124        0
        4|        0  -0.0011 -0.00228 -0.00342 -0.00446  -0.0054 -0.00619 -0.00684 -0.00731 -0.00761 -0.00772 -0.00764 -0.00738 -0.00693  -0.0063 -0.00552 -0.00458 -0.00352 -0.00235 -0.00113        0
        3|        0 -0.00102 -0.00213 -0.00319 -0.00417 -0.00504 -0.00579 -0.00639 -0.00684 -0.00711 -0.00722 -0.00714 -0.00689 -0.00647 -0.00588 -0.00514 -0.00426 -0.00327 -0.00219 -0.00105        0
        2|        0-0.000972 -0.00203 -0.00304 -0.00397  -0.0048 -0.00551 -0.00609 -0.00651 -0.00678 -0.00687  -0.0068 -0.00656 -0.00615 -0.00559 -0.00488 -0.00404  -0.0031 -0.00207-0.000996        0
        1|        0-0.000843 -0.00177 -0.00265 -0.00347 -0.00419 -0.00482 -0.00532  -0.0057 -0.00593 -0.00601 -0.00595 -0.00574 -0.00538 -0.00489 -0.00426 -0.00353 -0.00271 -0.00181-0.000866        0
        0|        0 0.000847  0.00178  0.00266  0.00348  0.00421  0.00484  0.00535  0.00572  0.00595  0.00604  0.00598  0.00577  0.00541  0.00491  0.00429  0.00355  0.00272  0.00182  0.00087        0

G (22x12): 
         |        0        1        2        3        4        5        6        7        8        9       10       11       12       13       14       15       16       17       18       19       20       21
-------------------------------------------------------------------------------------------------------------------------------------------------------------------------------------------------------------------------
       10|   -0.014   0.0139   0.0152   0.0144   0.0131   0.0115  0.00968  0.00773  0.00569  0.00359  0.00145-0.000717  -0.0029  -0.0051 -0.00729 -0.00943  -0.0115  -0.0133  -0.0148  -0.0158  -0.0147   0.0149
        9|  -0.0117   0.0116   0.0127    0.012    0.011  0.00972  0.00823  0.00661  0.00487  0.00307  0.00122-0.000657 -0.00255 -0.00444  -0.0063 -0.00809 -0.00976  -0.0112  -0.0124  -0.0132  -0.0122   0.0123
        8| -0.00969  0.00964   0.0105     0.01  0.00918  0.00814  0.00692  0.00557  0.00411  0.00258  0.00101-0.000591  -0.0022 -0.00379 -0.00534 -0.00682 -0.00818 -0.00936  -0.0103  -0.0109  -0.0101   0.0101
        7| -0.00798  0.00793  0.00866  0.00825  0.00759  0.00675  0.00575  0.00463  0.00342  0.00215 0.000827-0.000514 -0.00186 -0.00319 -0.00447 -0.00568 -0.00678 -0.00772 -0.00847 -0.00894 -0.00822  0.00826
        6| -0.00647  0.00644  0.00703   0.0067  0.00618   0.0055   0.0047  0.00379   0.0028  0.00175  0.00067-0.000438 -0.00154 -0.00263 -0.00367 -0.00465 -0.00552 -0.00627 -0.00686 -0.00723 -0.00664  0.00667
        5| -0.00514  0.00512  0.00559  0.00533  0.00492  0.00439  0.00375  0.00303  0.00224   0.0014 0.000527-0.000357 -0.00125 -0.00211 -0.00294 -0.00371  -0.0044 -0.00498 -0.00544 -0.00573 -0.00526  0.00528
        4| -0.00394  0.00392  0.00429  0.00409  0.00378  0.00337  0.00289  0.00233  0.00172  0.00108 0.000405-0.000283-0.000964 -0.00163 -0.00227 -0.00286 -0.00338 -0.00383 -0.00417 -0.00438 -0.00402  0.00404
        3| -0.00285  0.00283   0.0031  0.00296  0.00273  0.00244  0.00209  0.00169  0.00125  0.00078  0.00029-0.000206-0.000703 -0.00118 -0.00165 -0.00207 -0.00245 -0.00276 -0.00301 -0.00316  -0.0029  0.00291
        2| -0.00182  0.00181  0.00199   0.0019  0.00176  0.00157  0.00134  0.00108 0.000803   0.0005 0.000188-0.000134-0.000451-0.000763 -0.00106 -0.00133 -0.00157 -0.00177 -0.00193 -0.00203 -0.00185  0.00186
        1|-0.000853 0.000849 0.000929  0.00089  0.00082 0.000735 0.000628  0.00051 0.000376 0.000237 8.72e-05-6.04e-05-0.000212-0.000355-0.000496 -0.00062-0.000735-0.000827-0.000902-0.000945-0.000865 0.000869
        0|        0        0        0        0        0        0        0        0        0        0        0        0        0        0        0        0        0        0        0        0        0        0

rhs (22x12): 
         |        0        1        2        3        4        5        6        7        8        9       10       11       12       13       14       15       16       17       18       19       20       21
-------------------------------------------------------------------------------------------------------------------------------------------------------------------------------------------------------------------------
       11|        0        0        0        0        0        0        0        0        0        0        0        0        0        0        0        0        0        0        0        0        0        0
       10|        0 -0.00688  0.00135 -0.00292-0.000587 -0.00494 -0.00224 -0.00587 -0.00222 -0.00476 5.15e-05 -0.00133  0.00494  0.00539   0.0135   0.0157   0.0252   0.0281   0.0373   0.0382   0.0429        0
        9|        0 -0.00269 -0.00216  0.00123 -0.00211  0.00134 -0.00198  0.00146 -0.00189  0.00153 -0.00185   0.0015 -0.00193  0.00141 -0.00204  0.00126 -0.00222  0.00108 -0.00239  0.00105  0.00308        0
        8|        0 -0.00449  0.00146 -0.00193   0.0015 -0.00184   0.0016 -0.00175  0.00168 -0.00169  0.00171 -0.00172  0.00165 -0.00178  0.00156 -0.00189  0.00143 -0.00203  0.00131 -0.00205  0.00521        0
        7|        0 -0.00136 -0.00178  0.00162 -0.00173   0.0017 -0.00165  0.00178 -0.00158  0.00183 -0.00155  0.00181  -0.0016  0.00176 -0.00167  0.00167 -0.00177  0.00157 -0.00187  0.00154  0.00231        0
        6|        0 -0.00346  0.00173 -0.00166  0.00177 -0.00159  0.00184 -0.00151  0.00191 -0.00146  0.00194 -0.00148   0.0019 -0.00152  0.00184  -0.0016  0.00175 -0.00169  0.00167 -0.00172  0.00457        0
        5|        0-0.000574 -0.00159  0.00182 -0.00155  0.00188 -0.00147  0.00195 -0.00141    0.002 -0.00138    0.002 -0.00141  0.00196 -0.00147  0.00189 -0.00155   0.0018 -0.00162  0.00177  0.00179        0
        4|        0 -0.00287  0.00186 -0.00152   0.0019 -0.00146  0.00197 -0.00139  0.00203 -0.00134  0.00206 -0.00134  0.00204 -0.00138  0.00199 -0.00145  0.00191 -0.00152  0.00184 -0.00156  0.00417        0
        3|        0-0.000142  -0.0015  0.00191 -0.00146  0.00197 -0.00139  0.00204 -0.00133  0.00209  -0.0013  0.00209 -0.00132  0.00206 -0.00137  0.00199 -0.00144  0.00192 -0.00151  0.00188  0.00149        0
        2|        0 -0.00257  0.00193 -0.00146  0.00197  -0.0014  0.00203 -0.00134  0.00208  -0.0013  0.00211 -0.00129   0.0021 -0.00132  0.00205 -0.00138  0.00198 -0.00145  0.00192 -0.00149  0.00396        0
        1|        0  0.00199   0.0013  0.00378  0.00111  0.00351 0.000773  0.00311  0.00031  0.00259-0.000246    0.002-0.000861  0.00138 -0.00147 0.000792 -0.00202 0.000314 -0.00241 4.46e-05  0.00028        0
        0|        0        0        0        0        0        0        0        0        0        0        0        0        0        0        0        0        0        0        0        0        0        0

