t: 1.41101
nCells: 20x10, dx: 0.1, dy: 0.1

u (22x12): 
         |        0        1        2        3        4        5        6        7        8        9       10       11       12       13       14       15       16       17       18       19       20
-------------------------------------------------------------------------------------------------------------------------------------------------------------------------------------------------------------------------
       11|        0 -0.00326 -0.00696  -0.0103  -0.0132  -0.0156  -0.0174  -0.0188  -0.0198  -0.0203  -0.0205  -0.0203  -0.0198  -0.0189  -0.0175  -0.0157  -0.0134  -0.0106  -0.0072 -0.00344        0
       10|        0  -0.0026 -0.00552 -0.00826  -0.0107  -0.0128  -0.0145  -0.0159  -0.0169  -0.0176  -0.0179  -0.0179  -0.0175  -0.0167  -0.0156  -0.0139  -0.0118 -0.00929 -0.00633 -0.00311        0
        9|        0 -0.00224 -0.00474 -0.00709 -0.00922  -0.0111  -0.0126  -0.0139  -0.0148  -0.0154  -0.0157  -0.0157  -0.0153  -0.0145  -0.0134   -0.012  -0.0101 -0.00786 -0.00533 -0.00257        0
        8|        0 -0.00195 -0.00411 -0.00616 -0.00803 -0.00968  -0.0111  -0.0122   -0.013  -0.0136  -0.0138  -0.0138  -0.0134  -0.0127  -0.0117  -0.0103 -0.00866 -0.00672 -0.00452 -0.00217        0
        7|        0 -0.00171 -0.00361 -0.00541 -0.00707 -0.00853 -0.00978  -0.0108  -0.0115   -0.012  -0.0122  -0.0122  -0.0118  -0.0112  -0.0102 -0.00901 -0.00753 -0.00581  -0.0039 -0.00186        0
        6|        0 -0.00152  -0.0032 -0.00481 -0.00629 -0.00761 -0.00873 -0.00964  -0.0103  -0.0107  -0.0109  -0.0109  -0.0105 -0.00991 -0.00906 -0.00796 -0.00663  -0.0051 -0.00341 -0.00163        0
        5|        0 -0.00137 -0.00289 -0.00434 -0.00568 -0.00687 -0.00789 -0.00872 -0.00934 -0.00972 -0.00989  -0.0098 -0.00949 -0.00893 -0.00814 -0.00713 -0.00593 -0.00455 -0.00304 -0.00144        0
        4|        0 -0.00125 -0.00264 -0.00398 -0.00521 -0.00631 -0.00725 -0.00801 -0.00858 -0.00894 -0.00908   -0.009 -0.00869 -0.00817 -0.00744 -0.00651  -0.0054 -0.00414 -0.00276 -0.00131        0
        3|        0 -0.00117 -0.00247 -0.00372 -0.00487  -0.0059 -0.00678  -0.0075 -0.00803 -0.00836  -0.0085 -0.00841 -0.00812 -0.00763 -0.00694 -0.00606 -0.00502 -0.00385 -0.00257 -0.00122        0
        2|        0 -0.00111 -0.00235 -0.00354 -0.00463 -0.00561 -0.00645 -0.00713 -0.00764 -0.00796 -0.00808   -0.008 -0.00772 -0.00724 -0.00658 -0.00575 -0.00476 -0.00364 -0.00243 -0.00115        0
        1|        0-0.000948 -0.00202 -0.00303 -0.00398 -0.00482 -0.00555 -0.00614 -0.00658 -0.00685 -0.00696 -0.00689 -0.00665 -0.00624 -0.00567 -0.00495  -0.0041 -0.00313 -0.00209-0.000985        0
        0|        0 0.000938  0.00199  0.00299  0.00393  0.00476  0.00548  0.00605  0.00649  0.00675  0.00686  0.00679  0.00656  0.00615  0.00559  0.00487  0.00404  0.00309  0.00206 0.000973        0

v (22x12): 
         |        0        1        2        3        4        5        6        7        8        9       10       11       12       13       14       15       16       17       18       19       20       21
-------------------------------------------------------------------------------------------------------------------------------------------------------------------------------------------------------------------------
       10|  -0.0157   0.0159   0.0177   0.0168   0.0154   0.0136   0.0115  0.00924  0.00688  0.00442  0.00191 -0.00065 -0.00325 -0.00588 -0.00852  -0.0111  -0.0136  -0.0158  -0.0177  -0.0189  -0.0174   0.0171
        9|  -0.0131   0.0133   0.0148   0.0141   0.0129   0.0115  0.00975  0.00787  0.00586  0.00376  0.00159-0.000624 -0.00287 -0.00511 -0.00734 -0.00949  -0.0115  -0.0133  -0.0148  -0.0157  -0.0143   0.0141
        8|  -0.0109   0.0111   0.0123   0.0117   0.0108  0.00959  0.00819  0.00662  0.00493  0.00315  0.00131-0.000585 -0.00249 -0.00438 -0.00624 -0.00801 -0.00964  -0.0111  -0.0122  -0.0129  -0.0117   0.0116
        7| -0.00899  0.00911   0.0101  0.00966  0.00891  0.00794  0.00679  0.00551   0.0041  0.00261  0.00106-0.000522 -0.00212 -0.00369 -0.00522 -0.00667 -0.00799 -0.00912    -0.01  -0.0106 -0.00958  0.00944
        6| -0.00729  0.00739  0.00821  0.00785  0.00725  0.00647  0.00555  0.00449  0.00335  0.00212  0.00085-0.000455 -0.00176 -0.00305 -0.00429 -0.00546  -0.0065 -0.00741 -0.00811 -0.00855 -0.00772  0.00761
        5|  -0.0058  0.00587  0.00652  0.00624  0.00577  0.00516  0.00442  0.00359  0.00267  0.00169 0.000664-0.000376 -0.00143 -0.00245 -0.00344 -0.00435 -0.00518 -0.00588 -0.00643 -0.00676  -0.0061  0.00601
        4| -0.00444   0.0045  0.00501  0.00479  0.00443  0.00396   0.0034  0.00276  0.00205  0.00129 0.000507-0.000301  -0.0011  -0.0019 -0.00265 -0.00335 -0.00397 -0.00451 -0.00491 -0.00516 -0.00465  0.00459
        3|  -0.0032  0.00325  0.00361  0.00346   0.0032  0.00286  0.00245  0.00199  0.00148 0.000935 0.000361-0.000219-0.000806 -0.00137 -0.00192 -0.00242 -0.00287 -0.00325 -0.00354 -0.00371 -0.00335   0.0033
        2| -0.00204  0.00207  0.00231  0.00221  0.00205  0.00183  0.00157  0.00127  0.00095 0.000596 0.000233-0.000144-0.000514-0.000882 -0.00123 -0.00155 -0.00183 -0.00207 -0.00226 -0.00237 -0.00213   0.0021
        1|-0.000946 0.000956  0.00107  0.00102 0.000946  0.00085 0.000727 0.000594 0.000439  0.00028 0.000107-6.27e-05-0.000239-0.000405 -0.00057-0.000715 -0.00085-0.000957 -0.00105 -0.00109-0.000984 0.000972
        0|        0        0        0        0        0        0        0        0        0        0        0        0        0        0        0        0        0        0        0        0        0        0

p (22x12): 
         |        0        1        2        3        4        5        6        7        8        9       10       11       12       13       14       15       16       17       18       19       20       21
-------------------------------------------------------------------------------------------------------------------------------------------------------------------------------------------------------------------------
       11|     -2.3     -2.3     -2.3     -2.3     -2.3     -2.3    -2.29    -2.29    -2.29    -2.29    -2.29    -2.29    -2.29    -2.29    -2.28    -2.28    -2.28    -2.28    -2.28    -2.28    -2.28    -2.28
       10|     -2.3     -2.3     -2.3     -2.3    -2.29    -2.29    -2.29    -2.29    -2.29    -2.29    -2.29    -2.29    -2.29    -2.29    -2.29    -2.28    -2.28    -2.28    -2.28    -2.28    -2.28    -2.28
        9|    -2.29    -2.29    -2.29    -2.29    -2.29    -2.29    -2.29    -2.29    -2.29    -2.29    -2.29    -2.29    -2.29    -2.29    -2.29    -2.28    -2.28    -2.28    -2.28    -2.28    -2.28    -2.28
        8|    -2.29    -2.29    -2.29    -2.29    -2.29    -2.29    -2.29    -2.29    -2.29    -2.29    -2.29    -2.29    -2.29    -2.29    -2.29    -2.29    -2.28    -2.28    -2.28    -2.28    -2.28    -2.28
        7|    -2.29    -2.29    -2.29    -2.29    -2.29    -2.29    -2.29    -2.29    -2.29    -2.29    -2.29    -2.29    -2.29    -2.29    -2.29    -2.29    -2.28    -2.28    -2.28    -2.28    -2.28    -2.28
        6|    -2.29    -2.29    -2.29    -2.29    -2.29    -2.29    -2.29    -2.29    -2.29    -2.29    -2.29    -2.29    -2.29    -2.29    -2.29    -2.29    -2.29    -2.28    -2.28    -2.28    -2.28    -2.28
        5|    -2.29    -2.29    -2.29    -2.29    -2.29    -2.29    -2.29    -2.29    -2.29    -2.29    -2.29    -2.29    -2.29    -2.29    -2.29    -2.29    -2.29    -2.29    -2.29    -2.28    -2.28    -2.28
        4|    -2.29    -2.29    -2.29    -2.29    -2.29    -2.29    -2.29    -2.29    -2.29    -2.29    -2.29    -2.29    -2.29    -2.29    -2.29    -2.29    -2.29    -2.29    -2.29    -2.29    -2.29    -2.29
        3|    -2.29    -2.29    -2.29    -2.29    -2.29    -2.29    -2.29    -2.29    -2.29    -2.29    -2.29    -2.29    -2.29    -2.29    -2.29    -2.29    -2.29    -2.29    -2.29    -2.29    -2.29    -2.29
        2|    -2.29    -2.29    -2.29    -2.29    -2.29    -2.29    -2.29    -2.29    -2.29    -2.29    -2.29    -2.29    -2.29    -2.29    -2.29    -2.29    -2.29    -2.29    -2.29    -2.29    -2.29    -2.29
        1|    -2.29    -2.29    -2.29    -2.29    -2.29    -2.29    -2.29    -2.29    -2.29    -2.29    -2.29    -2.29    -2.29    -2.29    -2.29    -2.29    -2.29    -2.29    -2.29    -2.29    -2.29    -2.29
        0|    -2.29    -2.29    -2.29    -2.29    -2.29    -2.29    -2.29    -2.29    -2.29    -2.29    -2.29    -2.29    -2.29    -2.29    -2.29    -2.29    -2.29    -2.29    -2.29    -2.29    -2.29    -2.29

F (22x12): 
         |        0        1        2        3        4        5        6        7        8        9       10       11       12       13       14       15       16       17       18       19       20
-------------------------------------------------------------------------------------------------------------------------------------------------------------------------------------------------------------------------
       11|        0        0        0        0        0        0        0        0        0        0        0        0        0        0        0        0        0        0        0        0        0
       10|        0 -0.00257 -0.00545 -0.00815  -0.0105  -0.0126  -0.0143  -0.0157  -0.0167  -0.0173  -0.0176  -0.0176  -0.0172  -0.0164  -0.0153  -0.0137  -0.0116 -0.00912 -0.00621 -0.00306        0
        9|        0 -0.00222 -0.00468 -0.00699 -0.00909  -0.0109  -0.0125  -0.0137  -0.0146  -0.0152  -0.0154  -0.0154   -0.015  -0.0143  -0.0132  -0.0117 -0.00991 -0.00772 -0.00523 -0.00253        0
        8|        0 -0.00193 -0.00405 -0.00608 -0.00791 -0.00954  -0.0109   -0.012  -0.0128  -0.0134  -0.0136  -0.0135  -0.0132  -0.0125  -0.0115  -0.0101 -0.00851  -0.0066 -0.00444 -0.00213        0
        7|        0 -0.00169 -0.00356 -0.00533 -0.00696  -0.0084 -0.00963  -0.0106  -0.0114  -0.0118   -0.012   -0.012  -0.0116   -0.011    -0.01 -0.00885  -0.0074 -0.00571 -0.00383 -0.00183        0
        6|        0  -0.0015 -0.00316 -0.00474 -0.00619 -0.00749 -0.00859 -0.00949  -0.0101  -0.0106  -0.0107  -0.0107  -0.0103 -0.00975  -0.0089 -0.00782 -0.00651 -0.00502 -0.00336  -0.0016        0
        5|        0 -0.00135 -0.00285 -0.00427 -0.00559 -0.00676 -0.00777 -0.00858 -0.00919 -0.00957 -0.00972 -0.00964 -0.00933 -0.00878   -0.008 -0.00701 -0.00583 -0.00448 -0.00299 -0.00142        0
        4|        0 -0.00124 -0.00261 -0.00392 -0.00513 -0.00621 -0.00713 -0.00789 -0.00844 -0.00879 -0.00893 -0.00885 -0.00855 -0.00804 -0.00731  -0.0064 -0.00531 -0.00407 -0.00272 -0.00129        0
        3|        0 -0.00115 -0.00244 -0.00366  -0.0048 -0.00581 -0.00668 -0.00738  -0.0079 -0.00823 -0.00836 -0.00827 -0.00799  -0.0075 -0.00682 -0.00596 -0.00494 -0.00378 -0.00253  -0.0012        0
        2|        0  -0.0011 -0.00231 -0.00348 -0.00456 -0.00552 -0.00635 -0.00702 -0.00751 -0.00783 -0.00794 -0.00787 -0.00759 -0.00712 -0.00647 -0.00565 -0.00468 -0.00358 -0.00239 -0.00114        0
        1|        0-0.000934 -0.00198 -0.00298 -0.00391 -0.00474 -0.00545 -0.00602 -0.00646 -0.00672 -0.00683 -0.00676 -0.00652 -0.00612 -0.00556 -0.00485 -0.00402 -0.00307 -0.00205-0.000969        0
        0|        0 0.000938  0.00199  0.00299  0.00393  0.00476  0.00548  0.00605  0.00649  0.00675  0.00686  0.00679  0.00656  0.00615  0.00559  0.00487  0.00404  0.00309  0.00206 0.000973        0

G (22x12): 
         |        0        1        2        3        4        5        6        7        8        9       10       11       12       13       14       15       16       17       18       19       20       21
-------------------------------------------------------------------------------------------------------------------------------------------------------------------------------------------------------------------------
       10|  -0.0157   0.0156   0.0174   0.0165   0.0151   0.0133   0.0113  0.00906  0.00673  0.00431  0.00184-0.000672 -0.00322 -0.00579 -0.00836  -0.0109  -0.0133  -0.0155  -0.0173  -0.0184   -0.017   0.0171
        9|  -0.0131   0.0131   0.0145   0.0138   0.0127   0.0113  0.00958  0.00772  0.00574  0.00367  0.00153 -0.00064 -0.00285 -0.00505 -0.00724 -0.00935  -0.0113  -0.0131  -0.0145  -0.0154   -0.014   0.0141
        8|  -0.0109   0.0109   0.0121   0.0115   0.0106  0.00943  0.00805   0.0065  0.00484  0.00308  0.00126-0.000595 -0.00246 -0.00433 -0.00615 -0.00789 -0.00949  -0.0109   -0.012  -0.0127  -0.0115   0.0116
        7| -0.00899  0.00894  0.00994   0.0095  0.00876  0.00781  0.00668   0.0054  0.00402  0.00255  0.00103-0.000528  -0.0021 -0.00364 -0.00515 -0.00656 -0.00786 -0.00897 -0.00986  -0.0104  -0.0094  0.00944
        6| -0.00729  0.00726  0.00808  0.00772  0.00713  0.00636  0.00545  0.00441  0.00328  0.00208 0.000826-0.000458 -0.00174 -0.00301 -0.00423 -0.00537  -0.0064 -0.00729 -0.00798  -0.0084 -0.00757  0.00761
        5|  -0.0058  0.00577  0.00642  0.00614  0.00567  0.00507  0.00435  0.00352  0.00262  0.00165 0.000646-0.000378 -0.00141 -0.00242 -0.00339 -0.00429  -0.0051 -0.00578 -0.00632 -0.00664 -0.00599  0.00601
        4| -0.00444  0.00442  0.00493  0.00471  0.00436   0.0039  0.00334  0.00271  0.00201  0.00127 0.000494-0.000302 -0.00109 -0.00187 -0.00261  -0.0033 -0.00391 -0.00443 -0.00483 -0.00508 -0.00457  0.00459
        3|  -0.0032  0.00319  0.00355   0.0034  0.00315  0.00282  0.00241  0.00196  0.00145 0.000917 0.000352 -0.00022-0.000796 -0.00135 -0.00189 -0.00238 -0.00283 -0.00319 -0.00348 -0.00365 -0.00329   0.0033
        2| -0.00204  0.00203  0.00227  0.00217  0.00201   0.0018  0.00155  0.00125 0.000933 0.000585 0.000227-0.000144-0.000508-0.000871 -0.00121 -0.00153  -0.0018 -0.00204 -0.00222 -0.00233 -0.00209   0.0021
        1|-0.000946 0.000941  0.00105  0.00101 0.000933 0.000838 0.000717 0.000585 0.000432 0.000275 0.000105 -6.3e-05-0.000237  -0.0004-0.000562-0.000705-0.000838-0.000944 -0.00103 -0.00108-0.000968 0.000972
        0|        0        0        0        0        0        0        0        0        0        0        0        0        0        0        0        0        0        0        0        0        0        0

rhs (22x12): 
         |        0        1        2        3        4        5        6        7        8        9       10       11       12       13       14       15       16       17       18       19       20       21
-------------------------------------------------------------------------------------------------------------------------------------------------------------------------------------------------------------------------
       11|        0        0        0        0        0        0        0        0        0        0        0        0        0        0        0        0        0        0        0        0        0        0
       10|        0 -0.00612  0.00443 -0.00146  0.00158  -0.0046 -0.00121 -0.00653 -0.00194 -0.00586 0.000247 -0.00211  0.00596  0.00609   0.0167   0.0193    0.032   0.0358   0.0481   0.0491   0.0536        0
        9|        0 -0.00259 -0.00289  0.00173 -0.00284  0.00187 -0.00268  0.00202 -0.00256  0.00211 -0.00251  0.00206 -0.00263  0.00193 -0.00279  0.00172 -0.00303  0.00146 -0.00327  0.00144  0.00333        0
        8|        0 -0.00523  0.00204  -0.0026  0.00208 -0.00249   0.0022 -0.00237   0.0023  -0.0023  0.00235 -0.00234  0.00226 -0.00243  0.00213 -0.00258  0.00195 -0.00277  0.00178  -0.0028  0.00635        0
        7|        0 -0.00109  -0.0024  0.00224 -0.00235  0.00234 -0.00224  0.00244 -0.00215  0.00251 -0.00211  0.00249 -0.00218  0.00241 -0.00228  0.00229 -0.00242  0.00214 -0.00256  0.00212  0.00249        0
        6|        0 -0.00406  0.00239 -0.00225  0.00243 -0.00216  0.00253 -0.00206  0.00261 -0.00199  0.00265 -0.00201   0.0026 -0.00207  0.00252 -0.00218  0.00239  -0.0023  0.00228 -0.00234  0.00566        0
        5|        0-0.000188 -0.00216   0.0025  -0.0021  0.00258 -0.00201  0.00267 -0.00193  0.00274 -0.00189  0.00273 -0.00193  0.00268   -0.002  0.00258 -0.00212  0.00247 -0.00222  0.00243  0.00192        0
        4|        0 -0.00339  0.00256 -0.00207  0.00261 -0.00199   0.0027  -0.0019  0.00278 -0.00183  0.00282 -0.00183  0.00279 -0.00188  0.00272 -0.00197  0.00261 -0.00208  0.00252 -0.00213  0.00521        0
        3|        0 0.000306 -0.00205  0.00262 -0.00199   0.0027  -0.0019  0.00279 -0.00181  0.00285 -0.00177  0.00286  -0.0018  0.00281 -0.00187  0.00272 -0.00197  0.00262 -0.00206  0.00258  0.00158        0
        2|        0 -0.00303  0.00265 -0.00199  0.00269 -0.00192  0.00277 -0.00183  0.00284 -0.00178  0.00288 -0.00176  0.00287 -0.00181   0.0028 -0.00189  0.00271 -0.00198  0.00263 -0.00203  0.00497        0
        1|        0  0.00275  0.00135  0.00476  0.00115  0.00447 0.000777  0.00402 0.000262  0.00344-0.000366  0.00277 -0.00107  0.00206 -0.00178  0.00137 -0.00242  0.00081 -0.00288 0.000501   0.0004        0
        0|        0        0        0        0        0        0        0        0        0        0        0        0        0        0        0        0        0        0        0        0        0        0

