t: 0.251366
nCells: 20x10, dx: 0.1, dy: 0.1

u (22x12): 
         |        0        1        2        3        4        5        6        7        8        9       10       11       12       13       14       15       16       17       18       19       20
-------------------------------------------------------------------------------------------------------------------------------------------------------------------------------------------------------------------------
       11|        0-0.000683 -0.00135 -0.00195 -0.00247 -0.00289 -0.00321 -0.00346 -0.00362 -0.00372 -0.00375 -0.00372 -0.00362 -0.00346 -0.00322 -0.00289 -0.00247 -0.00196 -0.00136-0.000684        0
       10|        0-0.000572 -0.00113 -0.00165 -0.00209 -0.00247 -0.00277   -0.003 -0.00316 -0.00326 -0.00329 -0.00326 -0.00316 -0.00301 -0.00278 -0.00248  -0.0021 -0.00165 -0.00114-0.000574        0
        9|        0-0.000485-0.000963  -0.0014  -0.0018 -0.00213 -0.00241 -0.00262 -0.00277 -0.00285 -0.00288 -0.00286 -0.00277 -0.00262 -0.00241 -0.00214  -0.0018 -0.00141-0.000965-0.000487        0
        8|        0-0.000417-0.000828 -0.00121 -0.00156 -0.00185  -0.0021 -0.00229 -0.00243 -0.00251 -0.00254 -0.00251 -0.00243  -0.0023  -0.0021 -0.00186 -0.00156 -0.00121 -0.00083-0.000418        0
        7|        0-0.000362-0.000721 -0.00106 -0.00136 -0.00163 -0.00185 -0.00202 -0.00215 -0.00223 -0.00225 -0.00223 -0.00215 -0.00203 -0.00185 -0.00163 -0.00136 -0.00106-0.000723-0.000363        0
        6|        0 -0.00032-0.000637-0.000935 -0.00121 -0.00145 -0.00165 -0.00181 -0.00192 -0.00199 -0.00201 -0.00199 -0.00192 -0.00181 -0.00165 -0.00145 -0.00121-0.000936-0.000638 -0.00032        0
        5|        0-0.000286-0.000571-0.000839 -0.00108  -0.0013 -0.00148 -0.00163 -0.00174  -0.0018 -0.00182  -0.0018 -0.00174 -0.00163 -0.00149  -0.0013 -0.00109 -0.00084-0.000572-0.000287        0
        4|        0-0.000261-0.000521-0.000766-0.000992 -0.00119 -0.00136  -0.0015 -0.00159 -0.00165 -0.00167 -0.00165 -0.00159  -0.0015 -0.00136 -0.00119-0.000993-0.000767-0.000521-0.000262        0
        3|        0-0.000243-0.000485-0.000714-0.000924 -0.00111 -0.00127  -0.0014 -0.00149 -0.00155 -0.00156 -0.00155 -0.00149  -0.0014 -0.00127 -0.00111-0.000925-0.000714-0.000485-0.000243        0
        2|        0-0.000231-0.000461 -0.00068 -0.00088 -0.00106 -0.00121 -0.00133 -0.00142 -0.00148 -0.00149 -0.00148 -0.00142 -0.00133 -0.00121 -0.00106-0.000881 -0.00068-0.000462-0.000232        0
        1|        0-0.000221-0.000441-0.000649-0.000841 -0.00101 -0.00116 -0.00127 -0.00136 -0.00141 -0.00143 -0.00141 -0.00136 -0.00127 -0.00116 -0.00101-0.000842 -0.00065-0.000441-0.000221        0
        0|        0 0.000198 0.000395 0.000581 0.000753 0.000905  0.00104  0.00114  0.00122  0.00126  0.00128  0.00126  0.00122  0.00114  0.00104 0.000906 0.000753 0.000582 0.000395 0.000198        0

v (22x12): 
         |        0        1        2        3        4        5        6        7        8        9       10       11       12       13       14       15       16       17       18       19       20       21
-------------------------------------------------------------------------------------------------------------------------------------------------------------------------------------------------------------------------
       10| -0.00304   0.0034  0.00336  0.00314  0.00284  0.00247  0.00205  0.00161  0.00116 0.000699 0.000235-0.000229-0.000692 -0.00115 -0.00161 -0.00205 -0.00247 -0.00284 -0.00315 -0.00337 -0.00341  0.00305
        9| -0.00253  0.00283   0.0028  0.00263  0.00239  0.00209  0.00175  0.00138 0.000999 0.000604 0.000204-0.000199  -0.0006-0.000995 -0.00138 -0.00175 -0.00209 -0.00239 -0.00263  -0.0028 -0.00283  0.00253
        8|  -0.0021  0.00234  0.00232  0.00219    0.002  0.00176  0.00148  0.00117  0.00085 0.000515 0.000174 -0.00017-0.000511-0.000847 -0.00117 -0.00148 -0.00175   -0.002 -0.00219 -0.00233 -0.00235   0.0021
        7| -0.00172  0.00193  0.00191   0.0018  0.00165  0.00146  0.00123 0.000981 0.000712 0.000432 0.000146-0.000143 -0.00043 -0.00071-0.000979 -0.00123 -0.00146 -0.00165 -0.00181 -0.00191 -0.00193  0.00172
        6|  -0.0014  0.00156  0.00155  0.00147  0.00135  0.00119  0.00101 0.000805 0.000586 0.000356  0.00012-0.000118-0.000354-0.000585-0.000804 -0.00101 -0.00119 -0.00135 -0.00147 -0.00155 -0.00156   0.0014
        5| -0.00111  0.00124  0.00124  0.00117  0.00107 0.000952 0.000808 0.000646 0.000471 0.000287 9.67e-05 -9.5e-05-0.000285 -0.00047-0.000645-0.000807-0.000952 -0.00107 -0.00117 -0.00124 -0.00124  0.00111
        4|-0.000856 0.000957 0.000952 0.000902 0.000829 0.000735 0.000625   0.0005 0.000365 0.000222 7.51e-05-7.38e-05-0.000221-0.000364  -0.0005-0.000625-0.000735-0.000829-0.000902-0.000952-0.000957 0.000856
        3|-0.000622 0.000695 0.000692 0.000656 0.000603 0.000536 0.000456 0.000365 0.000267 0.000163 5.48e-05 -5.4e-05-0.000162-0.000266-0.000365-0.000456-0.000536-0.000603-0.000656-0.000692-0.000696 0.000623
        2|-0.000405 0.000452  0.00045 0.000427 0.000393 0.000349 0.000297 0.000238 0.000174 0.000106 3.58e-05-3.53e-05-0.000106-0.000174-0.000238-0.000297-0.000349-0.000393-0.000427 -0.00045-0.000452 0.000405
        1|-0.000198 0.000221  0.00022 0.000209 0.000192 0.000171 0.000145 0.000117 8.52e-05  5.2e-05 1.75e-05-1.72e-05-5.17e-05 -8.5e-05-0.000116-0.000145-0.000171-0.000192-0.000209 -0.00022-0.000221 0.000198
        0|        0        0        0        0        0        0        0        0        0        0        0        0        0        0        0        0        0        0        0        0        0        0

p (22x12): 
         |        0        1        2        3        4        5        6        7        8        9       10       11       12       13       14       15       16       17       18       19       20       21
-------------------------------------------------------------------------------------------------------------------------------------------------------------------------------------------------------------------------
       11|  -0.0169  -0.0169  -0.0166  -0.0161  -0.0152  -0.0142   -0.013  -0.0116  -0.0101 -0.00856 -0.00696 -0.00536 -0.00376 -0.00221-0.000724 0.000656  0.00189  0.00295  0.00379  0.00437  0.00466  0.00466
       10|  -0.0154  -0.0154  -0.0152  -0.0147   -0.014  -0.0131  -0.0121  -0.0109  -0.0096 -0.00825 -0.00686 -0.00545 -0.00406 -0.00271 -0.00143-0.000239 0.000817  0.00171  0.00241   0.0029  0.00314  0.00314
        9|  -0.0142  -0.0142   -0.014  -0.0136   -0.013  -0.0122  -0.0113  -0.0103 -0.00916 -0.00799 -0.00677 -0.00554 -0.00432 -0.00313 -0.00201-0.000986-7.55e-05 0.000692  0.00129   0.0017   0.0019   0.0019
        8|  -0.0132  -0.0132   -0.013  -0.0126  -0.0121  -0.0115  -0.0107 -0.00978  -0.0088 -0.00776 -0.00669 -0.00561 -0.00453 -0.00349 -0.00251 -0.00162-0.000825-0.000161 0.000355 0.000707 0.000882 0.000882
        7|  -0.0123  -0.0123  -0.0122  -0.0119  -0.0114  -0.0108  -0.0101 -0.00936 -0.00849 -0.00758 -0.00663 -0.00567 -0.00471  -0.0038 -0.00293 -0.00214 -0.00145-0.000865-0.000415-0.000109 4.31e-05 4.31e-05
        6|  -0.0116  -0.0116  -0.0115  -0.0112  -0.0108  -0.0103 -0.00971 -0.00901 -0.00824 -0.00742 -0.00657 -0.00571 -0.00487 -0.00405 -0.00327 -0.00257 -0.00195 -0.00144 -0.00104-0.000772-0.000638-0.000638
        5|  -0.0111  -0.0111   -0.011  -0.0107  -0.0104 -0.00992 -0.00937 -0.00873 -0.00804  -0.0073 -0.00653 -0.00575 -0.00499 -0.00424 -0.00355 -0.00292 -0.00236  -0.0019 -0.00154  -0.0013 -0.00118 -0.00118
        4|  -0.0107  -0.0107  -0.0106  -0.0104    -0.01 -0.00961  -0.0091 -0.00852 -0.00788  -0.0072  -0.0065 -0.00579 -0.00508  -0.0044 -0.00376 -0.00318 -0.00267 -0.00225 -0.00192  -0.0017 -0.00159 -0.00159
        3|  -0.0104  -0.0104  -0.0103  -0.0101 -0.00977 -0.00938  -0.0089 -0.00836 -0.00777 -0.00713 -0.00648 -0.00581 -0.00515 -0.00451 -0.00392 -0.00337  -0.0029 -0.00251  -0.0022   -0.002  -0.0019  -0.0019
        2|  -0.0102  -0.0102  -0.0101 -0.00989  -0.0096 -0.00923 -0.00878 -0.00826 -0.00769 -0.00709 -0.00646 -0.00582 -0.00519 -0.00459 -0.00402  -0.0035 -0.00305 -0.00267 -0.00238 -0.00219 -0.00209 -0.00209
        1|  -0.0101  -0.0101 -0.00999  -0.0098 -0.00952 -0.00916 -0.00872 -0.00821 -0.00766 -0.00707 -0.00645 -0.00583 -0.00521 -0.00462 -0.00407 -0.00356 -0.00312 -0.00275 -0.00247 -0.00228 -0.00219 -0.00219
        0|  -0.0101  -0.0101 -0.00999  -0.0098 -0.00952 -0.00916 -0.00872 -0.00821 -0.00766 -0.00707 -0.00645 -0.00583 -0.00521 -0.00462 -0.00407 -0.00356 -0.00312 -0.00275 -0.00247 -0.00228 -0.00219 -0.00219

F (22x12): 
         |        0        1        2        3        4        5        6        7        8        9       10       11       12       13       14       15       16       17       18       19       20
-------------------------------------------------------------------------------------------------------------------------------------------------------------------------------------------------------------------------
       11|        0        0        0        0        0        0        0        0        0        0        0        0        0        0        0        0        0        0        0        0        0
       10|        0-0.000512 -0.00101 -0.00147 -0.00187 -0.00221 -0.00247 -0.00268 -0.00282  -0.0029 -0.00293 -0.00291 -0.00282 -0.00268 -0.00248 -0.00221 -0.00187 -0.00147 -0.00102-0.000514        0
        9|        0-0.000434 -0.00086 -0.00125  -0.0016  -0.0019 -0.00215 -0.00233 -0.00247 -0.00255 -0.00257 -0.00255 -0.00247 -0.00234 -0.00215 -0.00191 -0.00161 -0.00126-0.000862-0.000435        0
        8|        0-0.000373 -0.00074 -0.00108 -0.00139 -0.00165 -0.00187 -0.00205 -0.00217 -0.00224 -0.00227 -0.00224 -0.00217 -0.00205 -0.00188 -0.00166 -0.00139 -0.00108-0.000741-0.000374        0
        7|        0-0.000324-0.000644-0.000944 -0.00122 -0.00145 -0.00165 -0.00181 -0.00192 -0.00199 -0.00201 -0.00199 -0.00192 -0.00181 -0.00165 -0.00145 -0.00122-0.000945-0.000645-0.000325        0
        6|        0-0.000286-0.000569-0.000835 -0.00108 -0.00129 -0.00147 -0.00161 -0.00171 -0.00178  -0.0018 -0.00178 -0.00171 -0.00161 -0.00147 -0.00129 -0.00108-0.000836-0.000569-0.000286        0
        5|        0-0.000256 -0.00051-0.000749-0.000968 -0.00116 -0.00133 -0.00145 -0.00155 -0.00161 -0.00163 -0.00161 -0.00155 -0.00146 -0.00133 -0.00116-0.000969 -0.00075 -0.00051-0.000256        0
        4|        0-0.000234-0.000465-0.000684-0.000885 -0.00106 -0.00121 -0.00133 -0.00142 -0.00148 -0.00149 -0.00148 -0.00142 -0.00133 -0.00121 -0.00106-0.000886-0.000685-0.000466-0.000234        0
        3|        0-0.000217-0.000433-0.000637-0.000825-0.000992 -0.00113 -0.00125 -0.00133 -0.00138  -0.0014 -0.00138 -0.00133 -0.00125 -0.00113-0.000992-0.000825-0.000638-0.000433-0.000218        0
        2|        0-0.000207-0.000412-0.000607-0.000786-0.000945 -0.00108 -0.00119 -0.00127 -0.00132 -0.00133 -0.00132 -0.00127 -0.00119 -0.00108-0.000945-0.000786-0.000607-0.000412-0.000207        0
        1|        0-0.000197-0.000393-0.000578-0.000749-0.000901 -0.00103 -0.00113 -0.00121 -0.00126 -0.00127 -0.00126 -0.00121 -0.00113 -0.00103-0.000901-0.000749-0.000579-0.000393-0.000197        0
        0|        0 0.000198 0.000395 0.000581 0.000753 0.000905  0.00104  0.00114  0.00122  0.00126  0.00128  0.00126  0.00122  0.00114  0.00104 0.000906 0.000753 0.000582 0.000395 0.000198        0

G (22x12): 
         |        0        1        2        3        4        5        6        7        8        9       10       11       12       13       14       15       16       17       18       19       20       21
-------------------------------------------------------------------------------------------------------------------------------------------------------------------------------------------------------------------------
       10| -0.00304  0.00302  0.00299   0.0028  0.00253   0.0022  0.00183  0.00143  0.00103 0.000621 0.000208-0.000205-0.000617 -0.00103 -0.00143 -0.00182 -0.00219 -0.00252  -0.0028 -0.00299 -0.00302  0.00305
        9| -0.00253  0.00252   0.0025  0.00235  0.00213  0.00186  0.00156  0.00123 0.000891 0.000538 0.000181-0.000178-0.000535-0.000888 -0.00123 -0.00156 -0.00186 -0.00213 -0.00235  -0.0025 -0.00252  0.00253
        8|  -0.0021  0.00208  0.00207  0.00195  0.00178  0.00157  0.00132  0.00105 0.000758 0.000459 0.000154-0.000152-0.000457-0.000756 -0.00104 -0.00132 -0.00157 -0.00178 -0.00195 -0.00207 -0.00209   0.0021
        7| -0.00172  0.00171  0.00171  0.00161  0.00147   0.0013   0.0011 0.000874 0.000635 0.000385  0.00013-0.000128-0.000384-0.000634-0.000873  -0.0011  -0.0013 -0.00147 -0.00161 -0.00171 -0.00172  0.00172
        6|  -0.0014  0.00139  0.00139  0.00131   0.0012  0.00106   0.0009 0.000718 0.000523 0.000318 0.000107-0.000106-0.000316-0.000522-0.000718  -0.0009 -0.00106  -0.0012 -0.00131 -0.00139 -0.00139   0.0014
        5| -0.00111  0.00111   0.0011  0.00104 0.000959  0.00085 0.000721 0.000576  0.00042 0.000256  8.6e-05 -8.5e-05-0.000255-0.000419-0.000576-0.000721 -0.00085-0.000959 -0.00104  -0.0011 -0.00111  0.00111
        4|-0.000856 0.000852 0.000849 0.000805 0.000739 0.000656 0.000558 0.000446 0.000326 0.000198 6.68e-05 -6.6e-05-0.000197-0.000325-0.000446-0.000557-0.000656 -0.00074-0.000805 -0.00085-0.000852 0.000856
        3|-0.000622 0.000619 0.000618 0.000586 0.000539 0.000478 0.000407 0.000326 0.000238 0.000145 4.88e-05-4.83e-05-0.000144-0.000238-0.000326-0.000407-0.000478-0.000539-0.000586-0.000618 -0.00062 0.000623
        2|-0.000405 0.000403 0.000402 0.000381 0.000351 0.000312 0.000265 0.000213 0.000155 9.46e-05 3.19e-05-3.16e-05-9.43e-05-0.000155-0.000212-0.000265-0.000312-0.000351-0.000381-0.000402-0.000403 0.000405
        1|-0.000198 0.000197 0.000197 0.000187 0.000172 0.000153  0.00013 0.000104 7.61e-05 4.64e-05 1.56e-05-1.54e-05-4.62e-05 -7.6e-05-0.000104 -0.00013-0.000153-0.000172-0.000187-0.000197-0.000197 0.000198
        0|        0        0        0        0        0        0        0        0        0        0        0        0        0        0        0        0        0        0        0        0        0        0

rhs (22x12): 
         |        0        1        2        3        4        5        6        7        8        9       10       11       12       13       14       15       16       17       18       19       20       21
-------------------------------------------------------------------------------------------------------------------------------------------------------------------------------------------------------------------------
       11|        0        0        0        0        0        0        0        0        0        0        0        0        0        0        0        0        0        0        0        0        0        0
       10|        0 -0.00319 -0.00209 -0.00206 -0.00184 -0.00171  -0.0014  -0.0012 -0.00083-0.000577-0.000166 0.000127 0.000587 0.000938  0.00145  0.00184  0.00237  0.00274  0.00318   0.0034  0.00455        0
        9|        0-0.000866-6.26e-05 8.14e-06-5.84e-05 1.34e-05-5.31e-05 1.83e-05 -4.9e-05 2.13e-05-4.72e-05    2e-05-4.99e-05 1.78e-05-5.34e-05 1.31e-05-5.89e-05 7.21e-06-6.46e-05 3.25e-06 0.000827        0
        8|        0-0.000785 1.63e-05-5.17e-05 1.93e-05-4.78e-05 2.33e-05 -4.4e-05 2.65e-05-4.16e-05  2.8e-05-4.26e-05 2.59e-05-4.44e-05 2.31e-05-4.79e-05  1.9e-05-5.23e-05 1.49e-05-5.52e-05 0.000765        0
        7|        0-0.000628-4.63e-05 2.39e-05-4.37e-05 2.71e-05-4.04e-05 3.02e-05-3.77e-05 3.23e-05-3.64e-05 3.16e-05-3.81e-05 3.01e-05-4.04e-05 2.71e-05-4.38e-05 2.36e-05 -4.7e-05 2.13e-05 0.000622        0
        6|        0-0.000598 2.75e-05-4.08e-05 2.97e-05 -3.8e-05 3.27e-05-3.51e-05 3.51e-05-3.32e-05 3.63e-05-3.37e-05 3.49e-05-3.51e-05 3.29e-05-3.77e-05 2.99e-05-4.08e-05 2.71e-05-4.28e-05 0.000601        0
        5|        0-0.000483-3.85e-05 3.15e-05-3.64e-05 3.41e-05-3.36e-05 3.68e-05-3.13e-05 3.86e-05-3.02e-05 3.83e-05-3.13e-05  3.7e-05-3.32e-05 3.45e-05 -3.6e-05 3.17e-05-3.86e-05 2.99e-05 0.000493        0
        4|        0-0.000488 3.29e-05-3.55e-05 3.48e-05 -3.3e-05 3.75e-05-3.04e-05 3.97e-05-2.87e-05 4.08e-05-2.88e-05 3.99e-05   -3e-05  3.8e-05-3.24e-05 3.54e-05-3.51e-05 3.29e-05-3.69e-05 0.000501        0
        3|        0-0.000402-3.49e-05 3.51e-05-3.29e-05 3.75e-05-3.03e-05    4e-05-2.81e-05 4.18e-05 -2.7e-05 4.18e-05-2.78e-05 4.06e-05-2.96e-05 3.82e-05-3.23e-05 3.56e-05-3.46e-05 3.39e-05 0.000418        0
        2|        0-0.000432 3.52e-05-3.32e-05 3.71e-05-3.08e-05 3.96e-05-2.83e-05 4.18e-05-2.67e-05 4.28e-05-2.65e-05 4.22e-05-2.77e-05 4.04e-05   -3e-05 3.79e-05-3.26e-05 3.56e-05-3.43e-05  0.00045        0
        1|        0 3.58e-05 0.000378 0.000411  0.00033 0.000345 0.000249  0.00025 0.000143 0.000136 2.27e-05 1.23e-05-0.000102 -0.00011-0.000219 -0.00022-0.000319-0.000307 -0.00039-0.000359 9.78e-07        0
        0|        0        0        0        0        0        0        0        0        0        0        0        0        0        0        0        0        0        0        0        0        0        0

