t: 1.59382
nCells: 20x10, dx: 0.1, dy: 0.1

u (22x12): 
         |        0        1        2        3        4        5        6        7        8        9       10       11       12       13       14       15       16       17       18       19       20
-------------------------------------------------------------------------------------------------------------------------------------------------------------------------------------------------------------------------
       11|        0     1.91     1.86     1.83     1.81      1.8     1.79     1.79     1.78     1.78     1.78     1.78     1.78     1.78     1.78     1.78     1.78     1.79     1.82     1.88        0
       10|        0   0.0872    0.138    0.169    0.188    0.201     0.21    0.216     0.22    0.223    0.225    0.226    0.227    0.227    0.226    0.224    0.219    0.209    0.185    0.125        0
        9|        0  -0.0329  -0.0354  -0.0312  -0.0263  -0.0222  -0.0189  -0.0165  -0.0148  -0.0136  -0.0129  -0.0126  -0.0128  -0.0132  -0.0142  -0.0158  -0.0179  -0.0202   -0.022  -0.0196        0
        8|        0   -0.016  -0.0265   -0.031  -0.0323  -0.0322  -0.0317   -0.031  -0.0305  -0.0302  -0.0301  -0.0303  -0.0309   -0.032  -0.0336  -0.0361  -0.0397  -0.0441  -0.0465  -0.0373        0
        7|        0  -0.0101  -0.0186  -0.0239  -0.0268  -0.0283  -0.0289  -0.0292  -0.0293  -0.0294  -0.0296  -0.0299  -0.0305  -0.0312  -0.0323  -0.0337  -0.0353  -0.0363  -0.0345  -0.0244        0
        6|        0 -0.00708  -0.0139  -0.0189  -0.0223  -0.0245  -0.0259  -0.0268  -0.0274  -0.0278  -0.0281  -0.0284  -0.0287  -0.0291  -0.0294  -0.0296  -0.0293  -0.0277  -0.0234  -0.0141        0
        5|        0 -0.00542   -0.011  -0.0156   -0.019  -0.0216  -0.0234  -0.0246  -0.0255  -0.0261  -0.0266  -0.0268   -0.027  -0.0269  -0.0266  -0.0259  -0.0244  -0.0216  -0.0167 -0.00903        0
        4|        0 -0.00444 -0.00919  -0.0133  -0.0167  -0.0193  -0.0213  -0.0228  -0.0239  -0.0247  -0.0252  -0.0254  -0.0253   -0.025  -0.0242  -0.0229  -0.0208  -0.0176  -0.0128 -0.00653        0
        3|        0 -0.00385 -0.00804  -0.0118  -0.0151  -0.0177  -0.0198  -0.0215  -0.0227  -0.0235   -0.024  -0.0242   -0.024  -0.0235  -0.0224  -0.0208  -0.0184   -0.015  -0.0106 -0.00521        0
        2|        0 -0.00354 -0.00736  -0.0109   -0.014  -0.0167  -0.0189  -0.0206  -0.0218  -0.0227  -0.0232  -0.0233  -0.0231  -0.0224  -0.0212  -0.0194  -0.0168  -0.0135 -0.00934 -0.00452        0
        1|        0 -0.00353 -0.00766  -0.0114  -0.0146  -0.0173  -0.0194  -0.0209   -0.022  -0.0226  -0.0228  -0.0226   -0.022   -0.021  -0.0195  -0.0175   -0.015  -0.0118   -0.008 -0.00379        0
        0|        0 -0.00277 -0.00599 -0.00901  -0.0117  -0.0141   -0.016  -0.0176  -0.0187  -0.0195  -0.0199  -0.0199  -0.0195  -0.0187  -0.0174  -0.0156  -0.0133  -0.0104 -0.00712 -0.00351        0

v (22x12): 
         |        0        1        2        3        4        5        6        7        8        9       10       11       12       13       14       15       16       17       18       19       20       21
-------------------------------------------------------------------------------------------------------------------------------------------------------------------------------------------------------------------------
       10|        0        0        0        0        0        0        0        0        0        0        0        0        0        0        0        0        0        0        0        0        0        0
        9|  -0.0868   0.0872    0.051   0.0306   0.0194   0.0128  0.00867  0.00596  0.00413  0.00287  0.00196  0.00126 0.000621-5.76e-05-0.000829 -0.00202 -0.00445  -0.0102  -0.0244  -0.0597   -0.125    0.123
        8|   -0.054   0.0542   0.0486   0.0348   0.0243    0.017   0.0119  0.00839  0.00588  0.00404  0.00264  0.00151 0.000502-0.000544  -0.0018 -0.00358 -0.00654  -0.0125  -0.0262  -0.0573   -0.105    0.103
        7|   -0.038   0.0382   0.0381   0.0303    0.023    0.017   0.0125  0.00901  0.00639  0.00436  0.00271  0.00129-8.04e-05 -0.00158 -0.00347 -0.00609  -0.0101  -0.0169  -0.0286  -0.0481  -0.0681   0.0666
        6|  -0.0279   0.0281   0.0296    0.025   0.0201   0.0156   0.0118  0.00873  0.00627  0.00425  0.00254 0.000971-0.000594 -0.00236 -0.00455 -0.00751  -0.0117  -0.0179  -0.0268  -0.0381  -0.0437   0.0428
        5|  -0.0209   0.0211   0.0227     0.02   0.0167   0.0134   0.0104  0.00786  0.00569  0.00384   0.0022  0.00066 -0.00093 -0.00271 -0.00489 -0.00769  -0.0114  -0.0163  -0.0224  -0.0288  -0.0296    0.029
        4|  -0.0155   0.0156   0.0172   0.0154   0.0132   0.0108  0.00861  0.00658   0.0048  0.00322  0.00178 0.000381 -0.00106 -0.00268  -0.0046 -0.00697 -0.00992  -0.0135  -0.0175  -0.0212  -0.0205   0.0202
        3|  -0.0111   0.0112   0.0124   0.0113  0.00983   0.0082  0.00659  0.00508  0.00371  0.00246   0.0013 0.000162 -0.00103 -0.00233 -0.00386 -0.00566 -0.00781  -0.0102  -0.0128  -0.0149   -0.014   0.0138
        2| -0.00727  0.00734  0.00821  0.00755   0.0066  0.00554  0.00447  0.00344   0.0025  0.00162 0.000796   -2e-05-0.000857 -0.00178 -0.00282 -0.00403  -0.0054 -0.00689 -0.00836  -0.0095 -0.00879  0.00867
        1| -0.00377   0.0038  0.00438  0.00399  0.00346  0.00289   0.0023  0.00175  0.00122 0.000744 0.000285-0.000153-0.000609 -0.00109 -0.00162 -0.00221 -0.00287 -0.00355  -0.0042 -0.00468 -0.00428  0.00423
        0|   -0.017   0.0172   0.0195   0.0186    0.017   0.0151   0.0128   0.0104   0.0078  0.00509  0.00231-0.000541 -0.00345 -0.00641 -0.00938  -0.0123  -0.0151  -0.0177  -0.0198  -0.0212  -0.0193    0.019

p (22x12): 
         |        0        1        2        3        4        5        6        7        8        9       10       11       12       13       14       15       16       17       18       19       20       21
-------------------------------------------------------------------------------------------------------------------------------------------------------------------------------------------------------------------------
       11|     -3.3     -3.3    -3.29    -3.29    -3.29    -3.29    -3.28    -3.28    -3.28    -3.28    -3.28    -3.28    -3.27    -3.27    -3.27    -3.27    -3.27    -3.26    -3.26    -3.25    -3.22    -3.22
       10|     -3.3     -3.3    -3.29    -3.29    -3.29    -3.29    -3.28    -3.28    -3.28    -3.28    -3.28    -3.28    -3.27    -3.27    -3.27    -3.27    -3.27    -3.26    -3.26    -3.25    -3.22    -3.22
        9|    -3.29    -3.29    -3.29    -3.29    -3.29    -3.29    -3.28    -3.28    -3.28    -3.28    -3.28    -3.28    -3.27    -3.27    -3.27    -3.27    -3.27    -3.26    -3.26    -3.25    -3.24    -3.24
        8|    -3.29    -3.29    -3.29    -3.29    -3.29    -3.28    -3.28    -3.28    -3.28    -3.28    -3.28    -3.27    -3.27    -3.27    -3.27    -3.27    -3.27    -3.26    -3.26    -3.26    -3.25    -3.25
        7|    -3.29    -3.29    -3.29    -3.28    -3.28    -3.28    -3.28    -3.28    -3.28    -3.28    -3.28    -3.27    -3.27    -3.27    -3.27    -3.27    -3.27    -3.26    -3.26    -3.26    -3.26    -3.26
        6|    -3.28    -3.28    -3.28    -3.28    -3.28    -3.28    -3.28    -3.28    -3.28    -3.28    -3.28    -3.27    -3.27    -3.27    -3.27    -3.27    -3.27    -3.26    -3.26    -3.26    -3.26    -3.26
        5|    -3.28    -3.28    -3.28    -3.28    -3.28    -3.28    -3.28    -3.28    -3.28    -3.28    -3.28    -3.27    -3.27    -3.27    -3.27    -3.27    -3.27    -3.26    -3.26    -3.26    -3.26    -3.26
        4|    -3.28    -3.28    -3.28    -3.28    -3.28    -3.28    -3.28    -3.28    -3.28    -3.28    -3.28    -3.27    -3.27    -3.27    -3.27    -3.27    -3.27    -3.26    -3.26    -3.26    -3.26    -3.26
        3|    -3.28    -3.28    -3.28    -3.28    -3.28    -3.28    -3.28    -3.28    -3.28    -3.28    -3.27    -3.27    -3.27    -3.27    -3.27    -3.27    -3.27    -3.27    -3.26    -3.26    -3.26    -3.26
        2|    -3.28    -3.28    -3.28    -3.28    -3.28    -3.28    -3.28    -3.28    -3.28    -3.28    -3.27    -3.27    -3.27    -3.27    -3.27    -3.27    -3.27    -3.27    -3.26    -3.26    -3.26    -3.26
        1|    -3.28    -3.28    -3.28    -3.28    -3.28    -3.28    -3.28    -3.28    -3.28    -3.28    -3.27    -3.27    -3.27    -3.27    -3.27    -3.27    -3.27    -3.27    -3.26    -3.26    -3.26    -3.26
        0|    -3.28    -3.28    -3.28    -3.28    -3.28    -3.28    -3.28    -3.28    -3.28    -3.28    -3.27    -3.27    -3.27    -3.27    -3.27    -3.27    -3.27    -3.27    -3.27    -3.27    -3.27    -3.27

F (22x12): 
         |        0        1        2        3        4        5        6        7        8        9       10       11       12       13       14       15       16       17       18       19       20
-------------------------------------------------------------------------------------------------------------------------------------------------------------------------------------------------------------------------
       11|        0     1.91     1.86     1.83     1.81      1.8     1.79     1.79     1.78     1.78     1.78     1.78     1.78     1.78     1.78     1.78     1.78     1.79     1.82     1.88        0
       10|        0   0.0885    0.139    0.169    0.189    0.202     0.21    0.216     0.22    0.223    0.225    0.226    0.227    0.227    0.226    0.224     0.22    0.211    0.188     0.13        0
        9|        0  -0.0328  -0.0351  -0.0308  -0.0259  -0.0217  -0.0185   -0.016  -0.0143  -0.0131  -0.0124  -0.0122  -0.0123  -0.0128  -0.0138  -0.0153  -0.0172  -0.0193  -0.0203  -0.0169        0
        8|        0   -0.016  -0.0263  -0.0307  -0.0319  -0.0318  -0.0313  -0.0306  -0.0301  -0.0298  -0.0297  -0.0299  -0.0305  -0.0315  -0.0331  -0.0356  -0.0391  -0.0432  -0.0453  -0.0361        0
        7|        0    -0.01  -0.0185  -0.0237  -0.0265   -0.028  -0.0286  -0.0288   -0.029   -0.029  -0.0292  -0.0295    -0.03  -0.0308  -0.0318  -0.0332  -0.0347  -0.0356  -0.0337  -0.0238        0
        6|        0 -0.00705  -0.0138  -0.0188  -0.0221  -0.0243  -0.0256  -0.0264   -0.027  -0.0274  -0.0277   -0.028  -0.0283  -0.0287   -0.029  -0.0291  -0.0288  -0.0272  -0.0229  -0.0139        0
        5|        0 -0.00539  -0.0109  -0.0154  -0.0188  -0.0213  -0.0231  -0.0243  -0.0252  -0.0258  -0.0262  -0.0264  -0.0266  -0.0265  -0.0262  -0.0255   -0.024  -0.0212  -0.0164 -0.00886        0
        4|        0 -0.00442 -0.00912  -0.0132  -0.0165  -0.0191  -0.0211  -0.0226  -0.0236  -0.0243  -0.0248   -0.025   -0.025  -0.0246  -0.0239  -0.0226  -0.0205  -0.0172  -0.0126 -0.00641        0
        3|        0 -0.00383 -0.00797  -0.0117  -0.0149  -0.0175  -0.0196  -0.0212  -0.0224  -0.0232  -0.0237  -0.0238  -0.0237  -0.0231  -0.0221  -0.0204  -0.0181  -0.0147  -0.0104 -0.00513        0
        2|        0 -0.00352 -0.00729  -0.0108  -0.0139  -0.0165  -0.0186  -0.0203  -0.0215  -0.0224  -0.0229   -0.023  -0.0227   -0.022  -0.0208  -0.0191  -0.0166  -0.0133 -0.00917 -0.00444        0
        1|        0 -0.00351  -0.0076  -0.0113  -0.0145  -0.0171  -0.0191  -0.0207  -0.0217  -0.0223  -0.0225  -0.0223  -0.0217  -0.0207  -0.0192  -0.0172  -0.0147  -0.0115 -0.00785 -0.00372        0
        0|        0        0        0        0        0        0        0        0        0        0        0        0        0        0        0        0        0        0        0        0        0

G (22x12): 
         |        0        1        2        3        4        5        6        7        8        9       10       11       12       13       14       15       16       17       18       19       20       21
-------------------------------------------------------------------------------------------------------------------------------------------------------------------------------------------------------------------------
       10|        0        0        0        0        0        0        0        0        0        0        0        0        0        0        0        0        0        0        0        0        0        0
        9|  -0.0868   0.0858   0.0508   0.0304   0.0192   0.0126  0.00851  0.00583  0.00403  0.00279  0.00189  0.00121 0.000578-8.89e-05-0.000847 -0.00201 -0.00438 -0.00988  -0.0236  -0.0576    -0.12    0.123
        8|   -0.054   0.0534   0.0479   0.0342   0.0238   0.0166   0.0116  0.00815  0.00569  0.00389  0.00253  0.00142 0.000423-0.000619 -0.00188 -0.00367 -0.00666  -0.0127  -0.0262  -0.0567   -0.103    0.103
        7|   -0.038   0.0377   0.0376   0.0299   0.0226   0.0167   0.0122  0.00879  0.00621  0.00422   0.0026   0.0012-0.000155 -0.00165 -0.00352 -0.00614  -0.0102  -0.0169  -0.0285  -0.0476  -0.0669   0.0666
        6|  -0.0279   0.0278   0.0292   0.0247   0.0197   0.0153   0.0116  0.00853  0.00611  0.00412  0.00244 0.000892-0.000655  -0.0024 -0.00458 -0.00751  -0.0117  -0.0178  -0.0265  -0.0375  -0.0429   0.0428
        5|  -0.0209   0.0208   0.0224   0.0197   0.0164   0.0131   0.0102  0.00769  0.00555  0.00374  0.00212 0.000596-0.000975 -0.00274 -0.00489 -0.00766  -0.0113  -0.0161  -0.0221  -0.0284   -0.029    0.029
        4|  -0.0155   0.0154   0.0169   0.0152    0.013   0.0107  0.00845  0.00645   0.0047  0.00313  0.00171 0.000334 -0.00109 -0.00269 -0.00458 -0.00692 -0.00983  -0.0133  -0.0173  -0.0208  -0.0201   0.0202
        3|  -0.0111    0.011   0.0122   0.0112  0.00968  0.00807  0.00647  0.00499  0.00363   0.0024  0.00125  0.00013 -0.00104 -0.00233 -0.00384 -0.00562 -0.00773  -0.0101  -0.0126  -0.0146  -0.0138   0.0138
        2| -0.00727  0.00723   0.0081  0.00744   0.0065  0.00545   0.0044  0.00338  0.00245  0.00158 0.000769-3.61e-05-0.000863 -0.00177  -0.0028 -0.00399 -0.00534 -0.00681 -0.00825 -0.00936 -0.00864  0.00867
        1| -0.00377  0.00383  0.00441  0.00403  0.00349  0.00291  0.00232  0.00176  0.00123 0.000747 0.000285-0.000156-0.000613 -0.00109 -0.00163 -0.00221 -0.00286 -0.00353 -0.00418 -0.00465 -0.00424  0.00423
        0|   -0.017        0        0        0        0        0        0        0        0        0        0        0        0        0        0        0        0        0        0        0        0    0.019

rhs (22x12): 
         |        0        1        2        3        4        5        6        7        8        9       10       11       12       13       14       15       16       17       18       19       20       21
-------------------------------------------------------------------------------------------------------------------------------------------------------------------------------------------------------------------------
       11|        0        0        0        0        0        0        0        0        0        0        0        0        0        0        0        0        0        0        0        0        0        0
       10|        0     1.01   -0.241   0.0878    0.114    0.087    0.068   0.0457   0.0369   0.0239   0.0225   0.0161   0.0215   0.0147   0.0212    0.031   0.0702    0.145    0.276    0.102    -3.95        0
        9|        0   -0.154    0.215    0.195    0.129    0.093   0.0593   0.0464   0.0281   0.0255   0.0144   0.0175   0.0114   0.0235   0.0277   0.0574    0.116    0.284    0.636    0.933   0.0552        0
        8|        0  -0.0942  -0.0271  -0.0168-0.000334 -0.00192  0.00524-0.000274  0.00542-0.000603  0.00501-0.000935  0.00494  0.00016  0.00653   0.0021    0.012   0.0194   0.0541   0.0134  -0.0644        0
        7|        0  -0.0378  -0.0192 -0.00845 -0.00941-0.000563 -0.00457  0.00225 -0.00299  0.00312 -0.00255  0.00329  -0.0025  0.00306 -0.00331  0.00117 -0.00781    -0.01   -0.036  -0.0672  -0.0844        0
        6|        0  -0.0253 -0.00593 -0.00969 -0.00145 -0.00545  0.00155  -0.0035  0.00276 -0.00279  0.00314 -0.00264  0.00308   -0.003  0.00224 -0.00478  -0.0016  -0.0129  -0.0173  -0.0334  -0.0161        0
        5|        0  -0.0134 -0.00824 -0.00141 -0.00583  0.00113 -0.00385  0.00252 -0.00293  0.00309 -0.00262  0.00323  -0.0027   0.0029 -0.00336  0.00155 -0.00596 -0.00318  -0.0136  -0.0113 -0.00029        0
        4|        0  -0.0138-0.000619 -0.00584 0.000863 -0.00416  0.00228 -0.00309  0.00303  -0.0026  0.00331 -0.00248  0.00324 -0.00275  0.00271 -0.00376 0.000907 -0.00672 -0.00335  -0.0109  0.00824        0
        3|        0 -0.00727 -0.00547 0.000776 -0.00442  0.00202  -0.0033   0.0029 -0.00265  0.00334 -0.00238  0.00346 -0.00243  0.00325 -0.00286  0.00244 -0.00422 0.000345 -0.00703  -0.0022  0.00453        0
        2|        0  -0.0413  -0.0362  -0.0389  -0.0282  -0.0285  -0.0171  -0.0175 -0.00683 -0.00833  0.00116 -0.00168  0.00665  0.00296   0.0104  0.00561   0.0117  0.00545   0.0102   0.0036    0.019        0
        1|        0    0.119    0.126    0.129    0.118    0.116   0.0999   0.0927   0.0718   0.0604   0.0357   0.0209 -0.00801  -0.0283  -0.0627   -0.088   -0.126   -0.152   -0.186     -0.2   -0.198        0
        0|        0        0        0        0        0        0        0        0        0        0        0        0        0        0        0        0        0        0        0        0        0        0

