t: 0.968871
nCells: 20x10, dx: 0.1, dy: 0.1

u (22x12): 
         |        0        1        2        3        4        5        6        7        8        9       10       11       12       13       14       15       16       17       18       19       20
-------------------------------------------------------------------------------------------------------------------------------------------------------------------------------------------------------------------------
       11|        0 -0.00244 -0.00505 -0.00741 -0.00943  -0.0111  -0.0124  -0.0134   -0.014  -0.0144  -0.0145  -0.0144   -0.014  -0.0134  -0.0124  -0.0112 -0.00951  -0.0075 -0.00514  -0.0025        0
       10|        0   -0.002 -0.00413  -0.0061 -0.00784 -0.00932  -0.0105  -0.0115  -0.0121  -0.0125  -0.0127  -0.0126  -0.0123  -0.0117  -0.0109 -0.00971 -0.00823 -0.00645 -0.00441 -0.00217        0
        9|        0 -0.00171 -0.00353 -0.00522 -0.00674 -0.00805 -0.00914 -0.00999  -0.0106   -0.011  -0.0111  -0.0111  -0.0108  -0.0102 -0.00941 -0.00835 -0.00703 -0.00548 -0.00372 -0.00182        0
        8|        0 -0.00148 -0.00304 -0.00452 -0.00585 -0.00702 -0.00799 -0.00876 -0.00932 -0.00968 -0.00981 -0.00974 -0.00944 -0.00893 -0.00819 -0.00723 -0.00606  -0.0047 -0.00318 -0.00155        0
        7|        0 -0.00129 -0.00266 -0.00395 -0.00513 -0.00617 -0.00704 -0.00774 -0.00825 -0.00857 -0.00869 -0.00861 -0.00834 -0.00786 -0.00719 -0.00633 -0.00529 -0.00409 -0.00276 -0.00134        0
        6|        0 -0.00114 -0.00235  -0.0035 -0.00456 -0.00549 -0.00628 -0.00691 -0.00737 -0.00766 -0.00777 -0.00769 -0.00744   -0.007 -0.00639 -0.00561 -0.00467  -0.0036 -0.00243 -0.00118        0
        5|        0 -0.00102 -0.00212 -0.00315  -0.0041 -0.00495 -0.00567 -0.00624 -0.00667 -0.00693 -0.00703 -0.00695 -0.00672 -0.00631 -0.00575 -0.00504 -0.00419 -0.00322 -0.00217 -0.00105        0
        4|        0-0.000937 -0.00193 -0.00288 -0.00376 -0.00454  -0.0052 -0.00573 -0.00612 -0.00637 -0.00645 -0.00639 -0.00616 -0.00579 -0.00526  -0.0046 -0.00382 -0.00294 -0.00197-0.000958        0
        3|        0-0.000872  -0.0018 -0.00269 -0.00351 -0.00424 -0.00486 -0.00536 -0.00573 -0.00595 -0.00604 -0.00597 -0.00576  -0.0054 -0.00491 -0.00429 -0.00356 -0.00273 -0.00184-0.000889        0
        2|        0-0.000831 -0.00172 -0.00256 -0.00334 -0.00403 -0.00463 -0.00511 -0.00546 -0.00568 -0.00575 -0.00569 -0.00548 -0.00514 -0.00467 -0.00408 -0.00338  -0.0026 -0.00174-0.000845        0
        1|        0-0.000739 -0.00153 -0.00229 -0.00299 -0.00361 -0.00414 -0.00457 -0.00489 -0.00508 -0.00515 -0.00509 -0.00491  -0.0046 -0.00418 -0.00365 -0.00303 -0.00232 -0.00156-0.000753        0
        0|        0 0.000725   0.0015  0.00224  0.00292  0.00353  0.00405  0.00447  0.00478  0.00496  0.00503  0.00498   0.0048   0.0045  0.00409  0.00357  0.00296  0.00227  0.00152 0.000737        0

v (22x12): 
         |        0        1        2        3        4        5        6        7        8        9       10       11       12       13       14       15       16       17       18       19       20       21
-------------------------------------------------------------------------------------------------------------------------------------------------------------------------------------------------------------------------
       10|  -0.0118    0.012   0.0128   0.0121    0.011   0.0096  0.00806  0.00641  0.00468  0.00291  0.00112-0.000691 -0.00251 -0.00434 -0.00616 -0.00793  -0.0096  -0.0111  -0.0124  -0.0132  -0.0125   0.0122
        9| -0.00982     0.01   0.0107   0.0101  0.00922  0.00812  0.00686  0.00548  0.00401   0.0025 0.000947-0.000619 -0.00219 -0.00376 -0.00529 -0.00676 -0.00813 -0.00934  -0.0103   -0.011  -0.0104   0.0101
        8| -0.00814  0.00832  0.00886   0.0084   0.0077  0.00681  0.00577  0.00462   0.0034  0.00211 0.000792-0.000546 -0.00188  -0.0032 -0.00449  -0.0057 -0.00682 -0.00779 -0.00856 -0.00908 -0.00855  0.00835
        7| -0.00669  0.00684  0.00729  0.00692  0.00636  0.00564   0.0048  0.00385  0.00283  0.00176 0.000652-0.000468 -0.00159 -0.00269 -0.00375 -0.00475 -0.00565 -0.00642 -0.00704 -0.00744 -0.00701  0.00684
        6| -0.00543  0.00555  0.00592  0.00563  0.00518   0.0046  0.00392  0.00315  0.00232  0.00144 0.000531-0.000394 -0.00131 -0.00222 -0.00308 -0.00389 -0.00461 -0.00523 -0.00571 -0.00603 -0.00566  0.00553
        5| -0.00432  0.00441   0.0047  0.00448  0.00412  0.00367  0.00313  0.00252  0.00186  0.00115  0.00042 -0.00032 -0.00106 -0.00178 -0.00247  -0.0031 -0.00368 -0.00416 -0.00454 -0.00478 -0.00449  0.00439
        4| -0.00331  0.00338  0.00361  0.00344  0.00317  0.00283  0.00241  0.00194  0.00143 0.000886 0.000323-0.000251 -0.00082 -0.00138  -0.0019 -0.00239 -0.00283 -0.00319 -0.00348 -0.00366 -0.00344  0.00336
        3|  -0.0024  0.00245  0.00261  0.00249   0.0023  0.00205  0.00175  0.00141  0.00104 0.000644 0.000233-0.000183-0.000599   -0.001 -0.00138 -0.00174 -0.00205 -0.00231 -0.00252 -0.00265 -0.00248  0.00243
        2| -0.00154  0.00157  0.00168   0.0016  0.00148  0.00132  0.00113 0.000909 0.000671 0.000414 0.000151-0.000119-0.000385-0.000647-0.000891 -0.00112 -0.00132 -0.00149 -0.00162  -0.0017 -0.00159  0.00156
        1|-0.000728 0.000743 0.000793 0.000758 0.000698 0.000625 0.000533 0.000431 0.000317 0.000198 7.08e-05-5.48e-05-0.000183-0.000304-0.000422-0.000527-0.000624-0.000701-0.000764-0.000802-0.000752 0.000736
        0|        0        0        0        0        0        0        0        0        0        0        0        0        0        0        0        0        0        0        0        0        0        0

p (22x12): 
         |        0        1        2        3        4        5        6        7        8        9       10       11       12       13       14       15       16       17       18       19       20       21
-------------------------------------------------------------------------------------------------------------------------------------------------------------------------------------------------------------------------
       11|   -0.743   -0.743   -0.743   -0.743   -0.742   -0.741    -0.74   -0.739   -0.738   -0.737   -0.735   -0.734   -0.732   -0.731    -0.73   -0.728   -0.727   -0.726   -0.725   -0.725   -0.724   -0.724
       10|   -0.742   -0.742   -0.742   -0.742   -0.741    -0.74    -0.74   -0.739   -0.737   -0.736   -0.735   -0.734   -0.733   -0.731    -0.73   -0.729   -0.728   -0.727   -0.727   -0.726   -0.726   -0.726
        9|   -0.741   -0.741   -0.741   -0.741    -0.74    -0.74   -0.739   -0.738   -0.737   -0.736   -0.735   -0.734   -0.733   -0.732   -0.731    -0.73   -0.729   -0.728   -0.728   -0.727   -0.727   -0.727
        8|    -0.74    -0.74    -0.74    -0.74   -0.739   -0.739   -0.738   -0.738   -0.737   -0.736   -0.735   -0.734   -0.733   -0.732   -0.731    -0.73    -0.73   -0.729   -0.729   -0.728   -0.728   -0.728
        7|    -0.74    -0.74   -0.739   -0.739   -0.739   -0.738   -0.738   -0.737   -0.736   -0.736   -0.735   -0.734   -0.733   -0.732   -0.732   -0.731    -0.73    -0.73   -0.729   -0.729   -0.729   -0.729
        6|   -0.739   -0.739   -0.739   -0.739   -0.738   -0.738   -0.737   -0.737   -0.736   -0.735   -0.735   -0.734   -0.733   -0.732   -0.732   -0.731   -0.731    -0.73    -0.73    -0.73   -0.729   -0.729
        5|   -0.738   -0.738   -0.738   -0.738   -0.738   -0.738   -0.737   -0.737   -0.736   -0.735   -0.735   -0.734   -0.733   -0.733   -0.732   -0.731   -0.731   -0.731    -0.73    -0.73    -0.73    -0.73
        4|   -0.738   -0.738   -0.738   -0.738   -0.738   -0.737   -0.737   -0.736   -0.736   -0.735   -0.735   -0.734   -0.733   -0.733   -0.732   -0.732   -0.731   -0.731   -0.731    -0.73    -0.73    -0.73
        3|   -0.738   -0.738   -0.738   -0.738   -0.737   -0.737   -0.737   -0.736   -0.736   -0.735   -0.735   -0.734   -0.733   -0.733   -0.732   -0.732   -0.731   -0.731   -0.731   -0.731   -0.731   -0.731
        2|   -0.738   -0.738   -0.738   -0.737   -0.737   -0.737   -0.737   -0.736   -0.736   -0.735   -0.735   -0.734   -0.733   -0.733   -0.732   -0.732   -0.732   -0.731   -0.731   -0.731   -0.731   -0.731
        1|   -0.738   -0.738   -0.738   -0.737   -0.737   -0.737   -0.737   -0.736   -0.736   -0.735   -0.735   -0.734   -0.733   -0.733   -0.732   -0.732   -0.732   -0.731   -0.731   -0.731   -0.731   -0.731
        0|   -0.738   -0.738   -0.738   -0.737   -0.737   -0.737   -0.737   -0.736   -0.736   -0.735   -0.735   -0.734   -0.733   -0.733   -0.732   -0.732   -0.732   -0.731   -0.731   -0.731   -0.731   -0.731

F (22x12): 
         |        0        1        2        3        4        5        6        7        8        9       10       11       12       13       14       15       16       17       18       19       20
-------------------------------------------------------------------------------------------------------------------------------------------------------------------------------------------------------------------------
       11|        0        0        0        0        0        0        0        0        0        0        0        0        0        0        0        0        0        0        0        0        0
       10|        0 -0.00196 -0.00404 -0.00596 -0.00765  -0.0091  -0.0103  -0.0112  -0.0118  -0.0122  -0.0124  -0.0123   -0.012  -0.0114  -0.0106 -0.00945 -0.00802 -0.00628 -0.00429 -0.00212        0
        9|        0 -0.00167 -0.00345  -0.0051 -0.00658 -0.00786 -0.00892 -0.00975  -0.0103  -0.0107  -0.0109  -0.0108  -0.0105 -0.00995 -0.00916 -0.00813 -0.00685 -0.00534 -0.00363 -0.00178        0
        8|        0 -0.00145 -0.00297 -0.00441 -0.00571 -0.00685  -0.0078 -0.00855 -0.00909 -0.00943 -0.00957 -0.00949  -0.0092  -0.0087 -0.00798 -0.00705 -0.00591 -0.00458  -0.0031 -0.00151        0
        7|        0 -0.00126  -0.0026 -0.00386 -0.00501 -0.00602 -0.00687 -0.00755 -0.00805 -0.00836 -0.00847  -0.0084 -0.00813 -0.00766 -0.00701 -0.00617 -0.00515 -0.00398 -0.00269 -0.00131        0
        6|        0 -0.00112  -0.0023 -0.00342 -0.00445 -0.00536 -0.00612 -0.00674 -0.00719 -0.00747 -0.00757  -0.0075 -0.00725 -0.00682 -0.00622 -0.00546 -0.00455 -0.00351 -0.00237 -0.00115        0
        5|        0   -0.001 -0.00207 -0.00308 -0.00401 -0.00483 -0.00553 -0.00609  -0.0065 -0.00676 -0.00685 -0.00678 -0.00655 -0.00615  -0.0056 -0.00491 -0.00408 -0.00314 -0.00212 -0.00103        0
        4|        0-0.000916 -0.00189 -0.00282 -0.00367 -0.00443 -0.00507 -0.00559 -0.00597 -0.00621 -0.00629 -0.00623 -0.00601 -0.00564 -0.00513 -0.00449 -0.00373 -0.00287 -0.00193-0.000936        0
        3|        0-0.000853 -0.00176 -0.00263 -0.00342 -0.00413 -0.00474 -0.00523 -0.00558  -0.0058 -0.00589 -0.00582 -0.00561 -0.00526 -0.00479 -0.00418 -0.00347 -0.00267 -0.00179-0.000868        0
        2|        0-0.000813 -0.00168  -0.0025 -0.00326 -0.00394 -0.00451 -0.00498 -0.00532 -0.00553 -0.00561 -0.00555 -0.00535 -0.00501 -0.00455 -0.00398  -0.0033 -0.00253  -0.0017-0.000826        0
        1|        0-0.000721 -0.00149 -0.00223 -0.00291 -0.00351 -0.00403 -0.00444 -0.00475 -0.00494 -0.00501 -0.00495 -0.00477 -0.00447 -0.00406 -0.00355 -0.00294 -0.00226 -0.00152-0.000733        0
        0|        0 0.000725   0.0015  0.00224  0.00292  0.00353  0.00405  0.00447  0.00478  0.00496  0.00503  0.00498   0.0048   0.0045  0.00409  0.00357  0.00296  0.00227  0.00152 0.000737        0

G (22x12): 
         |        0        1        2        3        4        5        6        7        8        9       10       11       12       13       14       15       16       17       18       19       20       21
-------------------------------------------------------------------------------------------------------------------------------------------------------------------------------------------------------------------------
       10|  -0.0118   0.0117   0.0125   0.0117   0.0107  0.00934  0.00784  0.00622  0.00454  0.00282  0.00107-0.000689 -0.00246 -0.00423 -0.00599  -0.0077 -0.00932  -0.0108   -0.012  -0.0128  -0.0121   0.0122
        9| -0.00982  0.00976   0.0104  0.00984  0.00898  0.00791  0.00668  0.00533   0.0039  0.00242  0.00091-0.000616 -0.00215 -0.00367 -0.00517  -0.0066 -0.00793  -0.0091  -0.0101  -0.0107  -0.0101   0.0101
        8| -0.00814   0.0081  0.00864  0.00819   0.0075  0.00663  0.00562   0.0045   0.0033  0.00205 0.000763-0.000541 -0.00184 -0.00313 -0.00438 -0.00557 -0.00665 -0.00759 -0.00834 -0.00885 -0.00832  0.00835
        7| -0.00669  0.00666  0.00711  0.00675   0.0062   0.0055  0.00467  0.00375  0.00275  0.00171 0.000629-0.000463 -0.00156 -0.00263 -0.00366 -0.00463 -0.00551 -0.00626 -0.00686 -0.00725 -0.00681  0.00684
        6| -0.00543   0.0054  0.00577  0.00549  0.00505  0.00449  0.00382  0.00307  0.00226   0.0014 0.000512-0.000389 -0.00129 -0.00217 -0.00301 -0.00379 -0.00449  -0.0051 -0.00557 -0.00588 -0.00551  0.00553
        5| -0.00432  0.00429  0.00459  0.00437  0.00402  0.00358  0.00305  0.00246  0.00181  0.00112 0.000406-0.000316 -0.00104 -0.00174 -0.00241 -0.00303 -0.00359 -0.00405 -0.00442 -0.00466 -0.00437  0.00439
        4| -0.00331  0.00329  0.00352  0.00335  0.00309  0.00275  0.00235  0.00189  0.00139 0.000862 0.000313-0.000248-0.000803 -0.00135 -0.00186 -0.00234 -0.00276 -0.00312 -0.00339 -0.00357 -0.00334  0.00336
        3|  -0.0024  0.00238  0.00255  0.00243  0.00224    0.002   0.0017  0.00138  0.00101 0.000627 0.000225 -0.00018-0.000586-0.000977 -0.00135 -0.00169   -0.002 -0.00225 -0.00245 -0.00258 -0.00242  0.00243
        2| -0.00154  0.00153  0.00164  0.00156  0.00144  0.00129   0.0011 0.000886 0.000653 0.000403 0.000146-0.000118-0.000377-0.000632 -0.00087 -0.00109 -0.00129 -0.00145 -0.00158 -0.00166 -0.00155  0.00156
        1|-0.000728 0.000725 0.000775 0.000741 0.000682  0.00061  0.00052 0.000421 0.000309 0.000193 6.87e-05-5.42e-05-0.000179-0.000298-0.000413-0.000516-0.000609-0.000685-0.000747-0.000784-0.000733 0.000736
        0|        0        0        0        0        0        0        0        0        0        0        0        0        0        0        0        0        0        0        0        0        0        0

rhs (22x12): 
         |        0        1        2        3        4        5        6        7        8        9       10       11       12       13       14       15       16       17       18       19       20       21
-------------------------------------------------------------------------------------------------------------------------------------------------------------------------------------------------------------------------
       11|        0        0        0        0        0        0        0        0        0        0        0        0        0        0        0        0        0        0        0        0        0        0
       10|        0 -0.00732 -0.00133   -0.004 -0.00234 -0.00493 -0.00293 -0.00497 -0.00229 -0.00358-0.000121-0.000644  0.00378  0.00445   0.0101   0.0118   0.0183   0.0204   0.0265   0.0273   0.0316        0
        9|        0 -0.00259 -0.00143 0.000762 -0.00138 0.000844  -0.0013 0.000925 -0.00123 0.000974  -0.0012 0.000951 -0.00125   0.0009 -0.00132 0.000808 -0.00143 0.000691 -0.00154  0.00066  0.00271        0
        8|        0 -0.00361 0.000916 -0.00126 0.000949  -0.0012  0.00102 -0.00114  0.00107  -0.0011  0.00109 -0.00112  0.00105 -0.00115 0.000999 -0.00122 0.000918 -0.00131  0.00084 -0.00133  0.00398        0
        7|        0  -0.0015 -0.00116  0.00103 -0.00113  0.00108 -0.00107  0.00114 -0.00103  0.00117 -0.00101  0.00116 -0.00104  0.00113 -0.00108  0.00107 -0.00115    0.001 -0.00121 0.000984  0.00204        0
        6|        0 -0.00277   0.0011 -0.00108  0.00113 -0.00103  0.00118 -0.00098  0.00123-0.000947  0.00125-0.000955  0.00122-0.000982  0.00118 -0.00103  0.00112 -0.00109  0.00107 -0.00111  0.00344        0
        5|        0 -0.00085 -0.00103  0.00116   -0.001  0.00121-0.000954  0.00125-0.000913  0.00129-0.000893  0.00128-0.000913  0.00126 -0.00095  0.00121   -0.001  0.00116 -0.00105  0.00114   0.0016        0
        4|        0 -0.00229  0.00119-0.000988  0.00122-0.000944  0.00127-0.000897  0.00131-0.000866  0.00133-0.000867  0.00131 -0.00089  0.00128-0.000935  0.00123-0.000985  0.00118 -0.00101  0.00309        0
        3|        0-0.000495-0.000975  0.00123-0.000943  0.00127-0.000897  0.00131-0.000856  0.00134-0.000837  0.00135 -0.00085  0.00132-0.000884  0.00128-0.000933  0.00123-0.000977  0.00121  0.00134        0
        2|        0 -0.00204  0.00124-0.000946  0.00126-0.000907   0.0013-0.000865  0.00134-0.000836  0.00136-0.000831  0.00135-0.000852  0.00132-0.000893  0.00127-0.000939  0.00123-0.000965  0.00291        0
        1|        0  0.00127  0.00118  0.00276  0.00102  0.00253 0.000727  0.00218 0.000333  0.00175-0.000133  0.00126 -0.00064  0.00075 -0.00114 0.000274 -0.00158-0.000109 -0.00189 -0.00033  0.00017        0
        0|        0        0        0        0        0        0        0        0        0        0        0        0        0        0        0        0        0        0        0        0        0        0

