t: 0.0750931
nCells: 20x10, dx: 0.1, dy: 0.1

u (22x12): 
         |        0        1        2        3        4        5        6        7        8        9       10       11       12       13       14       15       16       17       18       19       20
-------------------------------------------------------------------------------------------------------------------------------------------------------------------------------------------------------------------------
       11|        0        2     1.99     1.99     1.99     1.99     1.99     1.99     1.99     1.99     1.99     1.99     1.99     1.99     1.99     1.99     1.99     1.99     1.99        2        0
       10|        0  0.00737   0.0103   0.0116   0.0123   0.0127    0.013   0.0131   0.0132   0.0133   0.0133   0.0133   0.0132   0.0131    0.013   0.0127   0.0123   0.0116   0.0103  0.00738        0
        9|        0 -0.00298 -0.00304 -0.00265 -0.00228 -0.00201 -0.00182 -0.00169 -0.00161 -0.00156 -0.00155 -0.00156 -0.00161 -0.00169 -0.00182 -0.00201 -0.00228 -0.00264 -0.00304 -0.00298        0
        8|        0 -0.00145 -0.00196 -0.00202 -0.00193 -0.00181  -0.0017 -0.00162 -0.00157 -0.00153 -0.00152 -0.00153 -0.00157 -0.00162  -0.0017 -0.00181 -0.00193 -0.00202 -0.00196 -0.00145        0
        7|        0-0.000817  -0.0013 -0.00151 -0.00157 -0.00156 -0.00153 -0.00149 -0.00146 -0.00144 -0.00144 -0.00144 -0.00146 -0.00149 -0.00153 -0.00156 -0.00157 -0.00151  -0.0013-0.000819        0
        6|        0-0.000526-0.000915 -0.00115 -0.00128 -0.00133 -0.00135 -0.00135 -0.00135 -0.00134 -0.00134 -0.00134 -0.00135 -0.00135 -0.00135 -0.00133 -0.00128 -0.00115-0.000916-0.000526        0
        5|        0-0.000372-0.000682-0.000905 -0.00105 -0.00114 -0.00119 -0.00122 -0.00123 -0.00124 -0.00124 -0.00124 -0.00123 -0.00122 -0.00119 -0.00114 -0.00105-0.000905-0.000682-0.000373        0
        4|        0-0.000284-0.000535-0.000736-0.000883-0.000986 -0.00106  -0.0011 -0.00113 -0.00114 -0.00114 -0.00114 -0.00113  -0.0011 -0.00106-0.000986-0.000883-0.000736-0.000536-0.000284        0
        3|        0 -0.00023 -0.00044-0.000619 -0.00076-0.000867-0.000944-0.000997 -0.00103 -0.00105 -0.00106 -0.00105 -0.00103-0.000998-0.000944-0.000867 -0.00076-0.000619-0.000441 -0.00023        0
        2|        0-0.000195-0.000378-0.000538-0.000672-0.000777-0.000857-0.000914-0.000953-0.000975-0.000982-0.000975-0.000953-0.000915-0.000857-0.000777-0.000672-0.000539-0.000378-0.000195        0
        1|        0-0.000173-0.000338-0.000486-0.000611-0.000713-0.000792-0.000851 -0.00089-0.000913-0.000921-0.000913 -0.00089-0.000851-0.000792-0.000713-0.000611-0.000486-0.000338-0.000173        0
        0|        0-0.000144-0.000283-0.000409-0.000519-0.000611-0.000684-0.000739-0.000778  -0.0008-0.000808  -0.0008-0.000778-0.000739-0.000684-0.000611-0.000519-0.000409-0.000283-0.000144        0

v (22x12): 
         |        0        1        2        3        4        5        6        7        8        9       10       11       12       13       14       15       16       17       18       19       20       21
-------------------------------------------------------------------------------------------------------------------------------------------------------------------------------------------------------------------------
       10|        0        0        0        0        0        0        0        0        0        0        0        0        0        0        0        0        0        0        0        0        0        0
        9| -0.00494  0.00737   0.0029  0.00133 0.000701 0.000407 0.000251 0.000159 9.81e-05 5.37e-05 1.72e-05-1.69e-05-5.34e-05-9.78e-05-0.000159-0.000251-0.000406  -0.0007 -0.00133  -0.0029 -0.00738  0.00494
        8| -0.00295  0.00439  0.00284  0.00173  0.00107 0.000678 0.000441 0.000287  0.00018 9.95e-05 3.19e-05-3.16e-05-9.91e-05 -0.00018-0.000286 -0.00044-0.000677 -0.00106 -0.00173 -0.00284  -0.0044  0.00295
        7| -0.00198  0.00294  0.00233  0.00167  0.00116 0.000797 0.000546 0.000368 0.000236 0.000132 4.26e-05-4.22e-05-0.000132-0.000236-0.000368-0.000546-0.000797 -0.00116 -0.00167 -0.00233 -0.00295  0.00198
        6| -0.00144  0.00213  0.00184  0.00146   0.0011 0.000807 0.000579 0.000403 0.000264  0.00015 4.86e-05-4.83e-05-0.000149-0.000264-0.000403-0.000579-0.000807  -0.0011 -0.00146 -0.00185 -0.00213  0.00144
        5|  -0.0011   0.0016  0.00146  0.00122 0.000976 0.000751  0.00056 0.000401 0.000269 0.000154 5.02e-05   -5e-05-0.000154-0.000268-0.000401 -0.00056-0.000751-0.000976 -0.00122 -0.00146  -0.0016   0.0011
        4|-0.000855  0.00123  0.00115    0.001  0.00083 0.000663 0.000509 0.000374 0.000254 0.000147 4.84e-05-4.81e-05-0.000147-0.000254-0.000373-0.000509-0.000663 -0.00083   -0.001 -0.00115 -0.00123 0.000855
        3|-0.000672 0.000944 0.000895   0.0008 0.000683  0.00056  0.00044 0.000329 0.000227 0.000133 4.39e-05-4.37e-05-0.000133-0.000227-0.000329 -0.00044 -0.00056-0.000683  -0.0008-0.000895-0.000944 0.000672
        2|-0.000527 0.000714 0.000684 0.000621 0.000541 0.000453 0.000363 0.000276 0.000193 0.000114 3.77e-05-3.76e-05-0.000114-0.000193-0.000276-0.000363-0.000453-0.000541-0.000621-0.000684-0.000714 0.000527
        1|-0.000407 0.000519 0.000501 0.000461 0.000408 0.000347 0.000283 0.000218 0.000155 9.21e-05 3.06e-05-3.05e-05 -9.2e-05-0.000155-0.000218-0.000283-0.000347-0.000408-0.000461-0.000501 -0.00052 0.000407
        0|-0.000511 0.000854 0.000829 0.000774 0.000697 0.000605 0.000502 0.000394 0.000283  0.00017 5.66e-05-5.66e-05 -0.00017-0.000282-0.000394-0.000502-0.000605-0.000697-0.000774-0.000829-0.000854 0.000511

p (22x12): 
         |        0        1        2        3        4        5        6        7        8        9       10       11       12       13       14       15       16       17       18       19       20       21
-------------------------------------------------------------------------------------------------------------------------------------------------------------------------------------------------------------------------
       11|  -0.0382  -0.0382  -0.0281  -0.0219  -0.0174  -0.0139  -0.0109 -0.00822 -0.00574 -0.00339  -0.0011  0.00117  0.00346  0.00582   0.0083    0.011    0.014   0.0175    0.022   0.0282   0.0383   0.0383
       10|  -0.0382  -0.0382  -0.0281  -0.0219  -0.0174  -0.0139  -0.0109 -0.00822 -0.00574 -0.00339  -0.0011  0.00117  0.00346  0.00582   0.0083    0.011    0.014   0.0175    0.022   0.0282   0.0383   0.0383
        9|  -0.0283  -0.0283  -0.0243  -0.0202  -0.0165  -0.0134  -0.0106 -0.00802 -0.00562 -0.00332 -0.00108  0.00115  0.00339  0.00569   0.0081   0.0107   0.0135   0.0166   0.0202   0.0244   0.0284   0.0284
        8|  -0.0225  -0.0225  -0.0205  -0.0179  -0.0152  -0.0125    -0.01 -0.00766  -0.0054  -0.0032 -0.00104  0.00111  0.00327  0.00547  0.00774   0.0101   0.0126   0.0152    0.018   0.0206   0.0226   0.0226
        7|  -0.0186  -0.0186  -0.0175  -0.0157  -0.0137  -0.0115 -0.00934  -0.0072  -0.0051 -0.00303-0.000984  0.00106  0.00311  0.00518  0.00728  0.00941   0.0116   0.0137   0.0158   0.0176   0.0187   0.0187
        6|  -0.0158  -0.0158  -0.0151  -0.0139  -0.0123  -0.0105 -0.00862 -0.00671 -0.00478 -0.00285-0.000925    0.001  0.00293  0.00486  0.00679   0.0087   0.0106   0.0124   0.0139   0.0152   0.0159   0.0159
        5|  -0.0138  -0.0138  -0.0133  -0.0123  -0.0111 -0.00957 -0.00794 -0.00623 -0.00446 -0.00267-0.000866 0.000944  0.00275  0.00454  0.00631  0.00802  0.00965   0.0111   0.0124   0.0134   0.0139   0.0139
        4|  -0.0123  -0.0123  -0.0119  -0.0111  -0.0101 -0.00879 -0.00735  -0.0058 -0.00417 -0.00251-0.000812  0.00089  0.00258  0.00425  0.00588  0.00743  0.00887   0.0102   0.0112    0.012   0.0124   0.0124
        3|  -0.0112  -0.0112  -0.0109  -0.0102  -0.0093 -0.00816 -0.00686 -0.00544 -0.00393 -0.00236-0.000765 0.000844  0.00244  0.00401  0.00552  0.00694  0.00825  0.00938   0.0103    0.011   0.0113   0.0113
        2|  -0.0105  -0.0105  -0.0102 -0.00957 -0.00874 -0.00771  -0.0065 -0.00517 -0.00374 -0.00225-0.000728 0.000808  0.00233  0.00382  0.00525  0.00658  0.00779  0.00883  0.00966   0.0102   0.0105   0.0105
        1|    -0.01    -0.01 -0.00972 -0.00918  -0.0084 -0.00742 -0.00627 -0.00499 -0.00362 -0.00218-0.000704 0.000784  0.00226   0.0037  0.00507  0.00635   0.0075  0.00848  0.00926   0.0098   0.0101   0.0101
        0| -0.00861 -0.00861 -0.00838 -0.00793 -0.00727 -0.00644 -0.00545 -0.00435 -0.00316  -0.0019-0.000612 0.000692  0.00198  0.00324  0.00443  0.00554  0.00652  0.00735  0.00801  0.00847   0.0087   0.0087

F (22x12): 
         |        0        1        2        3        4        5        6        7        8        9       10       11       12       13       14       15       16       17       18       19       20
-------------------------------------------------------------------------------------------------------------------------------------------------------------------------------------------------------------------------
       11|        0        2     1.99     1.99     1.99     1.99     1.99     1.99     1.99     1.99     1.99     1.99     1.99     1.99     1.99     1.99     1.99     1.99     1.99        2        0
       10|        0   0.0099   0.0118   0.0127   0.0132   0.0135   0.0136   0.0137   0.0138   0.0138   0.0139   0.0138   0.0138   0.0137   0.0136   0.0135   0.0132   0.0127   0.0118  0.00991        0
        9|        0 -0.00197 -0.00201 -0.00174 -0.00149 -0.00131 -0.00118 -0.00109 -0.00103   -0.001-0.000991   -0.001 -0.00103 -0.00109 -0.00118 -0.00131 -0.00149 -0.00174   -0.002 -0.00197        0
        8|        0-0.000962  -0.0013 -0.00133 -0.00127 -0.00118 -0.00111 -0.00105 -0.00102-0.000992-0.000985-0.000992 -0.00102 -0.00105 -0.00111 -0.00119 -0.00127 -0.00133  -0.0013-0.000963        0
        7|        0-0.000541-0.000858-0.000993 -0.00103 -0.00102-0.000991-0.000964-0.000944-0.000931-0.000926-0.000931-0.000944-0.000964-0.000991 -0.00102 -0.00103-0.000993-0.000859-0.000541        0
        6|        0-0.000346-0.000599-0.000752-0.000829-0.000862-0.000871-0.000869-0.000864 -0.00086-0.000858 -0.00086-0.000864-0.000869-0.000871-0.000862-0.000829-0.000752  -0.0006-0.000346        0
        5|        0-0.000242-0.000442-0.000585-0.000677-0.000731-0.000761-0.000777-0.000784-0.000787-0.000788-0.000787-0.000784-0.000777-0.000761-0.000731-0.000677-0.000585-0.000443-0.000243        0
        4|        0-0.000182-0.000343-0.000469-0.000562-0.000625-0.000667-0.000693-0.000708-0.000716-0.000718-0.000716-0.000708-0.000693-0.000667-0.000625-0.000562 -0.00047-0.000343-0.000182        0
        3|        0-0.000145-0.000277-0.000388-0.000476-0.000541-0.000587-0.000619-0.000639 -0.00065-0.000654 -0.00065-0.000639-0.000619-0.000587-0.000541-0.000476-0.000388-0.000277-0.000145        0
        2|        0 -0.00012-0.000233-0.000331-0.000412-0.000475-0.000523-0.000557 -0.00058-0.000593-0.000597-0.000593 -0.00058-0.000557-0.000523-0.000475-0.000412-0.000331-0.000233 -0.00012        0
        1|        0-0.000104-0.000202 -0.00029-0.000365-0.000425-0.000472-0.000507 -0.00053-0.000543-0.000548-0.000543 -0.00053-0.000507-0.000472-0.000425-0.000365 -0.00029-0.000202-0.000104        0
        0|        0        0        0        0        0        0        0        0        0        0        0        0        0        0        0        0        0        0        0        0        0

G (22x12): 
         |        0        1        2        3        4        5        6        7        8        9       10       11       12       13       14       15       16       17       18       19       20       21
-------------------------------------------------------------------------------------------------------------------------------------------------------------------------------------------------------------------------
       10|        0        0        0        0        0        0        0        0        0        0        0        0        0        0        0        0        0        0        0        0        0        0
        9| -0.00494  0.00489  0.00194 0.000894 0.000472 0.000276 0.000171 0.000109 6.73e-05 3.69e-05 1.18e-05-1.17e-05-3.68e-05-6.72e-05-0.000108-0.000171-0.000275-0.000471-0.000892 -0.00194 -0.00489  0.00494
        8| -0.00295  0.00293  0.00191  0.00116 0.000719 0.000459   0.0003 0.000196 0.000124 6.85e-05  2.2e-05-2.19e-05-6.85e-05-0.000124-0.000196  -0.0003-0.000459-0.000719 -0.00116 -0.00191 -0.00293  0.00295
        7| -0.00198  0.00197  0.00157  0.00113 0.000785 0.000543 0.000374 0.000253 0.000163 9.14e-05 2.94e-05-2.94e-05-9.13e-05-0.000163-0.000253-0.000374-0.000543-0.000785 -0.00113 -0.00157 -0.00197  0.00198
        6| -0.00144  0.00144  0.00125 0.000992 0.000751 0.000554 0.000399 0.000279 0.000184 0.000104 3.39e-05-3.38e-05-0.000104-0.000184-0.000279-0.000399-0.000554-0.000751-0.000992 -0.00125 -0.00144  0.00144
        5|  -0.0011  0.00109 0.000997  0.00084 0.000673 0.000521  0.00039 0.000281 0.000189 0.000109 3.54e-05-3.54e-05-0.000109-0.000189-0.000281 -0.00039-0.000521-0.000673 -0.00084-0.000997 -0.00109   0.0011
        4|-0.000855  0.00085 0.000797 0.000697 0.000582 0.000467  0.00036 0.000266 0.000182 0.000106 3.46e-05-3.46e-05-0.000106-0.000182-0.000266 -0.00036-0.000467-0.000582-0.000697-0.000797-0.000851 0.000855
        3|-0.000672 0.000669 0.000636 0.000571 0.000489 0.000403 0.000319  0.00024 0.000166 9.76e-05 3.22e-05-3.22e-05-9.76e-05-0.000166 -0.00024-0.000319-0.000403-0.000489-0.000571-0.000637-0.000669 0.000672
        2|-0.000527 0.000525 0.000504  0.00046 0.000402 0.000338 0.000272 0.000208 0.000146 8.64e-05 2.86e-05-2.86e-05-8.64e-05-0.000146-0.000208-0.000272-0.000338-0.000402 -0.00046-0.000504-0.000525 0.000527
        1|-0.000407 0.000406 0.000392 0.000362 0.000322 0.000275 0.000225 0.000174 0.000123 7.37e-05 2.45e-05-2.45e-05-7.36e-05-0.000123-0.000174-0.000225-0.000275-0.000322-0.000362-0.000392-0.000406 0.000407
        0|-0.000511        0        0        0        0        0        0        0        0        0        0        0        0        0        0        0        0        0        0        0        0 0.000511

rhs (22x12): 
         |        0        1        2        3        4        5        6        7        8        9       10       11       12       13       14       15       16       17       18       19       20       21
-------------------------------------------------------------------------------------------------------------------------------------------------------------------------------------------------------------------------
       11|        0        0        0        0        0        0        0        0        0        0        0        0        0        0        0        0        0        0        0        0        0        0
       10|        0        2 -0.00328 -0.00114-0.000594-0.000379 -0.00023-0.000155-8.33e-05-3.98e-05 7.92e-06 4.17e-05  8.9e-05  0.00016 0.000241 0.000396 0.000623   0.0011  0.00206  0.00411       -2        0
        9|        0 -0.00412 0.000872 0.000454 0.000192 0.000116  5.2e-05 4.65e-05 2.24e-05 2.45e-05 1.73e-05 2.83e-05 3.63e-05 3.57e-05 6.63e-05 8.34e-05 0.000177 0.000322 0.000778  0.00156  0.00386        0
        8|        0 -0.00219-8.68e-05-5.49e-05 -4.7e-06-1.72e-05 6.62e-06-7.75e-06 5.14e-06-3.09e-06 5.51e-07 4.66e-07-5.05e-06 2.78e-06-1.21e-05 1.55e-06-2.55e-05-1.82e-05-8.73e-05-0.000158  0.00159        0
        7|        0 -0.00114-4.97e-05-6.18e-06-2.13e-05 6.24e-06-1.06e-05 6.47e-06-5.31e-06 2.72e-06-1.54e-06-2.41e-06 1.49e-06-8.42e-06 2.93e-06-1.62e-05-5.25e-07-3.19e-05-2.11e-05-7.06e-05  0.00101        0
        6|        0-0.000722-1.08e-06-2.19e-05 6.82e-06-1.27e-05 7.77e-06-7.32e-06  4.8e-06-3.39e-06 9.36e-08-5.61e-08-5.37e-06 2.46e-06-1.15e-05 3.13e-06-1.94e-05-7.85e-07-3.21e-05-1.22e-05 0.000645        0
        5|        0 -0.00048-1.99e-05 8.63e-06-1.39e-05 9.22e-06-8.99e-06 6.81e-06-5.09e-06 2.58e-06-1.65e-06-2.57e-06 1.34e-06-8.14e-06 3.46e-06-1.41e-05 3.75e-06-2.11e-05 1.11e-06-2.91e-05 0.000476        0
        4|        0-0.000376 1.11e-05-1.41e-05 1.09e-05-1.02e-05 8.79e-06-6.59e-06    5e-06-3.18e-06 1.75e-07-1.16e-08-5.16e-06 2.73e-06-1.06e-05 4.55e-06-1.61e-05 4.87e-06-2.16e-05 3.77e-06  0.00034        0
        3|        0-0.000277-1.38e-05 1.26e-05-1.11e-05 1.07e-05-7.87e-06 7.33e-06 -4.6e-06 2.84e-06-1.37e-06-2.31e-06 1.61e-06-7.59e-06 4.13e-06-1.27e-05 5.72e-06-1.75e-05  6.2e-06-2.14e-05 0.000289        0
        2|        0-0.000465-0.000197-0.000208-0.000163 -0.00016-0.000115-0.000103-6.36e-05 -4.4e-05-1.31e-05 1.39e-05 3.58e-05 7.05e-05 8.37e-05 0.000125 0.000128 0.000171 0.000164 0.000203 0.000421        0
        1|        0     0.12    0.117    0.109   0.0985   0.0855    0.071   0.0557   0.0399    0.024    0.008   -0.008   -0.024  -0.0399  -0.0557   -0.071  -0.0855  -0.0986   -0.109   -0.117    -0.12        0
        0|        0        0        0        0        0        0        0        0        0        0        0        0        0        0        0        0        0        0        0        0        0        0

