t: 1.41101
nCells: 20x10, dx: 0.1, dy: 0.1

u (22x12): 
         |        0        1        2        3        4        5        6        7        8        9       10       11       12       13       14       15       16       17       18       19       20
-------------------------------------------------------------------------------------------------------------------------------------------------------------------------------------------------------------------------
       11|        0     1.92     1.87     1.84     1.83     1.82     1.81     1.81      1.8      1.8      1.8      1.8      1.8      1.8      1.8      1.8     1.81     1.82     1.84     1.89        0
       10|        0    0.084    0.131    0.158    0.175    0.186    0.193    0.198    0.201    0.203    0.204    0.205    0.205    0.205    0.204    0.202    0.197    0.188    0.166    0.113        0
        9|        0  -0.0318  -0.0342  -0.0301  -0.0254  -0.0215  -0.0186  -0.0164  -0.0149  -0.0139  -0.0133  -0.0132  -0.0134   -0.014  -0.0151  -0.0169  -0.0193  -0.0223  -0.0247   -0.022        0
        8|        0  -0.0158  -0.0255  -0.0293  -0.0301  -0.0297   -0.029  -0.0283  -0.0277  -0.0274  -0.0273  -0.0275   -0.028  -0.0289  -0.0304  -0.0325  -0.0355  -0.0391  -0.0408  -0.0328        0
        7|        0 -0.00977  -0.0177  -0.0225  -0.0249   -0.026  -0.0264  -0.0265  -0.0266  -0.0266  -0.0267  -0.0269  -0.0273   -0.028  -0.0288  -0.0299   -0.031  -0.0314  -0.0293  -0.0202        0
        6|        0 -0.00678  -0.0131  -0.0177  -0.0207  -0.0225  -0.0237  -0.0243  -0.0248  -0.0251  -0.0253  -0.0255  -0.0257   -0.026  -0.0262  -0.0262  -0.0257   -0.024  -0.0199  -0.0118        0
        5|        0 -0.00514  -0.0103  -0.0145  -0.0176  -0.0198  -0.0213  -0.0224  -0.0231  -0.0236  -0.0239  -0.0241  -0.0241   -0.024  -0.0237  -0.0229  -0.0214  -0.0188  -0.0144 -0.00773        0
        4|        0 -0.00419 -0.00857  -0.0123  -0.0154  -0.0177  -0.0195  -0.0208  -0.0217  -0.0223  -0.0226  -0.0228  -0.0227  -0.0223  -0.0215  -0.0203  -0.0183  -0.0154  -0.0112 -0.00569        0
        3|        0 -0.00361 -0.00747  -0.0109  -0.0138  -0.0162  -0.0181  -0.0195  -0.0205  -0.0212  -0.0216  -0.0217  -0.0215  -0.0209  -0.0199  -0.0184  -0.0162  -0.0132  -0.0093  -0.0046        0
        2|        0  -0.0033 -0.00681  -0.0101  -0.0129  -0.0153  -0.0172  -0.0187  -0.0197  -0.0205  -0.0209  -0.0209  -0.0206    -0.02  -0.0188  -0.0172  -0.0149  -0.0119 -0.00823 -0.00401        0
        1|        0 -0.00326 -0.00696  -0.0103  -0.0132  -0.0156  -0.0174  -0.0188  -0.0198  -0.0203  -0.0205  -0.0203  -0.0198  -0.0189  -0.0175  -0.0157  -0.0134  -0.0106  -0.0072 -0.00344        0
        0|        0  -0.0026 -0.00552 -0.00826  -0.0107  -0.0128  -0.0145  -0.0159  -0.0169  -0.0176  -0.0179  -0.0179  -0.0175  -0.0167  -0.0156  -0.0139  -0.0118 -0.00929 -0.00633 -0.00311        0

v (22x12): 
         |        0        1        2        3        4        5        6        7        8        9       10       11       12       13       14       15       16       17       18       19       20       21
-------------------------------------------------------------------------------------------------------------------------------------------------------------------------------------------------------------------------
       10|        0        0        0        0        0        0        0        0        0        0        0        0        0        0        0        0        0        0        0        0        0        0
        9|  -0.0835    0.084   0.0472   0.0272   0.0166   0.0107  0.00704  0.00475  0.00323  0.00219  0.00143 0.000837 0.000252-0.000346 -0.00107  -0.0022 -0.00446 -0.00956   -0.022  -0.0531   -0.113    0.111
        8|  -0.0518   0.0522   0.0449   0.0313   0.0213   0.0145     0.01  0.00692  0.00475  0.00317  0.00197 0.000973 5.56e-05-0.000944 -0.00219 -0.00397 -0.00691  -0.0125  -0.0244  -0.0504  -0.0907   0.0887
        7|   -0.036   0.0364   0.0352   0.0275   0.0205   0.0149   0.0107  0.00763   0.0053  0.00352  0.00206 0.000788-0.000466 -0.00187 -0.00365 -0.00614 -0.00992   -0.016  -0.0262  -0.0424   -0.058   0.0566
        6|  -0.0263   0.0266   0.0273   0.0228    0.018   0.0138   0.0103  0.00751   0.0053  0.00349  0.00196 0.000545 -0.00088  -0.0025 -0.00451 -0.00722   -0.011  -0.0164   -0.024  -0.0334  -0.0377   0.0369
        5|  -0.0196   0.0198   0.0209   0.0182    0.015   0.0119  0.00917  0.00683  0.00487   0.0032  0.00172 0.000325 -0.00112 -0.00273 -0.00471 -0.00722  -0.0105  -0.0148    -0.02  -0.0253  -0.0259   0.0254
        4|  -0.0145   0.0146   0.0157   0.0141   0.0119  0.00971  0.00763  0.00577  0.00415  0.00271   0.0014 0.000141 -0.00116 -0.00262 -0.00434 -0.00646 -0.00905  -0.0121  -0.0156  -0.0186  -0.0182   0.0179
        3|  -0.0103   0.0105   0.0114   0.0103  0.00889  0.00737  0.00587  0.00449  0.00323   0.0021  0.00104 1.02e-05 -0.00106 -0.00224  -0.0036 -0.00521 -0.00709  -0.0092  -0.0114  -0.0131  -0.0125   0.0123
        2| -0.00676  0.00684   0.0075  0.00686  0.00597  0.00499    0.004  0.00306   0.0022   0.0014 0.000651-8.82e-05-0.000847 -0.00168 -0.00261 -0.00369 -0.00489 -0.00619 -0.00745 -0.00844 -0.00791  0.00778
        1| -0.00351  0.00355  0.00398  0.00362  0.00314  0.00262  0.00208  0.00158   0.0011 0.000668 0.000252-0.000148-0.000563-0.000999 -0.00149 -0.00202 -0.00261 -0.00321 -0.00379 -0.00421  -0.0039  0.00385
        0|  -0.0157   0.0159   0.0177   0.0168   0.0154   0.0136   0.0115  0.00924  0.00688  0.00442  0.00191 -0.00065 -0.00325 -0.00588 -0.00852  -0.0111  -0.0136  -0.0158  -0.0177  -0.0189  -0.0174   0.0171

p (22x12): 
         |        0        1        2        3        4        5        6        7        8        9       10       11       12       13       14       15       16       17       18       19       20       21
-------------------------------------------------------------------------------------------------------------------------------------------------------------------------------------------------------------------------
       11|    -2.31    -2.31    -2.31    -2.31     -2.3     -2.3     -2.3     -2.3     -2.3    -2.29    -2.29    -2.29    -2.29    -2.29    -2.28    -2.28    -2.28    -2.28    -2.27    -2.26    -2.24    -2.24
       10|    -2.31    -2.31    -2.31    -2.31     -2.3     -2.3     -2.3     -2.3     -2.3    -2.29    -2.29    -2.29    -2.29    -2.29    -2.28    -2.28    -2.28    -2.28    -2.27    -2.26    -2.24    -2.24
        9|    -2.31    -2.31    -2.31    -2.31     -2.3     -2.3     -2.3     -2.3     -2.3    -2.29    -2.29    -2.29    -2.29    -2.29    -2.28    -2.28    -2.28    -2.28    -2.27    -2.27    -2.26    -2.26
        8|     -2.3     -2.3     -2.3     -2.3     -2.3     -2.3     -2.3     -2.3    -2.29    -2.29    -2.29    -2.29    -2.29    -2.29    -2.28    -2.28    -2.28    -2.28    -2.27    -2.27    -2.27    -2.27
        7|     -2.3     -2.3     -2.3     -2.3     -2.3     -2.3     -2.3     -2.3    -2.29    -2.29    -2.29    -2.29    -2.29    -2.29    -2.28    -2.28    -2.28    -2.28    -2.28    -2.27    -2.27    -2.27
        6|     -2.3     -2.3     -2.3     -2.3     -2.3     -2.3     -2.3     -2.3    -2.29    -2.29    -2.29    -2.29    -2.29    -2.29    -2.28    -2.28    -2.28    -2.28    -2.28    -2.28    -2.27    -2.27
        5|     -2.3     -2.3     -2.3     -2.3     -2.3     -2.3     -2.3    -2.29    -2.29    -2.29    -2.29    -2.29    -2.29    -2.29    -2.28    -2.28    -2.28    -2.28    -2.28    -2.28    -2.28    -2.28
        4|     -2.3     -2.3     -2.3     -2.3     -2.3     -2.3     -2.3    -2.29    -2.29    -2.29    -2.29    -2.29    -2.29    -2.29    -2.28    -2.28    -2.28    -2.28    -2.28    -2.28    -2.28    -2.28
        3|     -2.3     -2.3     -2.3     -2.3     -2.3     -2.3    -2.29    -2.29    -2.29    -2.29    -2.29    -2.29    -2.29    -2.29    -2.28    -2.28    -2.28    -2.28    -2.28    -2.28    -2.28    -2.28
        2|     -2.3     -2.3     -2.3     -2.3     -2.3     -2.3    -2.29    -2.29    -2.29    -2.29    -2.29    -2.29    -2.29    -2.29    -2.28    -2.28    -2.28    -2.28    -2.28    -2.28    -2.28    -2.28
        1|     -2.3     -2.3     -2.3     -2.3     -2.3     -2.3    -2.29    -2.29    -2.29    -2.29    -2.29    -2.29    -2.29    -2.29    -2.28    -2.28    -2.28    -2.28    -2.28    -2.28    -2.28    -2.28
        0|     -2.3     -2.3     -2.3     -2.3    -2.29    -2.29    -2.29    -2.29    -2.29    -2.29    -2.29    -2.29    -2.29    -2.29    -2.29    -2.28    -2.28    -2.28    -2.28    -2.28    -2.28    -2.28

F (22x12): 
         |        0        1        2        3        4        5        6        7        8        9       10       11       12       13       14       15       16       17       18       19       20
-------------------------------------------------------------------------------------------------------------------------------------------------------------------------------------------------------------------------
       11|        0     1.92     1.87     1.84     1.83     1.82     1.81     1.81      1.8      1.8      1.8      1.8      1.8      1.8      1.8      1.8     1.81     1.82     1.84     1.89        0
       10|        0   0.0854    0.132    0.159    0.176    0.186    0.193    0.198    0.201    0.203    0.205    0.206    0.206    0.206    0.205    0.203    0.198    0.189    0.169    0.118        0
        9|        0  -0.0316  -0.0338  -0.0296  -0.0249   -0.021  -0.0181  -0.0159  -0.0144  -0.0134  -0.0129  -0.0127  -0.0129  -0.0135  -0.0146  -0.0163  -0.0187  -0.0213  -0.0231  -0.0197        0
        8|        0  -0.0157  -0.0253  -0.0289  -0.0297  -0.0293  -0.0285  -0.0278  -0.0273  -0.0269  -0.0268   -0.027  -0.0275  -0.0284  -0.0299   -0.032  -0.0349  -0.0382  -0.0398  -0.0318        0
        7|        0 -0.00971  -0.0176  -0.0222  -0.0246  -0.0257  -0.0261  -0.0261  -0.0261  -0.0262  -0.0263  -0.0265  -0.0269  -0.0275  -0.0283  -0.0294  -0.0304  -0.0308  -0.0286  -0.0198        0
        6|        0 -0.00673   -0.013  -0.0175  -0.0204  -0.0222  -0.0233   -0.024  -0.0244  -0.0247  -0.0249  -0.0251  -0.0253  -0.0255  -0.0257  -0.0257  -0.0252  -0.0235  -0.0195  -0.0116        0
        5|        0  -0.0051  -0.0102  -0.0143  -0.0174  -0.0195   -0.021   -0.022  -0.0227  -0.0232  -0.0235  -0.0237  -0.0237  -0.0236  -0.0232  -0.0225   -0.021  -0.0184  -0.0141 -0.00757        0
        4|        0 -0.00415 -0.00848  -0.0122  -0.0152  -0.0175  -0.0192  -0.0204  -0.0213  -0.0219  -0.0223  -0.0224  -0.0223  -0.0219  -0.0211  -0.0199   -0.018  -0.0151  -0.0109 -0.00558        0
        3|        0 -0.00358 -0.00738  -0.0108  -0.0137   -0.016  -0.0178  -0.0192  -0.0202  -0.0209  -0.0213  -0.0213  -0.0211  -0.0206  -0.0196  -0.0181  -0.0159  -0.0129 -0.00911 -0.00451        0
        2|        0 -0.00326 -0.00673 -0.00993  -0.0127   -0.015  -0.0169  -0.0184  -0.0194  -0.0202  -0.0205  -0.0206  -0.0203  -0.0196  -0.0185  -0.0169  -0.0146  -0.0117 -0.00807 -0.00394        0
        1|        0 -0.00323 -0.00688  -0.0102   -0.013  -0.0153  -0.0172  -0.0185  -0.0195    -0.02  -0.0202    -0.02  -0.0194  -0.0185  -0.0172  -0.0154  -0.0131  -0.0103 -0.00705 -0.00337        0
        0|        0        0        0        0        0        0        0        0        0        0        0        0        0        0        0        0        0        0        0        0        0

G (22x12): 
         |        0        1        2        3        4        5        6        7        8        9       10       11       12       13       14       15       16       17       18       19       20       21
-------------------------------------------------------------------------------------------------------------------------------------------------------------------------------------------------------------------------
       10|        0        0        0        0        0        0        0        0        0        0        0        0        0        0        0        0        0        0        0        0        0        0
        9|  -0.0835   0.0825   0.0469   0.0269   0.0164   0.0105  0.00689  0.00463  0.00314  0.00212  0.00138 0.000796 0.000221-0.000364 -0.00107 -0.00219 -0.00438  -0.0093  -0.0213  -0.0512   -0.108    0.111
        8|  -0.0518   0.0513   0.0441   0.0306   0.0208   0.0142  0.00973  0.00671  0.00459  0.00305  0.00188 0.000901-3.69e-06-0.000997 -0.00224 -0.00403 -0.00697  -0.0126  -0.0244  -0.0498  -0.0888   0.0887
        7|   -0.036   0.0358   0.0347    0.027     0.02   0.0146   0.0105  0.00742  0.00514  0.00339  0.00197 0.000717 -0.00052 -0.00191 -0.00368 -0.00615  -0.0099  -0.0159   -0.026  -0.0418  -0.0568   0.0566
        6|  -0.0263   0.0261   0.0268   0.0224   0.0177   0.0135   0.0101  0.00733  0.00515  0.00338  0.00187 0.000483-0.000922 -0.00252 -0.00451 -0.00719  -0.0109  -0.0163  -0.0237  -0.0328  -0.0369   0.0369
        5|  -0.0196   0.0195   0.0206   0.0179   0.0148   0.0117  0.00898  0.00668  0.00474   0.0031  0.00165 0.000276 -0.00114 -0.00274 -0.00468 -0.00716  -0.0104  -0.0146  -0.0197  -0.0248  -0.0254   0.0254
        4|  -0.0145   0.0144   0.0155   0.0138   0.0117  0.00953  0.00748  0.00565  0.00405  0.00263  0.00135 0.000105 -0.00118 -0.00262 -0.00431 -0.00639 -0.00894   -0.012  -0.0153  -0.0183  -0.0178   0.0179
        3|  -0.0103   0.0103   0.0112   0.0101  0.00874  0.00724  0.00576  0.00439  0.00316  0.00204 0.000998-1.39e-05 -0.00107 -0.00223 -0.00357 -0.00515 -0.00699 -0.00906  -0.0112  -0.0129  -0.0122   0.0123
        2| -0.00676  0.00673  0.00738  0.00675  0.00588   0.0049  0.00393    0.003  0.00215  0.00136 0.000628  -0.0001-0.000847 -0.00167 -0.00258 -0.00364 -0.00482  -0.0061 -0.00734  -0.0083 -0.00775  0.00778
        1| -0.00351  0.00356    0.004  0.00364  0.00316  0.00263  0.00209  0.00158  0.00111 0.000669 0.000251 -0.00015-0.000566   -0.001 -0.00149 -0.00202  -0.0026 -0.00319 -0.00376 -0.00417 -0.00386  0.00385
        0|  -0.0157        0        0        0        0        0        0        0        0        0        0        0        0        0        0        0        0        0        0        0        0   0.0171

rhs (22x12): 
         |        0        1        2        3        4        5        6        7        8        9       10       11       12       13       14       15       16       17       18       19       20       21
-------------------------------------------------------------------------------------------------------------------------------------------------------------------------------------------------------------------------
       11|        0        0        0        0        0        0        0        0        0        0        0        0        0        0        0        0        0        0        0        0        0        0
       10|        0      1.1   -0.178    0.106    0.109   0.0766   0.0559    0.036   0.0285   0.0182   0.0177   0.0134   0.0171   0.0104   0.0186   0.0273   0.0589    0.119    0.226    0.109    -3.56        0
        9|        0   -0.139    0.209    0.179    0.112   0.0764   0.0468   0.0356    0.021   0.0192   0.0108   0.0138  0.00987   0.0214   0.0238   0.0483   0.0943    0.225    0.504    0.759   0.0458        0
        8|        0  -0.0923  -0.0259  -0.0151 -0.00103 -0.00201  0.00379-0.000531  0.00405-0.000682  0.00382-0.000867  0.00413 2.99e-05  0.00508  0.00138  0.00831   0.0103   0.0268  -0.0138  -0.0586        0
        7|        0  -0.0369  -0.0171 -0.00772 -0.00793-0.000637 -0.00371  0.00176 -0.00239  0.00246 -0.00204  0.00261 -0.00203  0.00237 -0.00273 0.000775 -0.00643 -0.00821  -0.0282  -0.0495  -0.0562        0
        6|        0  -0.0237 -0.00556  -0.0082  -0.0014 -0.00444   0.0012 -0.00279  0.00219 -0.00222  0.00249  -0.0021  0.00243  -0.0024  0.00175 -0.00382 -0.00121 -0.00984  -0.0125  -0.0242 -0.00678        0
        5|        0  -0.0129 -0.00698 -0.00139 -0.00478  0.00083 -0.00308    0.002 -0.00232  0.00246 -0.00208  0.00256 -0.00215  0.00229 -0.00269  0.00122 -0.00468 -0.00229  -0.0102 -0.00822  0.00214        0
        4|        0  -0.0126-0.000744  -0.0048 0.000596 -0.00334   0.0018 -0.00245  0.00241 -0.00206  0.00263 -0.00198  0.00257  -0.0022  0.00214   -0.003 0.000744 -0.00523  -0.0024 -0.00829  0.00787        0
        3|        0  -0.0071 -0.00451 0.000505 -0.00357  0.00158 -0.00262  0.00232  -0.0021  0.00266 -0.00189  0.00274 -0.00194  0.00256 -0.00229  0.00192 -0.00335 0.000331 -0.00544 -0.00157  0.00459        0
        2|        0  -0.0369  -0.0314  -0.0332  -0.0244  -0.0243  -0.0148  -0.0148   -0.006 -0.00691 0.000885 -0.00113  0.00574  0.00304  0.00919  0.00562   0.0107  0.00597     0.01  0.00488   0.0178        0
        1|        0    0.126    0.132    0.132    0.121    0.116   0.0993   0.0894   0.0685   0.0549   0.0308   0.0145   -0.013  -0.0336  -0.0653  -0.0895   -0.124   -0.148   -0.177    -0.19   -0.189        0
        0|        0        0        0        0        0        0        0        0        0        0        0        0        0        0        0        0        0        0        0        0        0        0

