t: 1.88159
nCells: 20x10, dx: 0.1, dy: 0.1

u (22x12): 
         |        0        1        2        3        4        5        6        7        8        9       10       11       12       13       14       15       16       17       18       19       20
-------------------------------------------------------------------------------------------------------------------------------------------------------------------------------------------------------------------------
       11|        0  -0.0039 -0.00868   -0.013  -0.0167  -0.0198  -0.0222   -0.024  -0.0253   -0.026  -0.0262   -0.026  -0.0254  -0.0242  -0.0225  -0.0202  -0.0173  -0.0136 -0.00922 -0.00432        0
       10|        0 -0.00297  -0.0066    -0.01  -0.0131  -0.0158  -0.0181  -0.0199  -0.0214  -0.0223  -0.0229   -0.023  -0.0226  -0.0218  -0.0203  -0.0183  -0.0156  -0.0123 -0.00836 -0.00414        0
        9|        0 -0.00262 -0.00571 -0.00865  -0.0114  -0.0137  -0.0158  -0.0174  -0.0187  -0.0196  -0.0201  -0.0201  -0.0197  -0.0189  -0.0175  -0.0157  -0.0133  -0.0104 -0.00701 -0.00336        0
        8|        0 -0.00231 -0.00498 -0.00756 -0.00993   -0.012  -0.0139  -0.0153  -0.0165  -0.0172  -0.0176  -0.0177  -0.0172  -0.0164  -0.0152  -0.0135  -0.0113 -0.00879 -0.00589 -0.00278        0
        7|        0 -0.00203  -0.0044 -0.00667 -0.00878  -0.0106  -0.0123  -0.0136  -0.0146  -0.0153  -0.0156  -0.0156  -0.0152  -0.0144  -0.0133  -0.0117  -0.0098 -0.00755 -0.00504 -0.00236        0
        6|        0 -0.00182 -0.00393 -0.00596 -0.00783 -0.00952   -0.011  -0.0122  -0.0131  -0.0137   -0.014  -0.0139  -0.0135  -0.0128  -0.0117  -0.0103 -0.00858  -0.0066 -0.00439 -0.00205        0
        5|        0 -0.00164 -0.00356 -0.00539  -0.0071 -0.00862 -0.00995   -0.011  -0.0118  -0.0124  -0.0126  -0.0126  -0.0122  -0.0115  -0.0105  -0.0092 -0.00765 -0.00586 -0.00389 -0.00181        0
        4|        0 -0.00152 -0.00327 -0.00496 -0.00653 -0.00794 -0.00915  -0.0102  -0.0109  -0.0114  -0.0116  -0.0115  -0.0112  -0.0105 -0.00957 -0.00838 -0.00695 -0.00532 -0.00352 -0.00164        0
        3|        0 -0.00142 -0.00307 -0.00464 -0.00612 -0.00744 -0.00858 -0.00951  -0.0102  -0.0107  -0.0109  -0.0108  -0.0104 -0.00979 -0.00892 -0.00779 -0.00645 -0.00493 -0.00326 -0.00151        0
        2|        0 -0.00135  -0.0029 -0.00441  -0.0058 -0.00706 -0.00813 -0.00902 -0.00968  -0.0101  -0.0103  -0.0102 -0.00986 -0.00927 -0.00842 -0.00736 -0.00608 -0.00465 -0.00307 -0.00143        0
        1|        0 -0.00109 -0.00239 -0.00362 -0.00478 -0.00582 -0.00672 -0.00745 -0.00801 -0.00836 -0.00851 -0.00844 -0.00817 -0.00767 -0.00698 -0.00609 -0.00504 -0.00384 -0.00254 -0.00117        0
        0|        0  0.00109  0.00237   0.0036  0.00475  0.00577  0.00666  0.00739  0.00794  0.00829  0.00844  0.00837  0.00809   0.0076  0.00691  0.00603  0.00499   0.0038  0.00252  0.00116        0

v (22x12): 
         |        0        1        2        3        4        5        6        7        8        9       10       11       12       13       14       15       16       17       18       19       20       21
-------------------------------------------------------------------------------------------------------------------------------------------------------------------------------------------------------------------------
       10|  -0.0187   0.0188   0.0221   0.0211   0.0195   0.0173   0.0149   0.0122  0.00926   0.0062  0.00303-0.000253 -0.00362 -0.00708  -0.0106  -0.0141  -0.0175  -0.0206  -0.0231  -0.0247  -0.0222   0.0219
        9|  -0.0157   0.0159   0.0184   0.0177   0.0164   0.0146   0.0126   0.0103  0.00784  0.00522  0.00247-0.000355 -0.00326  -0.0062 -0.00916   -0.012  -0.0148  -0.0172  -0.0192  -0.0205  -0.0181   0.0179
        8|  -0.0131   0.0132   0.0153   0.0148   0.0137   0.0123   0.0106  0.00865  0.00656  0.00433    0.002-0.000419 -0.00288 -0.00536 -0.00781  -0.0102  -0.0124  -0.0143  -0.0159  -0.0168  -0.0147   0.0146
        7|  -0.0108   0.0109   0.0126   0.0122   0.0113   0.0101  0.00875  0.00717  0.00542  0.00356   0.0016-0.000423 -0.00249 -0.00454 -0.00656 -0.00848  -0.0103  -0.0118   -0.013  -0.0137  -0.0119   0.0118
        6|  -0.0088  0.00887   0.0103   0.0099   0.0092  0.00826  0.00713  0.00583  0.00441  0.00287  0.00127-0.000404 -0.00209 -0.00377  -0.0054 -0.00694 -0.00834 -0.00955  -0.0105   -0.011 -0.00958  0.00948
        5| -0.00699  0.00705  0.00817  0.00788  0.00731  0.00657  0.00567  0.00464   0.0035  0.00227 0.000977 -0.00035  -0.0017 -0.00303 -0.00433 -0.00554 -0.00664 -0.00756  -0.0083  -0.0087 -0.00754  0.00747
        4| -0.00535  0.00539  0.00626  0.00603  0.00561  0.00503  0.00435  0.00355  0.00268  0.00173 0.000739-0.000293 -0.00132 -0.00235 -0.00333 -0.00426 -0.00508 -0.00578 -0.00632 -0.00662 -0.00573  0.00567
        3| -0.00385  0.00388   0.0045  0.00434  0.00403  0.00363  0.00313  0.00256  0.00192  0.00125 0.000521-0.000215-0.000967  -0.0017 -0.00241 -0.00306 -0.00365 -0.00415 -0.00454 -0.00474  -0.0041  0.00406
        2| -0.00243  0.00245  0.00286  0.00275  0.00256   0.0023  0.00199  0.00162  0.00123 0.000787 0.000335-0.000142-0.000611 -0.00108 -0.00153 -0.00195 -0.00231 -0.00263 -0.00287   -0.003 -0.00258  0.00256
        1|  -0.0011  0.00111  0.00129  0.00125  0.00116  0.00105 0.000901 0.000743 0.000555 0.000364 0.000151-5.67e-05-0.000278-0.000485-0.000694-0.000877 -0.00105 -0.00119  -0.0013 -0.00136 -0.00117  0.00116
        0|        0        0        0        0        0        0        0        0        0        0        0        0        0        0        0        0        0        0        0        0        0        0

p (22x12): 
         |        0        1        2        3        4        5        6        7        8        9       10       11       12       13       14       15       16       17       18       19       20       21
-------------------------------------------------------------------------------------------------------------------------------------------------------------------------------------------------------------------------
       11|    -5.29    -5.29    -5.29    -5.29    -5.29    -5.29    -5.29    -5.29    -5.29    -5.29    -5.29    -5.29    -5.28    -5.28    -5.28    -5.28    -5.28    -5.28    -5.28    -5.28    -5.28    -5.28
       10|    -5.29    -5.29    -5.29    -5.29    -5.29    -5.29    -5.29    -5.29    -5.29    -5.29    -5.29    -5.29    -5.28    -5.28    -5.28    -5.28    -5.28    -5.28    -5.28    -5.28    -5.28    -5.28
        9|    -5.29    -5.29    -5.29    -5.29    -5.29    -5.29    -5.29    -5.29    -5.29    -5.29    -5.29    -5.29    -5.28    -5.28    -5.28    -5.28    -5.28    -5.28    -5.28    -5.28    -5.28    -5.28
        8|    -5.29    -5.29    -5.29    -5.29    -5.29    -5.29    -5.29    -5.29    -5.29    -5.29    -5.29    -5.29    -5.28    -5.28    -5.28    -5.28    -5.28    -5.28    -5.28    -5.28    -5.28    -5.28
        7|    -5.29    -5.29    -5.29    -5.29    -5.29    -5.29    -5.29    -5.29    -5.29    -5.29    -5.29    -5.29    -5.28    -5.28    -5.28    -5.28    -5.28    -5.28    -5.28    -5.28    -5.28    -5.28
        6|    -5.29    -5.29    -5.29    -5.29    -5.29    -5.29    -5.29    -5.29    -5.29    -5.29    -5.29    -5.29    -5.28    -5.28    -5.28    -5.28    -5.28    -5.28    -5.28    -5.28    -5.28    -5.28
        5|    -5.29    -5.29    -5.29    -5.29    -5.29    -5.29    -5.29    -5.29    -5.29    -5.29    -5.29    -5.29    -5.28    -5.28    -5.28    -5.28    -5.28    -5.28    -5.28    -5.28    -5.28    -5.28
        4|    -5.29    -5.29    -5.29    -5.29    -5.29    -5.29    -5.29    -5.29    -5.29    -5.29    -5.29    -5.29    -5.28    -5.28    -5.28    -5.28    -5.28    -5.28    -5.28    -5.28    -5.28    -5.28
        3|    -5.29    -5.29    -5.29    -5.29    -5.29    -5.29    -5.29    -5.29    -5.29    -5.29    -5.29    -5.29    -5.28    -5.28    -5.28    -5.28    -5.28    -5.28    -5.28    -5.28    -5.28    -5.28
        2|    -5.29    -5.29    -5.29    -5.29    -5.29    -5.29    -5.29    -5.29    -5.29    -5.29    -5.29    -5.28    -5.28    -5.28    -5.28    -5.28    -5.28    -5.28    -5.28    -5.28    -5.28    -5.28
        1|    -5.29    -5.29    -5.29    -5.29    -5.29    -5.29    -5.29    -5.29    -5.29    -5.29    -5.29    -5.28    -5.28    -5.28    -5.28    -5.28    -5.28    -5.28    -5.28    -5.28    -5.28    -5.28
        0|    -5.29    -5.29    -5.29    -5.29    -5.29    -5.29    -5.29    -5.29    -5.29    -5.29    -5.29    -5.28    -5.28    -5.28    -5.28    -5.28    -5.28    -5.28    -5.28    -5.28    -5.28    -5.28

F (22x12): 
         |        0        1        2        3        4        5        6        7        8        9       10       11       12       13       14       15       16       17       18       19       20
-------------------------------------------------------------------------------------------------------------------------------------------------------------------------------------------------------------------------
       11|        0        0        0        0        0        0        0        0        0        0        0        0        0        0        0        0        0        0        0        0        0
       10|        0 -0.00296 -0.00655 -0.00995   -0.013  -0.0157  -0.0179  -0.0197  -0.0211  -0.0221  -0.0226  -0.0227  -0.0223  -0.0215  -0.0201   -0.018  -0.0154  -0.0121 -0.00824 -0.00408        0
        9|        0  -0.0026 -0.00566 -0.00858  -0.0112  -0.0136  -0.0156  -0.0172  -0.0185  -0.0194  -0.0198  -0.0199  -0.0195  -0.0186  -0.0173  -0.0155  -0.0131  -0.0102 -0.00692 -0.00332        0
        8|        0 -0.00229 -0.00494  -0.0075 -0.00984  -0.0119  -0.0137  -0.0152  -0.0163  -0.0171  -0.0174  -0.0174   -0.017  -0.0162   -0.015  -0.0133  -0.0112 -0.00867 -0.00582 -0.00275        0
        7|        0 -0.00202 -0.00437 -0.00661 -0.00869  -0.0105  -0.0121  -0.0134  -0.0145  -0.0151  -0.0154  -0.0154   -0.015  -0.0142  -0.0131  -0.0116 -0.00967 -0.00746 -0.00498 -0.00233        0
        6|        0 -0.00181 -0.00389  -0.0059 -0.00776 -0.00943  -0.0109   -0.012  -0.0129  -0.0135  -0.0138  -0.0137  -0.0134  -0.0126  -0.0116  -0.0102 -0.00848 -0.00652 -0.00433 -0.00203        0
        5|        0 -0.00163 -0.00353 -0.00534 -0.00703 -0.00853 -0.00984  -0.0109  -0.0117  -0.0122  -0.0125  -0.0124   -0.012  -0.0113  -0.0104 -0.00909 -0.00756 -0.00579 -0.00385 -0.00179        0
        4|        0 -0.00151 -0.00324 -0.00491 -0.00646 -0.00786 -0.00905    -0.01  -0.0108  -0.0113  -0.0115  -0.0114   -0.011  -0.0104 -0.00946 -0.00828 -0.00686 -0.00525 -0.00348 -0.00163        0
        3|        0  -0.0014 -0.00304  -0.0046 -0.00606 -0.00736 -0.00849  -0.0094  -0.0101  -0.0105  -0.0107  -0.0106  -0.0103 -0.00967 -0.00881 -0.00769 -0.00638 -0.00487 -0.00323  -0.0015        0
        2|        0 -0.00134 -0.00287 -0.00436 -0.00574 -0.00698 -0.00805 -0.00892 -0.00957    -0.01  -0.0102  -0.0101 -0.00974 -0.00915 -0.00832 -0.00727 -0.00601 -0.00459 -0.00303 -0.00142        0
        1|        0 -0.00108 -0.00236 -0.00358 -0.00472 -0.00574 -0.00663 -0.00735  -0.0079 -0.00825  -0.0084 -0.00833 -0.00805 -0.00756 -0.00688   -0.006 -0.00497 -0.00378  -0.0025 -0.00116        0
        0|        0  0.00109  0.00237   0.0036  0.00475  0.00577  0.00666  0.00739  0.00794  0.00829  0.00844  0.00837  0.00809   0.0076  0.00691  0.00603  0.00499   0.0038  0.00252  0.00116        0

G (22x12): 
         |        0        1        2        3        4        5        6        7        8        9       10       11       12       13       14       15       16       17       18       19       20       21
-------------------------------------------------------------------------------------------------------------------------------------------------------------------------------------------------------------------------
       10|  -0.0187   0.0186   0.0218   0.0209   0.0192   0.0171   0.0147    0.012  0.00909  0.00606  0.00293-0.000306 -0.00362 -0.00702  -0.0105  -0.0139  -0.0172  -0.0202  -0.0227  -0.0242  -0.0217   0.0219
        9|  -0.0157   0.0156   0.0182   0.0175   0.0162   0.0145   0.0124   0.0102  0.00771  0.00512   0.0024-0.000394 -0.00327 -0.00617 -0.00909  -0.0119  -0.0146   -0.017   -0.019  -0.0202  -0.0178   0.0179
        8|  -0.0131    0.013   0.0152   0.0146   0.0135   0.0121   0.0104  0.00853  0.00646  0.00425  0.00195-0.000446 -0.00287 -0.00533 -0.00775  -0.0101  -0.0123  -0.0142  -0.0157  -0.0166  -0.0145   0.0146
        7|  -0.0108   0.0108   0.0125    0.012   0.0112     0.01  0.00863  0.00707  0.00534   0.0035  0.00155-0.000442 -0.00248 -0.00451  -0.0065  -0.0084  -0.0101  -0.0117  -0.0129  -0.0135  -0.0118   0.0118
        6|  -0.0088  0.00875   0.0102  0.00979  0.00909  0.00816  0.00704  0.00576  0.00435  0.00282  0.00123-0.000416 -0.00208 -0.00374 -0.00535 -0.00687 -0.00825 -0.00945  -0.0104  -0.0109 -0.00944  0.00948
        5| -0.00699  0.00696  0.00808  0.00779  0.00722  0.00649   0.0056  0.00458  0.00345  0.00224 0.000954-0.000359  -0.0017 -0.00301 -0.00429 -0.00548 -0.00656 -0.00748  -0.0082 -0.00859 -0.00744  0.00747
        4| -0.00535  0.00532  0.00619  0.00596  0.00554  0.00498   0.0043  0.00351  0.00264   0.0017 0.000722-0.000298 -0.00132 -0.00233  -0.0033 -0.00421 -0.00502 -0.00572 -0.00625 -0.00655 -0.00565  0.00567
        3| -0.00385  0.00383  0.00445   0.0043  0.00399  0.00359  0.00309  0.00253   0.0019  0.00123 0.000509-0.000218-0.000962 -0.00168 -0.00239 -0.00303 -0.00362  -0.0041 -0.00449 -0.00469 -0.00405  0.00406
        2| -0.00243  0.00242  0.00283  0.00272  0.00253  0.00227  0.00197   0.0016  0.00121 0.000775 0.000327-0.000144-0.000608 -0.00108 -0.00151 -0.00193 -0.00229  -0.0026 -0.00284 -0.00297 -0.00255  0.00256
        1|  -0.0011  0.00109  0.00128  0.00124  0.00115  0.00104 0.000892 0.000735 0.000549 0.000359 0.000148-5.81e-05-0.000277-0.000482-0.000689 -0.00087 -0.00104 -0.00118 -0.00129 -0.00134 -0.00115  0.00116
        0|        0        0        0        0        0        0        0        0        0        0        0        0        0        0        0        0        0        0        0        0        0        0

rhs (22x12): 
         |        0        1        2        3        4        5        6        7        8        9       10       11       12       13       14       15       16       17       18       19       20       21
-------------------------------------------------------------------------------------------------------------------------------------------------------------------------------------------------------------------------
       11|        0        0        0        0        0        0        0        0        0        0        0        0        0        0        0        0        0        0        0        0        0        0
       10|        0 -0.00383    0.013  0.00303  0.00803 -0.00285  0.00234  -0.0075-0.000652 -0.00841 0.000811  -0.0044  0.00801  0.00701   0.0241   0.0276   0.0487    0.055   0.0762   0.0774   0.0801        0
        9|        0 -0.00173  -0.0047  0.00311 -0.00468  0.00331 -0.00446  0.00351 -0.00429  0.00363 -0.00424  0.00356 -0.00446   0.0033 -0.00475   0.0029 -0.00522  0.00239 -0.00567  0.00244  0.00369        0
        8|        0 -0.00669  0.00362 -0.00431  0.00364 -0.00415  0.00382 -0.00398  0.00397 -0.00388  0.00402 -0.00394  0.00385 -0.00413  0.00362 -0.00442  0.00328 -0.00478  0.00296 -0.00477   0.0091        0
        7|        0 2.05e-05 -0.00398   0.0039 -0.00393  0.00404 -0.00377  0.00419 -0.00363   0.0043 -0.00358  0.00426  -0.0037  0.00411 -0.00388  0.00388 -0.00414   0.0036 -0.00439   0.0036  0.00273        0
        6|        0  -0.0053  0.00414 -0.00377  0.00419 -0.00363  0.00434 -0.00348  0.00447 -0.00338  0.00453 -0.00341  0.00444 -0.00352  0.00429 -0.00371  0.00407 -0.00394  0.00387 -0.00398  0.00829        0
        5|        0  0.00111 -0.00362  0.00429 -0.00355  0.00442  -0.0034  0.00457 -0.00327  0.00468  -0.0032  0.00467 -0.00327  0.00457 -0.00341   0.0044  -0.0036   0.0042 -0.00379  0.00416  0.00205        0
        4|        0 -0.00448  0.00439  -0.0035  0.00446 -0.00337  0.00461 -0.00322  0.00474 -0.00311  0.00481 -0.00311  0.00476  -0.0032  0.00463 -0.00336  0.00445 -0.00355  0.00429 -0.00361  0.00775        0
        3|        0  0.00171 -0.00346  0.00448 -0.00337  0.00461 -0.00322  0.00476 -0.00309  0.00486 -0.00302  0.00487 -0.00306   0.0048 -0.00318  0.00464 -0.00336  0.00447 -0.00352   0.0044  0.00163        0
        2|        0 -0.00403  0.00455 -0.00337  0.00461 -0.00325  0.00473 -0.00312  0.00484 -0.00303   0.0049 -0.00301  0.00488 -0.00307  0.00477 -0.00322  0.00462 -0.00338  0.00448 -0.00345  0.00746        0
        1|        0  0.00474  0.00132  0.00719   0.0011  0.00686 0.000678  0.00634 7.23e-05  0.00565-0.000687  0.00481 -0.00157  0.00391 -0.00249  0.00302 -0.00333  0.00227 -0.00395  0.00188 0.000733        0
        0|        0        0        0        0        0        0        0        0        0        0        0        0        0        0        0        0        0        0        0        0        0        0

