t: 1.33277
nCells: 20x10, dx: 0.1, dy: 0.1

u (22x12): 
         |        0        1        2        3        4        5        6        7        8        9       10       11       12       13       14       15       16       17       18       19       20
-------------------------------------------------------------------------------------------------------------------------------------------------------------------------------------------------------------------------
       11|        0     1.92     1.87     1.85     1.83     1.82     1.82     1.81     1.81     1.81     1.81     1.81     1.81     1.81     1.81     1.81     1.82     1.82     1.85     1.89        0
       10|        0   0.0823    0.128    0.153    0.169    0.179    0.185    0.189    0.192    0.194    0.195    0.196    0.196    0.196    0.195    0.192    0.188    0.179    0.158    0.107        0
        9|        0  -0.0312  -0.0335  -0.0294  -0.0249  -0.0211  -0.0183  -0.0162  -0.0148  -0.0139  -0.0134  -0.0133  -0.0135  -0.0142  -0.0153  -0.0171  -0.0197  -0.0228  -0.0254  -0.0228        0
        8|        0  -0.0156  -0.0249  -0.0284   -0.029  -0.0285  -0.0278   -0.027  -0.0265  -0.0261   -0.026  -0.0262  -0.0267  -0.0276  -0.0289   -0.031  -0.0337  -0.0369  -0.0384  -0.0308        0
        7|        0 -0.00959  -0.0173  -0.0217   -0.024  -0.0249  -0.0253  -0.0253  -0.0253  -0.0253  -0.0254  -0.0256   -0.026  -0.0265  -0.0273  -0.0283  -0.0292  -0.0294  -0.0272  -0.0186        0
        6|        0 -0.00662  -0.0127  -0.0171  -0.0199  -0.0216  -0.0226  -0.0232  -0.0236  -0.0239  -0.0241  -0.0242  -0.0244  -0.0246  -0.0248  -0.0247  -0.0241  -0.0225  -0.0185  -0.0109        0
        5|        0   -0.005 -0.00998   -0.014  -0.0169   -0.019  -0.0204  -0.0214   -0.022  -0.0225  -0.0227  -0.0229  -0.0229  -0.0228  -0.0224  -0.0216  -0.0202  -0.0176  -0.0135 -0.00721        0
        4|        0 -0.00406 -0.00827  -0.0119  -0.0147   -0.017  -0.0186  -0.0198  -0.0207  -0.0212  -0.0215  -0.0216  -0.0215  -0.0211  -0.0204  -0.0192  -0.0173  -0.0145  -0.0105 -0.00534        0
        3|        0 -0.00349 -0.00719  -0.0105  -0.0133  -0.0155  -0.0173  -0.0186  -0.0196  -0.0202  -0.0205  -0.0206  -0.0204  -0.0198  -0.0189  -0.0174  -0.0153  -0.0124 -0.00876 -0.00434        0
        2|        0 -0.00318 -0.00655 -0.00965  -0.0123  -0.0146  -0.0164  -0.0178  -0.0188  -0.0195  -0.0198  -0.0199  -0.0196  -0.0189  -0.0178  -0.0162  -0.0141  -0.0112 -0.00777 -0.00379        0
        1|        0 -0.00313 -0.00664 -0.00981  -0.0126  -0.0148  -0.0166  -0.0179  -0.0188  -0.0193  -0.0195  -0.0193  -0.0188  -0.0179  -0.0167   -0.015  -0.0128    -0.01 -0.00685 -0.00328        0
        0|        0 -0.00251  -0.0053 -0.00791  -0.0102  -0.0122  -0.0139  -0.0152  -0.0161  -0.0167   -0.017   -0.017  -0.0166  -0.0159  -0.0147  -0.0132  -0.0112 -0.00879 -0.00599 -0.00295        0

v (22x12): 
         |        0        1        2        3        4        5        6        7        8        9       10       11       12       13       14       15       16       17       18       19       20       21
-------------------------------------------------------------------------------------------------------------------------------------------------------------------------------------------------------------------------
       10|        0        0        0        0        0        0        0        0        0        0        0        0        0        0        0        0        0        0        0        0        0        0
        9|  -0.0816   0.0823   0.0454   0.0256   0.0155  0.00979   0.0064  0.00428  0.00289  0.00194  0.00124 0.000683 0.000127-0.000437 -0.00114 -0.00225 -0.00442 -0.00925   -0.021  -0.0502   -0.107    0.106
        8|  -0.0506    0.051   0.0431   0.0297     0.02   0.0135  0.00924  0.00634  0.00431  0.00284  0.00172 0.000781-9.63e-05 -0.00107 -0.00229 -0.00406 -0.00696  -0.0124  -0.0236  -0.0476  -0.0847   0.0827
        7|   -0.035   0.0354   0.0339   0.0262   0.0194    0.014     0.01  0.00707  0.00487  0.00319  0.00182 0.000609-0.000591 -0.00194 -0.00367 -0.00608 -0.00972  -0.0155  -0.0251    -0.04  -0.0539   0.0526
        6|  -0.0255   0.0258   0.0262   0.0218   0.0171    0.013  0.00967  0.00701   0.0049  0.00319  0.00174 0.000394-0.000967 -0.00252 -0.00445 -0.00704  -0.0106  -0.0158  -0.0228  -0.0314  -0.0353   0.0345
        5|  -0.0189   0.0192   0.0201   0.0174   0.0143   0.0113  0.00865  0.00641  0.00453  0.00294  0.00153 0.000208 -0.00117 -0.00271 -0.00459 -0.00698  -0.0101  -0.0141  -0.0189  -0.0238  -0.0244   0.0239
        4|   -0.014   0.0142   0.0151   0.0134   0.0114  0.00922  0.00722  0.00543  0.00388   0.0025  0.00126 5.84e-05 -0.00118 -0.00257 -0.00421 -0.00621 -0.00865  -0.0115  -0.0147  -0.0176  -0.0172   0.0169
        3| -0.00998   0.0101   0.0109  0.00985  0.00848    0.007  0.00556  0.00423  0.00303  0.00195 0.000938-4.16e-05 -0.00106 -0.00218 -0.00348 -0.00499 -0.00676 -0.00873  -0.0108  -0.0124  -0.0119   0.0117
        2| -0.00652   0.0066  0.00718  0.00655   0.0057  0.00475   0.0038   0.0029  0.00207  0.00131 0.000595-0.000111-0.000834 -0.00163 -0.00251 -0.00353 -0.00466 -0.00588 -0.00707 -0.00799 -0.00752   0.0074
        1| -0.00338  0.00342   0.0038  0.00346    0.003   0.0025  0.00199   0.0015  0.00105 0.000636 0.000238-0.000145-0.000542-0.000959 -0.00142 -0.00193 -0.00249 -0.00306  -0.0036 -0.00401 -0.00374  0.00368
        0|  -0.0151   0.0153   0.0169    0.016   0.0146   0.0129   0.0109  0.00875  0.00649  0.00414  0.00176 -0.00068 -0.00314 -0.00564 -0.00813  -0.0106  -0.0129   -0.015  -0.0168  -0.0179  -0.0166   0.0163

p (22x12): 
         |        0        1        2        3        4        5        6        7        8        9       10       11       12       13       14       15       16       17       18       19       20       21
-------------------------------------------------------------------------------------------------------------------------------------------------------------------------------------------------------------------------
       11|    -1.96    -1.96    -1.95    -1.95    -1.95    -1.95    -1.94    -1.94    -1.94    -1.94    -1.94    -1.93    -1.93    -1.93    -1.93    -1.93    -1.92    -1.92    -1.91     -1.9    -1.89    -1.89
       10|    -1.96    -1.96    -1.95    -1.95    -1.95    -1.95    -1.94    -1.94    -1.94    -1.94    -1.94    -1.93    -1.93    -1.93    -1.93    -1.93    -1.92    -1.92    -1.91     -1.9    -1.89    -1.89
        9|    -1.95    -1.95    -1.95    -1.95    -1.95    -1.95    -1.94    -1.94    -1.94    -1.94    -1.94    -1.93    -1.93    -1.93    -1.93    -1.93    -1.92    -1.92    -1.92    -1.91     -1.9     -1.9
        8|    -1.95    -1.95    -1.95    -1.95    -1.95    -1.94    -1.94    -1.94    -1.94    -1.94    -1.93    -1.93    -1.93    -1.93    -1.93    -1.93    -1.92    -1.92    -1.92    -1.91    -1.91    -1.91
        7|    -1.95    -1.95    -1.95    -1.94    -1.94    -1.94    -1.94    -1.94    -1.94    -1.94    -1.93    -1.93    -1.93    -1.93    -1.93    -1.93    -1.92    -1.92    -1.92    -1.92    -1.91    -1.91
        6|    -1.94    -1.94    -1.94    -1.94    -1.94    -1.94    -1.94    -1.94    -1.94    -1.94    -1.93    -1.93    -1.93    -1.93    -1.93    -1.93    -1.92    -1.92    -1.92    -1.92    -1.92    -1.92
        5|    -1.94    -1.94    -1.94    -1.94    -1.94    -1.94    -1.94    -1.94    -1.94    -1.94    -1.93    -1.93    -1.93    -1.93    -1.93    -1.93    -1.92    -1.92    -1.92    -1.92    -1.92    -1.92
        4|    -1.94    -1.94    -1.94    -1.94    -1.94    -1.94    -1.94    -1.94    -1.94    -1.94    -1.93    -1.93    -1.93    -1.93    -1.93    -1.93    -1.92    -1.92    -1.92    -1.92    -1.92    -1.92
        3|    -1.94    -1.94    -1.94    -1.94    -1.94    -1.94    -1.94    -1.94    -1.94    -1.93    -1.93    -1.93    -1.93    -1.93    -1.93    -1.93    -1.93    -1.92    -1.92    -1.92    -1.92    -1.92
        2|    -1.94    -1.94    -1.94    -1.94    -1.94    -1.94    -1.94    -1.94    -1.94    -1.93    -1.93    -1.93    -1.93    -1.93    -1.93    -1.93    -1.93    -1.92    -1.92    -1.92    -1.92    -1.92
        1|    -1.94    -1.94    -1.94    -1.94    -1.94    -1.94    -1.94    -1.94    -1.94    -1.93    -1.93    -1.93    -1.93    -1.93    -1.93    -1.93    -1.93    -1.92    -1.92    -1.92    -1.92    -1.92
        0|    -1.94    -1.94    -1.94    -1.94    -1.94    -1.94    -1.94    -1.94    -1.94    -1.93    -1.93    -1.93    -1.93    -1.93    -1.93    -1.93    -1.93    -1.93    -1.93    -1.92    -1.92    -1.92

F (22x12): 
         |        0        1        2        3        4        5        6        7        8        9       10       11       12       13       14       15       16       17       18       19       20
-------------------------------------------------------------------------------------------------------------------------------------------------------------------------------------------------------------------------
       11|        0     1.92     1.87     1.85     1.83     1.82     1.82     1.81     1.81     1.81     1.81     1.81     1.81     1.81     1.81     1.81     1.82     1.82     1.85     1.89        0
       10|        0   0.0837    0.128    0.154    0.169    0.179    0.185     0.19    0.193    0.195    0.196    0.196    0.197    0.196    0.195    0.193    0.189     0.18     0.16    0.112        0
        9|        0   -0.031   -0.033  -0.0289  -0.0243  -0.0206  -0.0178  -0.0157  -0.0143  -0.0134  -0.0129  -0.0128  -0.0131  -0.0137  -0.0148  -0.0166   -0.019  -0.0219  -0.0239  -0.0206        0
        8|        0  -0.0155  -0.0247   -0.028  -0.0286  -0.0281  -0.0273  -0.0266   -0.026  -0.0257  -0.0256  -0.0257  -0.0262  -0.0271  -0.0284  -0.0304   -0.033  -0.0361  -0.0374  -0.0298        0
        7|        0 -0.00952  -0.0171  -0.0215  -0.0236  -0.0246  -0.0249  -0.0249  -0.0249  -0.0249  -0.0249  -0.0251  -0.0255  -0.0261  -0.0268  -0.0277  -0.0286  -0.0288  -0.0265  -0.0181        0
        6|        0 -0.00656  -0.0126  -0.0169  -0.0196  -0.0213  -0.0223  -0.0229  -0.0232  -0.0235  -0.0236  -0.0238   -0.024  -0.0242  -0.0243  -0.0242  -0.0237   -0.022  -0.0181  -0.0107        0
        5|        0 -0.00495 -0.00987  -0.0138  -0.0167  -0.0187  -0.0201   -0.021  -0.0217  -0.0221  -0.0223  -0.0225  -0.0225  -0.0223   -0.022  -0.0212  -0.0198  -0.0173  -0.0132 -0.00705        0
        4|        0 -0.00402 -0.00817  -0.0117  -0.0145  -0.0167  -0.0183  -0.0195  -0.0203  -0.0209  -0.0212  -0.0212  -0.0211  -0.0207    -0.02  -0.0188  -0.0169  -0.0142  -0.0103 -0.00524        0
        3|        0 -0.00345  -0.0071  -0.0103  -0.0131  -0.0153   -0.017  -0.0183  -0.0192  -0.0199  -0.0202  -0.0202    -0.02  -0.0195  -0.0185   -0.017   -0.015  -0.0122 -0.00858 -0.00425        0
        2|        0 -0.00314 -0.00647 -0.00952  -0.0122  -0.0144  -0.0162  -0.0175  -0.0185  -0.0192  -0.0195  -0.0195  -0.0192  -0.0186  -0.0175  -0.0159  -0.0138   -0.011 -0.00761 -0.00372        0
        1|        0  -0.0031 -0.00656 -0.00968  -0.0124  -0.0146  -0.0163  -0.0176  -0.0185   -0.019  -0.0191   -0.019  -0.0184  -0.0176  -0.0163  -0.0146  -0.0125 -0.00982  -0.0067 -0.00321        0
        0|        0        0        0        0        0        0        0        0        0        0        0        0        0        0        0        0        0        0        0        0        0

G (22x12): 
         |        0        1        2        3        4        5        6        7        8        9       10       11       12       13       14       15       16       17       18       19       20       21
-------------------------------------------------------------------------------------------------------------------------------------------------------------------------------------------------------------------------
       10|        0        0        0        0        0        0        0        0        0        0        0        0        0        0        0        0        0        0        0        0        0        0
        9|  -0.0816   0.0807    0.045   0.0253   0.0152   0.0096  0.00626  0.00417   0.0028  0.00187   0.0012 0.000647 0.000102 -0.00045 -0.00114 -0.00223 -0.00433   -0.009  -0.0203  -0.0484   -0.103    0.106
        8|  -0.0506   0.0501   0.0423    0.029   0.0195   0.0132  0.00897  0.00614  0.00417  0.00273  0.00164 0.000717-0.000148 -0.00111 -0.00233  -0.0041   -0.007  -0.0124  -0.0235  -0.0469  -0.0828   0.0827
        7|   -0.035   0.0348   0.0333   0.0257   0.0189   0.0137  0.00975  0.00687  0.00472  0.00308  0.00173 0.000546-0.000637 -0.00198 -0.00369 -0.00607 -0.00968  -0.0154  -0.0248  -0.0393  -0.0528   0.0526
        6|  -0.0255   0.0253   0.0257   0.0214   0.0168   0.0127  0.00945  0.00683  0.00477  0.00309  0.00166  0.00034   -0.001 -0.00253 -0.00444 -0.00699  -0.0105  -0.0156  -0.0225  -0.0309  -0.0346   0.0345
        5|  -0.0189   0.0188   0.0197   0.0171    0.014   0.0111  0.00846  0.00625  0.00441  0.00285  0.00147 0.000165 -0.00119 -0.00271 -0.00456 -0.00691 -0.00996  -0.0139  -0.0186  -0.0234  -0.0239   0.0239
        4|   -0.014   0.0139   0.0148   0.0132   0.0112  0.00904  0.00706  0.00531  0.00378  0.00243  0.00121 2.64e-05  -0.0012 -0.00256 -0.00417 -0.00614 -0.00853  -0.0114  -0.0145  -0.0172  -0.0168   0.0169
        3| -0.00998  0.00992   0.0107  0.00969  0.00833  0.00687  0.00545  0.00414  0.00296  0.00189 0.000901-6.25e-05 -0.00107 -0.00217 -0.00344 -0.00493 -0.00666 -0.00859  -0.0106  -0.0122  -0.0116   0.0117
        2| -0.00652  0.00648  0.00706  0.00644   0.0056  0.00466  0.00373  0.00284  0.00203  0.00128 0.000573-0.000121-0.000833 -0.00161 -0.00248 -0.00348 -0.00459 -0.00579 -0.00695 -0.00785 -0.00737   0.0074
        1| -0.00338  0.00343  0.00381  0.00347  0.00301  0.00251  0.00199  0.00151  0.00105 0.000635 0.000236-0.000147-0.000544 -0.00096 -0.00142 -0.00193 -0.00248 -0.00304 -0.00357 -0.00397 -0.00369  0.00368
        0|  -0.0151        0        0        0        0        0        0        0        0        0        0        0        0        0        0        0        0        0        0        0        0   0.0163

rhs (22x12): 
         |        0        1        2        3        4        5        6        7        8        9       10       11       12       13       14       15       16       17       18       19       20       21
-------------------------------------------------------------------------------------------------------------------------------------------------------------------------------------------------------------------------
       11|        0        0        0        0        0        0        0        0        0        0        0        0        0        0        0        0        0        0        0        0        0        0
       10|        0     1.15   -0.152     0.11    0.105   0.0709   0.0505    0.032   0.0251   0.0161   0.0158   0.0122   0.0146  0.00974   0.0175   0.0256   0.0541    0.108    0.205     0.11    -3.41        0
        9|        0   -0.133    0.204    0.169    0.104   0.0691   0.0416   0.0314   0.0183   0.0169  0.00951   0.0124  0.00992   0.0194   0.0221   0.0444   0.0855    0.202    0.452    0.689   0.0421        0
        8|        0  -0.0905  -0.0251  -0.0143 -0.00126 -0.00201  0.00323-0.000601  0.00353-0.000688  0.00336-0.000824  0.00375-2.77e-05  0.00447  0.00108  0.00693  0.00737   0.0183  -0.0211  -0.0549        0
        7|        0  -0.0361  -0.0161 -0.00731 -0.00728-0.000643 -0.00335  0.00156 -0.00215   0.0022 -0.00183  0.00234 -0.00184   0.0021 -0.00248 0.000633 -0.00585 -0.00742  -0.0251  -0.0429  -0.0461        0
        6|        0  -0.0228 -0.00532 -0.00754 -0.00135 -0.00401  0.00106  -0.0025  0.00197 -0.00199  0.00223 -0.00188  0.00217 -0.00216  0.00155 -0.00344 -0.00107 -0.00869  -0.0108  -0.0209 -0.00388        0
        5|        0  -0.0126 -0.00642 -0.00135 -0.00434 0.000718 -0.00277  0.00179 -0.00208   0.0022 -0.00186  0.00228 -0.00194  0.00204 -0.00242  0.00109 -0.00418 -0.00198 -0.00896 -0.00712  0.00287        0
        4|        0  -0.0121-0.000767 -0.00437 0.000499 -0.00301  0.00161 -0.00219  0.00216 -0.00185  0.00236 -0.00178  0.00229 -0.00198  0.00191 -0.00269 0.000672 -0.00465 -0.00206 -0.00732  0.00764        0
        3|        0 -0.00696 -0.00411 0.000409 -0.00322  0.00141 -0.00235  0.00208 -0.00187  0.00239 -0.00169  0.00245 -0.00174  0.00229 -0.00206  0.00171 -0.00301 0.000313 -0.00483 -0.00135  0.00457        0
        2|        0  -0.0349  -0.0293  -0.0308  -0.0227  -0.0225  -0.0138  -0.0137 -0.00566 -0.00634 0.000765-0.000923  0.00535  0.00305  0.00867  0.00558   0.0103  0.00611  0.00984  0.00529   0.0171        0
        1|        0    0.129    0.134    0.134    0.122    0.116   0.0989   0.0879    0.067   0.0527   0.0288    0.012  -0.0149  -0.0356  -0.0662  -0.0901   -0.123   -0.146   -0.174   -0.186   -0.185        0
        0|        0        0        0        0        0        0        0        0        0        0        0        0        0        0        0        0        0        0        0        0        0        0

