t: 0.454516
nCells: 20x10, dx: 0.1, dy: 0.1

u (22x12): 
         |        0        1        2        3        4        5        6        7        8        9       10       11       12       13       14       15       16       17       18       19       20
-------------------------------------------------------------------------------------------------------------------------------------------------------------------------------------------------------------------------
       11|        0     1.96     1.95     1.94     1.93     1.93     1.93     1.93     1.93     1.93     1.93     1.93     1.93     1.93     1.93     1.93     1.93     1.94     1.94     1.96        0
       10|        0   0.0401   0.0573   0.0653   0.0696    0.072   0.0735   0.0745   0.0751   0.0754   0.0755   0.0755   0.0752   0.0748    0.074   0.0726   0.0705   0.0665   0.0588   0.0415        0
        9|        0  -0.0159  -0.0164  -0.0143  -0.0123  -0.0107 -0.00969 -0.00898 -0.00852 -0.00826 -0.00817 -0.00823 -0.00846 -0.00888 -0.00955  -0.0106   -0.012   -0.014  -0.0161  -0.0154        0
        8|        0 -0.00812  -0.0114   -0.012  -0.0116  -0.0111  -0.0106  -0.0101 -0.00986  -0.0097 -0.00964  -0.0097 -0.00987  -0.0102  -0.0106  -0.0112  -0.0119  -0.0124  -0.0121 -0.00911        0
        7|        0 -0.00466 -0.00766 -0.00907 -0.00957 -0.00964 -0.00955 -0.00943 -0.00931 -0.00924 -0.00922 -0.00926 -0.00934 -0.00948 -0.00964 -0.00979  -0.0098 -0.00941 -0.00811 -0.00509        0
        6|        0 -0.00306 -0.00548 -0.00703  -0.0079 -0.00836 -0.00857 -0.00867  -0.0087 -0.00872 -0.00873 -0.00873 -0.00874 -0.00873 -0.00866 -0.00849 -0.00809 -0.00727 -0.00575 -0.00326        0
        5|        0 -0.00223 -0.00419 -0.00565 -0.00665  -0.0073 -0.00772 -0.00797 -0.00812  -0.0082 -0.00823 -0.00821 -0.00815 -0.00803  -0.0078 -0.00742  -0.0068 -0.00581 -0.00435 -0.00233        0
        4|        0 -0.00176  -0.0034 -0.00473 -0.00575  -0.0065 -0.00702 -0.00737  -0.0076 -0.00773 -0.00777 -0.00774 -0.00763 -0.00742 -0.00709 -0.00659 -0.00586 -0.00485  -0.0035 -0.00182        0
        3|        0 -0.00148  -0.0029 -0.00413 -0.00513 -0.00591 -0.00649  -0.0069 -0.00718 -0.00734 -0.00739 -0.00735 -0.00721 -0.00695 -0.00655 -0.00598 -0.00522 -0.00422 -0.00297 -0.00152        0
        2|        0 -0.00132 -0.00261 -0.00376 -0.00473 -0.00552 -0.00612 -0.00657 -0.00687 -0.00705 -0.00711 -0.00706  -0.0069 -0.00661 -0.00618 -0.00558  -0.0048 -0.00383 -0.00266 -0.00135        0
        1|        0 -0.00124 -0.00248 -0.00359 -0.00455 -0.00533 -0.00594 -0.00639 -0.00671 -0.00688 -0.00694 -0.00689 -0.00671  -0.0064 -0.00595 -0.00534 -0.00456  -0.0036 -0.00249 -0.00124        0
        0|        0 -0.00103 -0.00207 -0.00302 -0.00385 -0.00455 -0.00511 -0.00554 -0.00584 -0.00602 -0.00608 -0.00603 -0.00586 -0.00557 -0.00514 -0.00459 -0.00389 -0.00305 -0.00209 -0.00105        0

v (22x12): 
         |        0        1        2        3        4        5        6        7        8        9       10       11       12       13       14       15       16       17       18       19       20       21
-------------------------------------------------------------------------------------------------------------------------------------------------------------------------------------------------------------------------
       10|        0        0        0        0        0        0        0        0        0        0        0        0        0        0        0        0        0        0        0        0        0        0
        9|  -0.0382   0.0401   0.0172  0.00803  0.00424  0.00245   0.0015 0.000944 0.000586 0.000333 0.000133-5.22e-05-0.000244-0.000478-0.000803 -0.00131 -0.00219 -0.00391 -0.00772  -0.0173  -0.0415   0.0394
        8|   -0.023   0.0242   0.0166   0.0102  0.00628  0.00397  0.00256  0.00165  0.00104 0.000589 0.000223-0.000113-0.000468-0.000897 -0.00147 -0.00232 -0.00366 -0.00589  -0.0098  -0.0166  -0.0261   0.0246
        7|  -0.0153   0.0161   0.0133  0.00959  0.00663  0.00454  0.00308  0.00206  0.00132 0.000753 0.000275-0.000169-0.000639 -0.00119 -0.00191 -0.00291 -0.00434 -0.00645 -0.00951  -0.0136   -0.017   0.0161
        6|  -0.0109   0.0115   0.0103  0.00817  0.00613  0.00446  0.00317  0.00219  0.00143 0.000823 0.000296-0.000202-0.000724 -0.00133 -0.00208 -0.00305 -0.00435 -0.00607 -0.00821  -0.0106  -0.0119   0.0113
        5| -0.00797  0.00839  0.00792  0.00663  0.00526  0.00401  0.00295   0.0021   0.0014 0.000809 0.000288 -0.00021 -0.00073 -0.00132 -0.00202 -0.00288 -0.00395 -0.00524  -0.0067 -0.00809 -0.00864  0.00818
        4| -0.00586  0.00616  0.00596  0.00517  0.00425  0.00335  0.00254  0.00185  0.00125 0.000729 0.000258-0.000197-0.000668 -0.00119 -0.00179  -0.0025 -0.00333 -0.00426 -0.00523 -0.00607 -0.00631  0.00598
        3| -0.00419   0.0044  0.00432  0.00383  0.00323  0.00261  0.00202  0.00149  0.00102   0.0006 0.000211-0.000168-0.000558-0.000981 -0.00146   -0.002  -0.0026 -0.00325 -0.00388  -0.0044 -0.00449  0.00427
        2| -0.00279  0.00292   0.0029   0.0026  0.00223  0.00183  0.00144  0.00108 0.000745  0.00044 0.000153-0.000127-0.000414-0.000722 -0.00106 -0.00143 -0.00183 -0.00225 -0.00263 -0.00294 -0.00298  0.00283
        1| -0.00154  0.00161   0.0016  0.00145  0.00126  0.00105 0.000837 0.000633 0.000441 0.000261 8.95e-05 -7.9e-05-0.000252-0.000432-0.000627-0.000835 -0.00105 -0.00127 -0.00147 -0.00162 -0.00163  0.00156
        0| -0.00581  0.00615   0.0062  0.00581  0.00525  0.00457  0.00381    0.003  0.00216  0.00131 0.000453-0.000409 -0.00127 -0.00213 -0.00298  -0.0038 -0.00457 -0.00526 -0.00584 -0.00624 -0.00619  0.00585

p (22x12): 
         |        0        1        2        3        4        5        6        7        8        9       10       11       12       13       14       15       16       17       18       19       20       21
-------------------------------------------------------------------------------------------------------------------------------------------------------------------------------------------------------------------------
       11|  -0.0974  -0.0974  -0.0883  -0.0828  -0.0787  -0.0753  -0.0724  -0.0698  -0.0674  -0.0651  -0.0629  -0.0607  -0.0585  -0.0562  -0.0539  -0.0513  -0.0484   -0.045  -0.0405  -0.0339  -0.0228  -0.0228
       10|  -0.0974  -0.0974  -0.0883  -0.0828  -0.0787  -0.0753  -0.0724  -0.0698  -0.0674  -0.0651  -0.0629  -0.0607  -0.0585  -0.0562  -0.0539  -0.0513  -0.0484   -0.045  -0.0405  -0.0339  -0.0228  -0.0228
        9|  -0.0882  -0.0882  -0.0848  -0.0811  -0.0778  -0.0748  -0.0721  -0.0696  -0.0673  -0.0651  -0.0629  -0.0607  -0.0586  -0.0563   -0.054  -0.0516  -0.0489  -0.0458  -0.0423  -0.0381  -0.0335  -0.0335
        8|  -0.0828  -0.0828  -0.0812  -0.0788  -0.0763  -0.0739  -0.0715  -0.0692   -0.067  -0.0649  -0.0628  -0.0607  -0.0586  -0.0565  -0.0543   -0.052  -0.0496   -0.047  -0.0442  -0.0415  -0.0394  -0.0394
        7|  -0.0792  -0.0792  -0.0783  -0.0768  -0.0749  -0.0729  -0.0708  -0.0688  -0.0667  -0.0647  -0.0627  -0.0607  -0.0587  -0.0567  -0.0546  -0.0526  -0.0504  -0.0483  -0.0462  -0.0444  -0.0433  -0.0433
        6|  -0.0767  -0.0767  -0.0761   -0.075  -0.0735  -0.0719  -0.0701  -0.0683  -0.0664  -0.0645  -0.0626  -0.0607  -0.0588  -0.0569   -0.055  -0.0532  -0.0513  -0.0495  -0.0479  -0.0466  -0.0459  -0.0459
        5|  -0.0749  -0.0749  -0.0745  -0.0736  -0.0724   -0.071  -0.0695  -0.0678  -0.0661  -0.0643  -0.0626  -0.0608   -0.059  -0.0572  -0.0554  -0.0537  -0.0521  -0.0506  -0.0493  -0.0484  -0.0479  -0.0479
        4|  -0.0736  -0.0736  -0.0733  -0.0725  -0.0716  -0.0703  -0.0689  -0.0674  -0.0658  -0.0642  -0.0625  -0.0608  -0.0591  -0.0574  -0.0558  -0.0542  -0.0528  -0.0515  -0.0504  -0.0496  -0.0492  -0.0492
        3|  -0.0727  -0.0727  -0.0724  -0.0718  -0.0709  -0.0698  -0.0685  -0.0671  -0.0656   -0.064  -0.0624  -0.0608  -0.0592  -0.0576  -0.0561  -0.0546  -0.0533  -0.0521  -0.0512  -0.0505  -0.0502  -0.0502
        2|  -0.0721  -0.0721  -0.0718  -0.0713  -0.0705  -0.0694  -0.0682  -0.0669  -0.0655   -0.064  -0.0624  -0.0608  -0.0593  -0.0577  -0.0563  -0.0549  -0.0536  -0.0526  -0.0517  -0.0511  -0.0508  -0.0508
        1|  -0.0719  -0.0719  -0.0716  -0.0711  -0.0703  -0.0693  -0.0681  -0.0668  -0.0654  -0.0639  -0.0624  -0.0608  -0.0593  -0.0578  -0.0563   -0.055  -0.0538  -0.0527  -0.0519  -0.0513  -0.0511  -0.0511
        0|  -0.0704  -0.0704  -0.0702  -0.0698  -0.0691  -0.0683  -0.0673  -0.0661  -0.0649  -0.0636  -0.0623  -0.0609  -0.0596  -0.0583   -0.057  -0.0559  -0.0548   -0.054  -0.0533  -0.0528  -0.0526  -0.0526

F (22x12): 
         |        0        1        2        3        4        5        6        7        8        9       10       11       12       13       14       15       16       17       18       19       20
-------------------------------------------------------------------------------------------------------------------------------------------------------------------------------------------------------------------------
       11|        0     1.96     1.95     1.94     1.93     1.93     1.93     1.93     1.93     1.93     1.93     1.93     1.93     1.93     1.93     1.93     1.93     1.94     1.94     1.96        0
       10|        0   0.0424   0.0587   0.0664   0.0704   0.0728   0.0742   0.0751   0.0756    0.076   0.0761    0.076   0.0758   0.0754   0.0746   0.0734   0.0713   0.0677   0.0605   0.0444        0
        9|        0   -0.015  -0.0155  -0.0134  -0.0115  -0.0101 -0.00906 -0.00838 -0.00795 -0.00771 -0.00762 -0.00768 -0.00789 -0.00829 -0.00892 -0.00987  -0.0113  -0.0131   -0.015  -0.0143        0
        8|        0 -0.00772  -0.0108  -0.0114   -0.011  -0.0105 -0.00997 -0.00958 -0.00932 -0.00916 -0.00911 -0.00917 -0.00933 -0.00961    -0.01  -0.0106  -0.0112  -0.0117  -0.0115 -0.00858        0
        7|        0 -0.00443 -0.00726 -0.00859 -0.00906 -0.00912 -0.00903 -0.00891  -0.0088 -0.00873 -0.00871 -0.00874 -0.00883 -0.00895 -0.00911 -0.00924 -0.00925 -0.00888 -0.00765  -0.0048        0
        6|        0 -0.00291  -0.0052 -0.00665 -0.00748  -0.0079 -0.00811 -0.00819 -0.00822 -0.00824 -0.00824 -0.00825 -0.00825 -0.00824 -0.00818 -0.00802 -0.00763 -0.00686 -0.00542 -0.00308        0
        5|        0 -0.00211 -0.00397 -0.00535 -0.00629 -0.00691 -0.00729 -0.00753 -0.00767 -0.00774 -0.00777 -0.00776  -0.0077 -0.00758 -0.00736   -0.007 -0.00641 -0.00549  -0.0041  -0.0022        0
        4|        0 -0.00167 -0.00322 -0.00448 -0.00544 -0.00614 -0.00663 -0.00696 -0.00718  -0.0073 -0.00734 -0.00731  -0.0072 -0.00701 -0.00669 -0.00622 -0.00553 -0.00457  -0.0033 -0.00172        0
        3|        0  -0.0014 -0.00275 -0.00391 -0.00485 -0.00558 -0.00613 -0.00652 -0.00678 -0.00693 -0.00698 -0.00694  -0.0068 -0.00656 -0.00618 -0.00565 -0.00492 -0.00398 -0.00281 -0.00143        0
        2|        0 -0.00125 -0.00247 -0.00356 -0.00447 -0.00521 -0.00578  -0.0062 -0.00649 -0.00665 -0.00671 -0.00667 -0.00651 -0.00624 -0.00583 -0.00527 -0.00453 -0.00361 -0.00251 -0.00127        0
        1|        0 -0.00117 -0.00234  -0.0034  -0.0043 -0.00503 -0.00561 -0.00603 -0.00633 -0.00649 -0.00655 -0.00649 -0.00632 -0.00603  -0.0056 -0.00503 -0.00429  -0.0034 -0.00234 -0.00117        0
        0|        0        0        0        0        0        0        0        0        0        0        0        0        0        0        0        0        0        0        0        0        0

G (22x12): 
         |        0        1        2        3        4        5        6        7        8        9       10       11       12       13       14       15       16       17       18       19       20       21
-------------------------------------------------------------------------------------------------------------------------------------------------------------------------------------------------------------------------
       10|        0        0        0        0        0        0        0        0        0        0        0        0        0        0        0        0        0        0        0        0        0        0
        9|  -0.0382   0.0377   0.0163  0.00761  0.00401  0.00231  0.00142  0.00089 0.000551 0.000312 0.000123-5.21e-05-0.000234-0.000455-0.000764 -0.00124 -0.00208 -0.00369 -0.00727  -0.0163  -0.0388   0.0394
        8|   -0.023   0.0229   0.0157   0.0096  0.00591  0.00373  0.00241  0.00156 0.000977 0.000551 0.000205-0.000114-0.000451-0.000858 -0.00141 -0.00221 -0.00348  -0.0056 -0.00931  -0.0158  -0.0246   0.0246
        7|  -0.0153   0.0152   0.0126  0.00905  0.00626  0.00428  0.00291  0.00194  0.00124 0.000706 0.000254-0.000167-0.000612 -0.00114 -0.00182 -0.00276 -0.00412 -0.00612 -0.00901  -0.0129   -0.016   0.0161
        6|  -0.0109   0.0108  0.00979  0.00773  0.00579  0.00421    0.003  0.00207  0.00135 0.000773 0.000275-0.000198-0.000693 -0.00126 -0.00198  -0.0029 -0.00413 -0.00575 -0.00778    -0.01  -0.0112   0.0113
        5| -0.00797  0.00793   0.0075  0.00628  0.00497  0.00379  0.00279  0.00198  0.00132 0.000762 0.000268-0.000204-0.000697 -0.00125 -0.00192 -0.00273 -0.00375 -0.00497 -0.00634 -0.00765 -0.00815  0.00818
        4| -0.00586  0.00582  0.00565   0.0049  0.00403  0.00317  0.00241  0.00175  0.00118 0.000687 0.000241-0.000191-0.000638 -0.00113  -0.0017 -0.00237 -0.00316 -0.00404 -0.00495 -0.00575 -0.00596  0.00598
        3| -0.00419  0.00417   0.0041  0.00364  0.00307  0.00248  0.00192  0.00141 0.000967 0.000568 0.000197-0.000162-0.000533-0.000935 -0.00139  -0.0019 -0.00247 -0.00308 -0.00368 -0.00417 -0.00425  0.00427
        2| -0.00279  0.00277  0.00275  0.00248  0.00212  0.00174  0.00137  0.00103 0.000708 0.000417 0.000144-0.000123-0.000397-0.000689 -0.00101 -0.00136 -0.00174 -0.00214  -0.0025 -0.00279 -0.00282  0.00283
        1| -0.00154  0.00155  0.00155  0.00141  0.00122  0.00102 0.000812 0.000614 0.000428 0.000253 8.63e-05-7.75e-05-0.000245 -0.00042-0.000608-0.000808 -0.00102 -0.00123 -0.00142 -0.00156 -0.00157  0.00156
        0| -0.00581        0        0        0        0        0        0        0        0        0        0        0        0        0        0        0        0        0        0        0        0  0.00585

rhs (22x12): 
         |        0        1        2        3        4        5        6        7        8        9       10       11       12       13       14       15       16       17       18       19       20       21
-------------------------------------------------------------------------------------------------------------------------------------------------------------------------------------------------------------------------
       11|        0        0        0        0        0        0        0        0        0        0        0        0        0        0        0        0        0        0        0        0        0        0
       10|        0     1.83 -0.00603   0.0259   0.0146  0.00724  0.00423  0.00242  0.00201  0.00147  0.00181  0.00125  0.00187  0.00233  0.00385  0.00574   0.0101   0.0182   0.0347   0.0445    -2.18        0
        9|        0  -0.0402   0.0521   0.0297    0.014  0.00759  0.00407  0.00287  0.00165  0.00159 0.000998  0.00191  0.00186  0.00283  0.00364  0.00641   0.0111   0.0236   0.0532   0.0991   0.0211        0
        8|        0   -0.031   -0.006 -0.00279  -0.0008-0.000565 7.27e-05-0.000207 0.000225-0.000142 0.000251 -0.00011 0.000277-0.000123 0.000227-0.000257-0.000139 -0.00131 -0.00338  -0.0102 -0.00248        0
        7|        0  -0.0133 -0.00283 -0.00133-0.000979-0.000199-0.000381  0.00011-0.000223  0.00019-0.000186 0.000202-0.000198 0.000157-0.000296-4.71e-05-0.000719-0.000932 -0.00249  -0.0037  0.00333        0
        6|        0 -0.00774 -0.00108 -0.00104-0.000304-0.000467 5.09e-05-0.000261 0.000167-0.000199 0.000196-0.000191 0.000184-0.000229 0.000106-0.000378-0.000171-0.000869-0.000969  -0.0019  0.00422        0
        5|        0 -0.00496-0.000902-0.000319-0.000519 2.32e-06-0.000295 0.000146-0.000209 0.000194-0.000185 0.000199-0.000197 0.000168-0.000258 5.99e-05-0.000441 -0.00023-0.000856-0.000705  0.00335        0
        4|        0 -0.00399-0.000251 -0.00053-3.05e-05-0.000327 0.000124-0.000221 0.000191-0.000181 0.000211-0.000179   0.0002-0.000204 0.000152-0.000285 2.29e-05-0.000474-0.000225-0.000732   0.0031        0
        3|        0 -0.00299-0.000504-4.68e-05-0.000355 9.85e-05-0.000238 0.000184-0.000181 0.000218-0.000164  0.00022-0.000174 0.000198-0.000214 0.000132-0.000313-5.21e-06-0.000483-0.000169  0.00243        0
        2|        0    -0.01 -0.00724   -0.007 -0.00577  -0.0052 -0.00382 -0.00322 -0.00189 -0.00138 -0.00017 0.000207  0.00132  0.00162  0.00264  0.00283  0.00371  0.00371  0.00439  0.00418   0.0071        0
        1|        0    0.149    0.148     0.14    0.126    0.111   0.0927   0.0739   0.0535   0.0335   0.0124 -0.00803  -0.0294  -0.0501  -0.0714  -0.0915   -0.111   -0.128   -0.143   -0.153   -0.155        0
        0|        0        0        0        0        0        0        0        0        0        0        0        0        0        0        0        0        0        0        0        0        0        0

