t: 1.12454
nCells: 20x10, dx: 0.1, dy: 0.1

u (22x12): 
         |        0        1        2        3        4        5        6        7        8        9       10       11       12       13       14       15       16       17       18       19       20
-------------------------------------------------------------------------------------------------------------------------------------------------------------------------------------------------------------------------
       11|        0 -0.00275 -0.00576 -0.00847  -0.0108  -0.0127  -0.0142  -0.0153  -0.0161  -0.0165  -0.0167  -0.0165  -0.0161  -0.0154  -0.0143  -0.0128  -0.0109  -0.0086 -0.00588 -0.00284        0
       10|        0 -0.00224 -0.00466 -0.00691 -0.00891  -0.0106   -0.012  -0.0131  -0.0139  -0.0144  -0.0146  -0.0145  -0.0142  -0.0135  -0.0125  -0.0112 -0.00951 -0.00746 -0.00509  -0.0025        0
        9|        0 -0.00192 -0.00399 -0.00592 -0.00767 -0.00917  -0.0104  -0.0114  -0.0121  -0.0126  -0.0128  -0.0127  -0.0124  -0.0118  -0.0108 -0.00963 -0.00812 -0.00632 -0.00429 -0.00209        0
        8|        0 -0.00166 -0.00344 -0.00513 -0.00666   -0.008 -0.00912    -0.01  -0.0107  -0.0111  -0.0113  -0.0112  -0.0109  -0.0103 -0.00943 -0.00834 -0.00699 -0.00542 -0.00366 -0.00177        0
        7|        0 -0.00145 -0.00302 -0.00449 -0.00585 -0.00704 -0.00805 -0.00886 -0.00945 -0.00982 -0.00998  -0.0099 -0.00959 -0.00905 -0.00828 -0.00729 -0.00609  -0.0047 -0.00317 -0.00153        0
        6|        0 -0.00129 -0.00267 -0.00399  -0.0052 -0.00627 -0.00717 -0.00791 -0.00844 -0.00878 -0.00891 -0.00884 -0.00855 -0.00805 -0.00735 -0.00645 -0.00537 -0.00414 -0.00278 -0.00134        0
        5|        0 -0.00115  -0.0024 -0.00359 -0.00468 -0.00565 -0.00648 -0.00715 -0.00764 -0.00794 -0.00806 -0.00799 -0.00772 -0.00726 -0.00661 -0.00579 -0.00482  -0.0037 -0.00249  -0.0012        0
        4|        0 -0.00106  -0.0022 -0.00329 -0.00429 -0.00519 -0.00595 -0.00656 -0.00702  -0.0073  -0.0074 -0.00733 -0.00708 -0.00665 -0.00605 -0.00529 -0.00439 -0.00337 -0.00226 -0.00109        0
        3|        0-0.000984 -0.00205 -0.00307 -0.00401 -0.00484 -0.00556 -0.00614 -0.00657 -0.00683 -0.00693 -0.00685 -0.00661  -0.0062 -0.00564 -0.00493 -0.00409 -0.00314  -0.0021 -0.00101        0
        2|        0-0.000938 -0.00195 -0.00292 -0.00381 -0.00461 -0.00529 -0.00585 -0.00625 -0.00651  -0.0066 -0.00653 -0.00629  -0.0059 -0.00536 -0.00468 -0.00388 -0.00298 -0.00199 -0.00096        0
        1|        0-0.000822 -0.00172 -0.00257 -0.00336 -0.00407 -0.00467 -0.00516 -0.00552 -0.00574 -0.00583 -0.00576 -0.00556 -0.00521 -0.00473 -0.00413 -0.00343 -0.00262 -0.00176-0.000842        0
        0|        0 0.000809  0.00169  0.00253   0.0033  0.00399  0.00459  0.00506  0.00542  0.00563  0.00572  0.00565  0.00545  0.00511  0.00464  0.00405  0.00336  0.00257  0.00172 0.000827        0

v (22x12): 
         |        0        1        2        3        4        5        6        7        8        9       10       11       12       13       14       15       16       17       18       19       20       21
-------------------------------------------------------------------------------------------------------------------------------------------------------------------------------------------------------------------------
       10|  -0.0133   0.0135   0.0146   0.0138   0.0126    0.011   0.0093  0.00742  0.00545  0.00343  0.00137-0.000711 -0.00281 -0.00493 -0.00703 -0.00909   -0.011  -0.0128  -0.0143  -0.0152  -0.0143    0.014
        9|  -0.0111   0.0113   0.0122   0.0115   0.0106  0.00933   0.0079  0.00633  0.00466  0.00293  0.00115-0.000647 -0.00246 -0.00427 -0.00605 -0.00776 -0.00935  -0.0108  -0.0119  -0.0127  -0.0118   0.0116
        8|  -0.0092  0.00936   0.0101  0.00961  0.00882  0.00782  0.00664  0.00534  0.00394  0.00247 0.000959-0.000579 -0.00212 -0.00365 -0.00513 -0.00654 -0.00784 -0.00897 -0.00987  -0.0105 -0.00972  0.00953
        7| -0.00757   0.0077  0.00833  0.00792  0.00729  0.00648  0.00552  0.00444  0.00328  0.00205 0.000785-0.000502 -0.00179 -0.00306 -0.00429 -0.00544 -0.00649 -0.00739 -0.00811 -0.00857 -0.00795   0.0078
        6| -0.00614  0.00625  0.00676  0.00644  0.00594  0.00528  0.00451  0.00363  0.00268  0.00168 0.000636-0.000427 -0.00148 -0.00253 -0.00352 -0.00446 -0.00529 -0.00601 -0.00657 -0.00693 -0.00642   0.0063
        5| -0.00488  0.00497  0.00537  0.00512  0.00472  0.00421   0.0036   0.0029  0.00214  0.00134 0.000501-0.000348  -0.0012 -0.00203 -0.00282 -0.00356 -0.00422 -0.00478 -0.00522 -0.00549 -0.00509  0.00499
        4| -0.00374  0.00381  0.00413  0.00393  0.00363  0.00324  0.00277  0.00224  0.00165  0.00103 0.000385-0.000275-0.000929 -0.00157 -0.00218 -0.00274 -0.00324 -0.00367   -0.004 -0.00421 -0.00389  0.00382
        3|  -0.0027  0.00275  0.00298  0.00285  0.00263  0.00235  0.00201  0.00162   0.0012 0.000747 0.000276  -0.0002-0.000678 -0.00114 -0.00158 -0.00199 -0.00235 -0.00265 -0.00289 -0.00303 -0.00281  0.00275
        2| -0.00173  0.00176  0.00191  0.00183  0.00169  0.00151  0.00129  0.00104 0.000771 0.000479 0.000179-0.000131-0.000435-0.000735 -0.00102 -0.00128 -0.00151  -0.0017 -0.00185 -0.00195  -0.0018  0.00176
        1|-0.000813 0.000827 0.000896 0.000858 0.000791 0.000709 0.000605 0.000491 0.000361 0.000227 8.31e-05-5.91e-05-0.000205-0.000343-0.000477-0.000597-0.000707-0.000796-0.000868 -0.00091-0.000841 0.000826
        0|        0        0        0        0        0        0        0        0        0        0        0        0        0        0        0        0        0        0        0        0        0        0

p (22x12): 
         |        0        1        2        3        4        5        6        7        8        9       10       11       12       13       14       15       16       17       18       19       20       21
-------------------------------------------------------------------------------------------------------------------------------------------------------------------------------------------------------------------------
       11|    -1.17    -1.17    -1.17    -1.17    -1.17    -1.17    -1.17    -1.16    -1.16    -1.16    -1.16    -1.16    -1.16    -1.16    -1.15    -1.15    -1.15    -1.15    -1.15    -1.15    -1.15    -1.15
       10|    -1.17    -1.17    -1.17    -1.17    -1.17    -1.17    -1.16    -1.16    -1.16    -1.16    -1.16    -1.16    -1.16    -1.16    -1.16    -1.15    -1.15    -1.15    -1.15    -1.15    -1.15    -1.15
        9|    -1.17    -1.17    -1.17    -1.17    -1.17    -1.16    -1.16    -1.16    -1.16    -1.16    -1.16    -1.16    -1.16    -1.16    -1.16    -1.15    -1.15    -1.15    -1.15    -1.15    -1.15    -1.15
        8|    -1.17    -1.17    -1.16    -1.16    -1.16    -1.16    -1.16    -1.16    -1.16    -1.16    -1.16    -1.16    -1.16    -1.16    -1.16    -1.16    -1.15    -1.15    -1.15    -1.15    -1.15    -1.15
        7|    -1.16    -1.16    -1.16    -1.16    -1.16    -1.16    -1.16    -1.16    -1.16    -1.16    -1.16    -1.16    -1.16    -1.16    -1.16    -1.16    -1.16    -1.15    -1.15    -1.15    -1.15    -1.15
        6|    -1.16    -1.16    -1.16    -1.16    -1.16    -1.16    -1.16    -1.16    -1.16    -1.16    -1.16    -1.16    -1.16    -1.16    -1.16    -1.16    -1.16    -1.16    -1.15    -1.15    -1.15    -1.15
        5|    -1.16    -1.16    -1.16    -1.16    -1.16    -1.16    -1.16    -1.16    -1.16    -1.16    -1.16    -1.16    -1.16    -1.16    -1.16    -1.16    -1.16    -1.16    -1.16    -1.16    -1.16    -1.16
        4|    -1.16    -1.16    -1.16    -1.16    -1.16    -1.16    -1.16    -1.16    -1.16    -1.16    -1.16    -1.16    -1.16    -1.16    -1.16    -1.16    -1.16    -1.16    -1.16    -1.16    -1.16    -1.16
        3|    -1.16    -1.16    -1.16    -1.16    -1.16    -1.16    -1.16    -1.16    -1.16    -1.16    -1.16    -1.16    -1.16    -1.16    -1.16    -1.16    -1.16    -1.16    -1.16    -1.16    -1.16    -1.16
        2|    -1.16    -1.16    -1.16    -1.16    -1.16    -1.16    -1.16    -1.16    -1.16    -1.16    -1.16    -1.16    -1.16    -1.16    -1.16    -1.16    -1.16    -1.16    -1.16    -1.16    -1.16    -1.16
        1|    -1.16    -1.16    -1.16    -1.16    -1.16    -1.16    -1.16    -1.16    -1.16    -1.16    -1.16    -1.16    -1.16    -1.16    -1.16    -1.16    -1.16    -1.16    -1.16    -1.16    -1.16    -1.16
        0|    -1.16    -1.16    -1.16    -1.16    -1.16    -1.16    -1.16    -1.16    -1.16    -1.16    -1.16    -1.16    -1.16    -1.16    -1.16    -1.16    -1.16    -1.16    -1.16    -1.16    -1.16    -1.16

F (22x12): 
         |        0        1        2        3        4        5        6        7        8        9       10       11       12       13       14       15       16       17       18       19       20
-------------------------------------------------------------------------------------------------------------------------------------------------------------------------------------------------------------------------
       11|        0        0        0        0        0        0        0        0        0        0        0        0        0        0        0        0        0        0        0        0        0
       10|        0  -0.0022 -0.00458 -0.00678 -0.00874  -0.0104  -0.0118  -0.0128  -0.0136  -0.0141  -0.0143  -0.0142  -0.0139  -0.0132  -0.0123   -0.011  -0.0093 -0.00729 -0.00497 -0.00245        0
        9|        0 -0.00188 -0.00391 -0.00581 -0.00752 -0.00899  -0.0102  -0.0112  -0.0119  -0.0123  -0.0125  -0.0125  -0.0121  -0.0115  -0.0106 -0.00942 -0.00794 -0.00618  -0.0042 -0.00204        0
        8|        0 -0.00163 -0.00338 -0.00503 -0.00653 -0.00784 -0.00894 -0.00981  -0.0105  -0.0109   -0.011  -0.0109  -0.0106  -0.0101 -0.00923 -0.00815 -0.00684  -0.0053 -0.00358 -0.00174        0
        7|        0 -0.00142 -0.00296 -0.00441 -0.00573  -0.0069 -0.00789 -0.00867 -0.00925 -0.00962 -0.00976 -0.00968 -0.00938 -0.00885  -0.0081 -0.00713 -0.00596  -0.0046  -0.0031  -0.0015        0
        6|        0 -0.00126 -0.00262 -0.00391 -0.00509 -0.00614 -0.00703 -0.00774 -0.00827  -0.0086 -0.00872 -0.00865 -0.00836 -0.00788 -0.00719 -0.00631 -0.00526 -0.00405 -0.00272 -0.00132        0
        5|        0 -0.00113 -0.00236 -0.00352 -0.00459 -0.00554 -0.00635   -0.007 -0.00748 -0.00778 -0.00789 -0.00782 -0.00755  -0.0071 -0.00647 -0.00567 -0.00471 -0.00362 -0.00243 -0.00117        0
        4|        0 -0.00104 -0.00215 -0.00322  -0.0042 -0.00508 -0.00582 -0.00643 -0.00687 -0.00715 -0.00725 -0.00718 -0.00692  -0.0065 -0.00592 -0.00518  -0.0043  -0.0033 -0.00221 -0.00107        0
        3|        0-0.000967 -0.00201 -0.00301 -0.00393 -0.00475 -0.00545 -0.00601 -0.00643 -0.00668 -0.00678 -0.00671 -0.00647 -0.00607 -0.00552 -0.00482   -0.004 -0.00307 -0.00206 -0.00099        0
        2|        0-0.000921 -0.00191 -0.00286 -0.00374 -0.00452 -0.00518 -0.00572 -0.00612 -0.00637 -0.00646 -0.00639 -0.00616 -0.00578 -0.00525 -0.00458  -0.0038 -0.00291 -0.00195-0.000941        0
        1|        0-0.000805 -0.00168 -0.00251 -0.00329 -0.00397 -0.00456 -0.00504 -0.00539 -0.00561 -0.00569 -0.00563 -0.00543 -0.00509 -0.00462 -0.00403 -0.00334 -0.00256 -0.00172-0.000823        0
        0|        0 0.000809  0.00169  0.00253   0.0033  0.00399  0.00459  0.00506  0.00542  0.00563  0.00572  0.00565  0.00545  0.00511  0.00464  0.00405  0.00336  0.00257  0.00172 0.000827        0

G (22x12): 
         |        0        1        2        3        4        5        6        7        8        9       10       11       12       13       14       15       16       17       18       19       20       21
-------------------------------------------------------------------------------------------------------------------------------------------------------------------------------------------------------------------------
       10|  -0.0133   0.0132   0.0143   0.0135   0.0123   0.0108  0.00907  0.00723  0.00531  0.00333  0.00132-0.000716 -0.00276 -0.00482 -0.00687 -0.00887  -0.0108  -0.0125  -0.0139  -0.0148  -0.0139    0.014
        9|  -0.0111    0.011   0.0119   0.0113   0.0103  0.00912  0.00772  0.00618  0.00455  0.00285  0.00111 -0.00065 -0.00243 -0.00419 -0.00593  -0.0076 -0.00916  -0.0105  -0.0116  -0.0124  -0.0115   0.0116
        8|  -0.0092  0.00915   0.0099  0.00941  0.00863  0.00764  0.00649  0.00521  0.00384   0.0024 0.000925 -0.00058 -0.00209 -0.00358 -0.00503 -0.00641 -0.00767 -0.00878 -0.00966  -0.0102 -0.00949  0.00953
        7| -0.00757  0.00753  0.00815  0.00776  0.00713  0.00634  0.00539  0.00434   0.0032    0.002 0.000758-0.000501 -0.00176 -0.00301 -0.00421 -0.00533 -0.00636 -0.00724 -0.00794 -0.00838 -0.00776   0.0078
        6| -0.00614  0.00611  0.00662   0.0063  0.00581  0.00517  0.00441  0.00355  0.00262  0.00163 0.000615-0.000425 -0.00146 -0.00248 -0.00345 -0.00437 -0.00518 -0.00588 -0.00643 -0.00678 -0.00627   0.0063
        5| -0.00488  0.00485  0.00526  0.00502  0.00462  0.00412  0.00352  0.00284  0.00209  0.00131 0.000485-0.000346 -0.00118 -0.00199 -0.00277 -0.00349 -0.00413 -0.00468 -0.00511 -0.00537 -0.00497  0.00499
        4| -0.00374  0.00372  0.00404  0.00385  0.00356  0.00317  0.00271  0.00219  0.00162    0.001 0.000373-0.000273-0.000912 -0.00154 -0.00213 -0.00269 -0.00318 -0.00359 -0.00391 -0.00412  -0.0038  0.00382
        3|  -0.0027  0.00269  0.00292  0.00279  0.00257   0.0023  0.00196  0.00159  0.00117 0.000729 0.000267-0.000198-0.000666 -0.00112 -0.00155 -0.00195  -0.0023 -0.00259 -0.00283 -0.00297 -0.00274  0.00275
        2| -0.00173  0.00172  0.00188  0.00179  0.00165  0.00147  0.00126  0.00102 0.000754 0.000468 0.000173-0.000129-0.000427-0.000721-0.000996 -0.00125 -0.00148 -0.00167 -0.00181 -0.00191 -0.00175  0.00176
        1|-0.000813  0.00081 0.000879 0.000842 0.000776 0.000695 0.000593 0.000481 0.000354 0.000222 8.09e-05-5.87e-05-0.000202-0.000337-0.000469-0.000586-0.000694-0.000781-0.000852-0.000893-0.000823 0.000826
        0|        0        0        0        0        0        0        0        0        0        0        0        0        0        0        0        0        0        0        0        0        0        0

rhs (22x12): 
         |        0        1        2        3        4        5        6        7        8        9       10       11       12       13       14       15       16       17       18       19       20       21
-------------------------------------------------------------------------------------------------------------------------------------------------------------------------------------------------------------------------
       11|        0        0        0        0        0        0        0        0        0        0        0        0        0        0        0        0        0        0        0        0        0        0
       10|        0 -0.00709 0.000353 -0.00335 -0.00126 -0.00499 -0.00253 -0.00559 -0.00227 -0.00436-1.21e-05 -0.00108  0.00456   0.0051   0.0123   0.0144   0.0228   0.0255   0.0336   0.0344    0.039        0
        9|        0 -0.00268  -0.0019  0.00106 -0.00185  0.00117 -0.00174  0.00127 -0.00165  0.00133 -0.00162   0.0013 -0.00169  0.00123 -0.00179   0.0011 -0.00194 0.000942 -0.00209 0.000911  0.00296        0
        8|        0  -0.0042  0.00127  -0.0017  0.00131 -0.00161  0.00139 -0.00153  0.00146 -0.00148  0.00149 -0.00151  0.00144 -0.00156  0.00136 -0.00165  0.00125 -0.00177  0.00114  -0.0018  0.00479        0
        7|        0 -0.00143 -0.00156  0.00141 -0.00152  0.00148 -0.00145  0.00155 -0.00139   0.0016 -0.00136  0.00158  -0.0014  0.00154 -0.00146  0.00146 -0.00155  0.00137 -0.00164  0.00134  0.00223        0
        6|        0 -0.00324  0.00151 -0.00145  0.00154 -0.00139  0.00161 -0.00132  0.00167 -0.00128  0.00169 -0.00129  0.00166 -0.00133  0.00161  -0.0014  0.00153 -0.00148  0.00146  -0.0015  0.00418        0
        5|        0-0.000686 -0.00139  0.00159 -0.00136  0.00164 -0.00129  0.00171 -0.00124  0.00175 -0.00121  0.00174 -0.00124  0.00171 -0.00129  0.00165 -0.00136  0.00158 -0.00142  0.00155  0.00174        0
        4|        0 -0.00268  0.00162 -0.00133  0.00166 -0.00128  0.00172 -0.00122  0.00178 -0.00117   0.0018 -0.00117  0.00178 -0.00121  0.00173 -0.00127  0.00167 -0.00133  0.00161 -0.00137   0.0038        0
        3|        0-0.000278 -0.00132  0.00167 -0.00128  0.00172 -0.00122  0.00178 -0.00116  0.00182 -0.00114  0.00183 -0.00115   0.0018  -0.0012  0.00174 -0.00126  0.00167 -0.00132  0.00164  0.00144        0
        2|        0 -0.00239  0.00168 -0.00128  0.00172 -0.00123  0.00177 -0.00117  0.00182 -0.00114  0.00184 -0.00113  0.00183 -0.00116  0.00179 -0.00121  0.00173 -0.00127  0.00168 -0.00131   0.0036        0
        1|        0  0.00174  0.00127  0.00343  0.00109  0.00317 0.000763  0.00279 0.000322   0.0023-0.000206  0.00174-0.000785  0.00115 -0.00136 0.000603 -0.00187 0.000156 -0.00224-9.74e-05 0.000241        0
        0|        0        0        0        0        0        0        0        0        0        0        0        0        0        0        0        0        0        0        0        0        0        0

