t: 1.12454
nCells: 20x10, dx: 0.1, dy: 0.1

u (22x12): 
         |        0        1        2        3        4        5        6        7        8        9       10       11       12       13       14       15       16       17       18       19       20
-------------------------------------------------------------------------------------------------------------------------------------------------------------------------------------------------------------------------
       11|        0     1.92     1.89     1.86     1.85     1.85     1.84     1.84     1.84     1.83     1.83     1.83     1.83     1.83     1.84     1.84     1.84     1.85     1.87     1.91        0
       10|        0   0.0762    0.116    0.137     0.15    0.157    0.162    0.165    0.168    0.169     0.17     0.17     0.17    0.169    0.168    0.166    0.162    0.153    0.135    0.093        0
        9|        0  -0.0291  -0.0311  -0.0272   -0.023  -0.0197  -0.0172  -0.0155  -0.0143  -0.0136  -0.0132  -0.0132  -0.0135  -0.0142  -0.0154  -0.0172  -0.0198  -0.0231  -0.0261  -0.0237        0
        8|        0  -0.0149  -0.0229  -0.0255  -0.0257   -0.025  -0.0242  -0.0234  -0.0229  -0.0226  -0.0225  -0.0226   -0.023  -0.0238  -0.0249  -0.0266  -0.0287   -0.031  -0.0318  -0.0253        0
        7|        0 -0.00893  -0.0157  -0.0195  -0.0212  -0.0219   -0.022  -0.0219  -0.0218  -0.0218  -0.0218  -0.0219  -0.0222  -0.0227  -0.0232  -0.0239  -0.0245  -0.0243  -0.0219  -0.0146        0
        6|        0 -0.00608  -0.0115  -0.0152  -0.0176  -0.0189  -0.0197  -0.0201  -0.0204  -0.0205  -0.0207  -0.0208  -0.0209   -0.021   -0.021  -0.0208  -0.0202  -0.0186  -0.0151 -0.00875        0
        5|        0 -0.00454 -0.00894  -0.0124  -0.0149  -0.0166  -0.0177  -0.0185   -0.019  -0.0193  -0.0195  -0.0196  -0.0195  -0.0194   -0.019  -0.0182  -0.0169  -0.0147  -0.0111 -0.00592        0
        4|        0 -0.00366 -0.00736  -0.0105  -0.0129  -0.0148  -0.0162  -0.0172  -0.0178  -0.0183  -0.0185  -0.0185  -0.0184   -0.018  -0.0173  -0.0162  -0.0145  -0.0121 -0.00875 -0.00447        0
        3|        0 -0.00313 -0.00637 -0.00924  -0.0116  -0.0135   -0.015  -0.0161  -0.0169  -0.0174  -0.0176  -0.0176  -0.0174  -0.0169   -0.016  -0.0147  -0.0129  -0.0104 -0.00735 -0.00366        0
        2|        0 -0.00283 -0.00579 -0.00848  -0.0108  -0.0127  -0.0142  -0.0154  -0.0162  -0.0168   -0.017   -0.017  -0.0167  -0.0161  -0.0151  -0.0137  -0.0119 -0.00946 -0.00655 -0.00322        0
        1|        0 -0.00275 -0.00576 -0.00847  -0.0108  -0.0127  -0.0142  -0.0153  -0.0161  -0.0165  -0.0167  -0.0165  -0.0161  -0.0154  -0.0143  -0.0128  -0.0109  -0.0086 -0.00588 -0.00284        0
        0|        0 -0.00224 -0.00466 -0.00691 -0.00891  -0.0106   -0.012  -0.0131  -0.0139  -0.0144  -0.0146  -0.0145  -0.0142  -0.0135  -0.0125  -0.0112 -0.00951 -0.00746 -0.00509  -0.0025        0

v (22x12): 
         |        0        1        2        3        4        5        6        7        8        9       10       11       12       13       14       15       16       17       18       19       20       21
-------------------------------------------------------------------------------------------------------------------------------------------------------------------------------------------------------------------------
       10|        0        0        0        0        0        0        0        0        0        0        0        0        0        0        0        0        0        0        0        0        0        0
        9|  -0.0753   0.0762   0.0398   0.0214   0.0124  0.00761  0.00487  0.00319  0.00211  0.00137 0.000818 0.000355-0.000115-0.000599 -0.00124 -0.00226 -0.00417 -0.00829   -0.018  -0.0425   -0.093   0.0911
        8|  -0.0465   0.0471   0.0379   0.0252   0.0165   0.0109  0.00733  0.00493  0.00329  0.00209  0.00117 0.000374-0.000395 -0.00128 -0.00242 -0.00408 -0.00678  -0.0116   -0.021  -0.0401  -0.0693   0.0674
        7|  -0.0318   0.0323   0.0298   0.0226   0.0164   0.0116  0.00817  0.00567  0.00383  0.00242  0.00126 0.000232-0.000816 -0.00202 -0.00356 -0.00572 -0.00894  -0.0139  -0.0218  -0.0336  -0.0439   0.0428
        6|   -0.023   0.0233    0.023   0.0189   0.0146    0.011  0.00804  0.00574  0.00393  0.00248  0.00124 8.22e-05  -0.0011 -0.00246 -0.00414 -0.00639 -0.00948  -0.0138  -0.0195  -0.0263  -0.0293   0.0286
        5|   -0.017   0.0172   0.0176   0.0151   0.0123   0.0096  0.00726  0.00531  0.00368  0.00232  0.00111-3.11e-05 -0.00122 -0.00255 -0.00417 -0.00622 -0.00884  -0.0121   -0.016  -0.0199  -0.0205   0.0201
        4|  -0.0125   0.0127   0.0132   0.0117  0.00979  0.00787   0.0061  0.00454  0.00319    0.002 0.000929-0.000108 -0.00118 -0.00238 -0.00378 -0.00547 -0.00752  -0.0099  -0.0125  -0.0148  -0.0146   0.0143
        3| -0.00889  0.00903  0.00952  0.00857  0.00732  0.00601  0.00473  0.00356  0.00252  0.00158 0.000703-0.000143 -0.00102 -0.00199 -0.00309 -0.00437 -0.00585 -0.00748 -0.00913  -0.0105  -0.0102  0.00995
        2| -0.00581   0.0059  0.00627   0.0057  0.00493  0.00409  0.00325  0.00246  0.00174  0.00108 0.000459-0.000152-0.000778 -0.00146 -0.00222 -0.00308 -0.00404 -0.00505 -0.00603 -0.00679  -0.0065  0.00637
        1| -0.00302  0.00307  0.00331  0.00301  0.00261  0.00217  0.00173  0.00131  0.00091 0.000548 0.000201-0.000134-0.000482-0.000847 -0.00125 -0.00169 -0.00217 -0.00266 -0.00311 -0.00346 -0.00328  0.00322
        0|  -0.0133   0.0135   0.0146   0.0138   0.0126    0.011   0.0093  0.00742  0.00545  0.00343  0.00137-0.000711 -0.00281 -0.00493 -0.00703 -0.00909   -0.011  -0.0128  -0.0143  -0.0152  -0.0143    0.014

p (22x12): 
         |        0        1        2        3        4        5        6        7        8        9       10       11       12       13       14       15       16       17       18       19       20       21
-------------------------------------------------------------------------------------------------------------------------------------------------------------------------------------------------------------------------
       11|    -1.19    -1.19    -1.18    -1.18    -1.18    -1.17    -1.17    -1.17    -1.17    -1.16    -1.16    -1.16    -1.16    -1.16    -1.15    -1.15    -1.15    -1.15    -1.14    -1.13    -1.12    -1.12
       10|    -1.19    -1.19    -1.18    -1.18    -1.18    -1.17    -1.17    -1.17    -1.17    -1.16    -1.16    -1.16    -1.16    -1.16    -1.15    -1.15    -1.15    -1.15    -1.14    -1.13    -1.12    -1.12
        9|    -1.18    -1.18    -1.18    -1.18    -1.17    -1.17    -1.17    -1.17    -1.17    -1.16    -1.16    -1.16    -1.16    -1.16    -1.15    -1.15    -1.15    -1.15    -1.14    -1.14    -1.13    -1.13
        8|    -1.18    -1.18    -1.18    -1.17    -1.17    -1.17    -1.17    -1.17    -1.17    -1.16    -1.16    -1.16    -1.16    -1.16    -1.15    -1.15    -1.15    -1.15    -1.14    -1.14    -1.14    -1.14
        7|    -1.17    -1.17    -1.17    -1.17    -1.17    -1.17    -1.17    -1.17    -1.16    -1.16    -1.16    -1.16    -1.16    -1.16    -1.15    -1.15    -1.15    -1.15    -1.15    -1.14    -1.14    -1.14
        6|    -1.17    -1.17    -1.17    -1.17    -1.17    -1.17    -1.17    -1.17    -1.16    -1.16    -1.16    -1.16    -1.16    -1.16    -1.15    -1.15    -1.15    -1.15    -1.15    -1.15    -1.14    -1.14
        5|    -1.17    -1.17    -1.17    -1.17    -1.17    -1.17    -1.17    -1.17    -1.16    -1.16    -1.16    -1.16    -1.16    -1.16    -1.15    -1.15    -1.15    -1.15    -1.15    -1.15    -1.15    -1.15
        4|    -1.17    -1.17    -1.17    -1.17    -1.17    -1.17    -1.17    -1.16    -1.16    -1.16    -1.16    -1.16    -1.16    -1.16    -1.15    -1.15    -1.15    -1.15    -1.15    -1.15    -1.15    -1.15
        3|    -1.17    -1.17    -1.17    -1.17    -1.17    -1.17    -1.17    -1.16    -1.16    -1.16    -1.16    -1.16    -1.16    -1.16    -1.15    -1.15    -1.15    -1.15    -1.15    -1.15    -1.15    -1.15
        2|    -1.17    -1.17    -1.17    -1.17    -1.17    -1.17    -1.17    -1.16    -1.16    -1.16    -1.16    -1.16    -1.16    -1.16    -1.15    -1.15    -1.15    -1.15    -1.15    -1.15    -1.15    -1.15
        1|    -1.17    -1.17    -1.17    -1.17    -1.17    -1.17    -1.17    -1.16    -1.16    -1.16    -1.16    -1.16    -1.16    -1.16    -1.15    -1.15    -1.15    -1.15    -1.15    -1.15    -1.15    -1.15
        0|    -1.17    -1.17    -1.17    -1.17    -1.17    -1.17    -1.16    -1.16    -1.16    -1.16    -1.16    -1.16    -1.16    -1.16    -1.16    -1.15    -1.15    -1.15    -1.15    -1.15    -1.15    -1.15

F (22x12): 
         |        0        1        2        3        4        5        6        7        8        9       10       11       12       13       14       15       16       17       18       19       20
-------------------------------------------------------------------------------------------------------------------------------------------------------------------------------------------------------------------------
       11|        0     1.92     1.89     1.86     1.85     1.85     1.84     1.84     1.84     1.83     1.83     1.83     1.83     1.83     1.84     1.84     1.84     1.85     1.87     1.91        0
       10|        0   0.0778    0.117    0.138     0.15    0.158    0.163    0.166    0.168    0.169     0.17    0.171    0.171     0.17    0.169    0.167    0.163    0.155    0.138   0.0971        0
        9|        0  -0.0287  -0.0305  -0.0266  -0.0224  -0.0191  -0.0167   -0.015  -0.0138  -0.0131  -0.0127  -0.0127   -0.013  -0.0137  -0.0148  -0.0166  -0.0191  -0.0222  -0.0247  -0.0218        0
        8|        0  -0.0147  -0.0226  -0.0251  -0.0252  -0.0245  -0.0237   -0.023  -0.0224  -0.0221   -0.022  -0.0221  -0.0225  -0.0233  -0.0244   -0.026  -0.0281  -0.0303  -0.0309  -0.0245        0
        7|        0 -0.00883  -0.0155  -0.0191  -0.0208  -0.0214  -0.0216  -0.0215  -0.0214  -0.0213  -0.0213  -0.0215  -0.0218  -0.0222  -0.0227  -0.0234  -0.0239  -0.0237  -0.0214  -0.0142        0
        6|        0   -0.006  -0.0113   -0.015  -0.0172  -0.0186  -0.0193  -0.0197    -0.02  -0.0201  -0.0202  -0.0203  -0.0204  -0.0205  -0.0205  -0.0204  -0.0197  -0.0181  -0.0147 -0.00853        0
        5|        0 -0.00448  -0.0088  -0.0122  -0.0146  -0.0163  -0.0174  -0.0181  -0.0186  -0.0189  -0.0191  -0.0192  -0.0191  -0.0189  -0.0185  -0.0178  -0.0165  -0.0143  -0.0108 -0.00578        0
        4|        0 -0.00361 -0.00724  -0.0103  -0.0127  -0.0145  -0.0159  -0.0168  -0.0175  -0.0179  -0.0181  -0.0181   -0.018  -0.0176  -0.0169  -0.0158  -0.0142  -0.0118 -0.00853 -0.00436        0
        3|        0 -0.00308 -0.00627 -0.00907  -0.0114  -0.0133  -0.0147  -0.0158  -0.0165   -0.017  -0.0173  -0.0173   -0.017  -0.0165  -0.0156  -0.0144  -0.0126  -0.0102 -0.00717 -0.00358        0
        2|        0 -0.00279 -0.00569 -0.00833  -0.0106  -0.0125   -0.014  -0.0151  -0.0159  -0.0164  -0.0167  -0.0166  -0.0163  -0.0157  -0.0148  -0.0134  -0.0116 -0.00924 -0.00639 -0.00315        0
        1|        0 -0.00271 -0.00566 -0.00832  -0.0106  -0.0125  -0.0139   -0.015  -0.0158  -0.0162  -0.0163  -0.0162  -0.0157   -0.015  -0.0139  -0.0125  -0.0107 -0.00839 -0.00574 -0.00278        0
        0|        0        0        0        0        0        0        0        0        0        0        0        0        0        0        0        0        0        0        0        0        0

G (22x12): 
         |        0        1        2        3        4        5        6        7        8        9       10       11       12       13       14       15       16       17       18       19       20       21
-------------------------------------------------------------------------------------------------------------------------------------------------------------------------------------------------------------------------
       10|        0        0        0        0        0        0        0        0        0        0        0        0        0        0        0        0        0        0        0        0        0        0
        9|  -0.0753   0.0745   0.0393    0.021   0.0121  0.00743  0.00474   0.0031  0.00204  0.00132 0.000783  0.00033-0.000127-0.000601 -0.00123 -0.00222 -0.00409 -0.00805  -0.0174  -0.0409  -0.0892   0.0911
        8|  -0.0465    0.046    0.037   0.0246   0.0161   0.0106   0.0071  0.00477  0.00317    0.002   0.0011 0.000329-0.000426  -0.0013 -0.00243 -0.00408 -0.00676  -0.0115  -0.0208  -0.0394  -0.0675   0.0674
        7|  -0.0318   0.0316   0.0292   0.0221    0.016   0.0113  0.00794   0.0055   0.0037  0.00233   0.0012 0.000188 -0.00084 -0.00202 -0.00355 -0.00567 -0.00884  -0.0138  -0.0215  -0.0329  -0.0429   0.0428
        6|   -0.023   0.0228   0.0226   0.0185   0.0143   0.0107  0.00782  0.00557  0.00381  0.00239  0.00117 4.56e-05 -0.00111 -0.00244  -0.0041 -0.00631 -0.00934  -0.0135  -0.0191  -0.0257  -0.0285   0.0286
        5|   -0.017   0.0169   0.0173   0.0148    0.012  0.00937  0.00708  0.00516  0.00358  0.00224  0.00106-5.99e-05 -0.00122 -0.00253 -0.00412 -0.00612 -0.00869  -0.0119  -0.0157  -0.0195    -0.02   0.0201
        4|  -0.0125   0.0124    0.013   0.0114  0.00958  0.00769  0.00595  0.00442   0.0031  0.00194 0.000887-0.000129 -0.00118 -0.00235 -0.00372 -0.00538 -0.00738 -0.00971  -0.0122  -0.0144  -0.0143   0.0143
        3| -0.00889  0.00884  0.00933  0.00839  0.00717  0.00587  0.00462  0.00348  0.00245  0.00153 0.000673-0.000156 -0.00102 -0.00196 -0.00304  -0.0043 -0.00575 -0.00734 -0.00894  -0.0102 -0.00991  0.00995
        2| -0.00581  0.00577  0.00615  0.00559  0.00483    0.004  0.00318  0.00241   0.0017  0.00105 0.000441-0.000158-0.000772 -0.00144 -0.00218 -0.00303 -0.00396 -0.00495  -0.0059 -0.00665 -0.00634  0.00637
        1| -0.00302  0.00306  0.00331  0.00301  0.00261  0.00217  0.00172   0.0013 0.000908 0.000545 0.000199-0.000136-0.000482-0.000845 -0.00125 -0.00168 -0.00215 -0.00263 -0.00308 -0.00342 -0.00323  0.00322
        0|  -0.0133        0        0        0        0        0        0        0        0        0        0        0        0        0        0        0        0        0        0        0        0    0.014

rhs (22x12): 
         |        0        1        2        3        4        5        6        7        8        9       10       11       12       13       14       15       16       17       18       19       20       21
-------------------------------------------------------------------------------------------------------------------------------------------------------------------------------------------------------------------------
       11|        0        0        0        0        0        0        0        0        0        0        0        0        0        0        0        0        0        0        0        0        0        0
       10|        0     1.29  -0.0892    0.109   0.0872   0.0539   0.0361    0.022   0.0172    0.011   0.0113  0.00922  0.00918  0.00796   0.0142   0.0208   0.0419   0.0809    0.155    0.105    -3.03        0
        9|        0   -0.112    0.183     0.14   0.0798   0.0501    0.029   0.0214   0.0122   0.0115  0.00652  0.00881  0.00908   0.0147   0.0174    0.034   0.0633    0.145    0.325    0.515    0.034        0
        8|        0  -0.0829   -0.022  -0.0118 -0.00164  -0.0019  0.00199-0.000673  0.00234-0.000633  0.00229-0.000653  0.00269-0.000158  0.00299 0.000361  0.00386  0.00184  0.00327  -0.0302  -0.0426        0
        7|        0  -0.0331  -0.0131 -0.00601 -0.00555-0.000599 -0.00245  0.00109 -0.00155  0.00156 -0.00132  0.00166 -0.00135  0.00145 -0.00185 0.000331 -0.00435 -0.00544  -0.0175  -0.0281  -0.0246        0
        6|        0  -0.0201  -0.0045 -0.00578 -0.00115 -0.00295 0.000726  -0.0018   0.0014 -0.00142  0.00159 -0.00136  0.00154 -0.00157  0.00108 -0.00249 -0.00075 -0.00603 -0.00704  -0.0139  0.00142        0
        5|        0  -0.0114 -0.00494 -0.00118 -0.00321 0.000462   -0.002  0.00128 -0.00149  0.00157 -0.00134  0.00162 -0.00139  0.00144 -0.00175 0.000763 -0.00298 -0.00131 -0.00613 -0.00472   0.0041        0
        4|        0  -0.0104-0.000749 -0.00325 0.000287 -0.00218  0.00114 -0.00157  0.00155 -0.00132  0.00168 -0.00128  0.00163 -0.00143  0.00134 -0.00194  0.00048 -0.00328 -0.00135 -0.00508  0.00683        0
        3|        0 -0.00641 -0.00307 0.000206 -0.00235 0.000985 -0.00168  0.00149 -0.00133  0.00171 -0.00121  0.00175 -0.00125  0.00162 -0.00149  0.00121 -0.00216 0.000243 -0.00339-0.000891  0.00438        0
        2|        0  -0.0292  -0.0238  -0.0245  -0.0184  -0.0179  -0.0113  -0.0109 -0.00477 -0.00493 0.000455-0.000455  0.00432  0.00297  0.00726  0.00532  0.00893  0.00622  0.00911    0.006   0.0153        0
        1|        0    0.135    0.139    0.136    0.124    0.115   0.0976   0.0841   0.0632   0.0469   0.0238  0.00569  -0.0196  -0.0405  -0.0683   -0.091    -0.12   -0.141   -0.165   -0.177   -0.176        0
        0|        0        0        0        0        0        0        0        0        0        0        0        0        0        0        0        0        0        0        0        0        0        0

