t: 1.22857
nCells: 20x10, dx: 0.1, dy: 0.1

u (22x12): 
         |        0        1        2        3        4        5        6        7        8        9       10       11       12       13       14       15       16       17       18       19       20
-------------------------------------------------------------------------------------------------------------------------------------------------------------------------------------------------------------------------
       11|        0     1.92     1.88     1.86     1.84     1.83     1.83     1.83     1.82     1.82     1.82     1.82     1.82     1.82     1.82     1.82     1.83     1.84     1.86      1.9        0
       10|        0   0.0795    0.122    0.146     0.16    0.168    0.174    0.178     0.18    0.182    0.183    0.183    0.183    0.183    0.182    0.179    0.175    0.166    0.147      0.1        0
        9|        0  -0.0303  -0.0324  -0.0284   -0.024  -0.0205  -0.0178  -0.0159  -0.0146  -0.0138  -0.0134  -0.0133  -0.0136  -0.0143  -0.0154  -0.0173  -0.0199  -0.0231   -0.026  -0.0234        0
        8|        0  -0.0153   -0.024   -0.027  -0.0274  -0.0268   -0.026  -0.0253  -0.0247  -0.0244  -0.0243  -0.0244  -0.0249  -0.0257   -0.027  -0.0288  -0.0312   -0.034  -0.0351  -0.0281        0
        7|        0 -0.00929  -0.0165  -0.0207  -0.0226  -0.0234  -0.0237  -0.0237  -0.0236  -0.0236  -0.0236  -0.0238  -0.0241  -0.0246  -0.0253  -0.0261  -0.0268  -0.0268  -0.0245  -0.0166        0
        6|        0 -0.00637  -0.0121  -0.0162  -0.0188  -0.0203  -0.0212  -0.0217   -0.022  -0.0222  -0.0224  -0.0225  -0.0227  -0.0228  -0.0229  -0.0228  -0.0222  -0.0205  -0.0168  -0.0098        0
        5|        0 -0.00479 -0.00949  -0.0132  -0.0159  -0.0178  -0.0191    -0.02  -0.0205  -0.0209  -0.0211  -0.0212  -0.0212  -0.0211  -0.0207  -0.0199  -0.0185  -0.0161  -0.0123 -0.00655        0
        4|        0 -0.00387 -0.00783  -0.0112  -0.0139  -0.0159  -0.0174  -0.0185  -0.0193  -0.0198    -0.02  -0.0201  -0.0199  -0.0195  -0.0188  -0.0177  -0.0159  -0.0133 -0.00961  -0.0049        0
        3|        0 -0.00332  -0.0068 -0.00988  -0.0125  -0.0146  -0.0162  -0.0174  -0.0183  -0.0188  -0.0191  -0.0191  -0.0189  -0.0183  -0.0174   -0.016  -0.0141  -0.0114 -0.00805   -0.004        0
        2|        0 -0.00301 -0.00618 -0.00908  -0.0116  -0.0137  -0.0153  -0.0166  -0.0175  -0.0181  -0.0184  -0.0185  -0.0182  -0.0175  -0.0165   -0.015   -0.013  -0.0103 -0.00716 -0.00351        0
        1|        0 -0.00295 -0.00621 -0.00915  -0.0117  -0.0138  -0.0154  -0.0166  -0.0175  -0.0179  -0.0181  -0.0179  -0.0175  -0.0167  -0.0155  -0.0139  -0.0118 -0.00933 -0.00637 -0.00306        0
        0|        0 -0.00238 -0.00499 -0.00743 -0.00958  -0.0114   -0.013  -0.0141   -0.015  -0.0156  -0.0158  -0.0158  -0.0154  -0.0147  -0.0136  -0.0122  -0.0104 -0.00812 -0.00554 -0.00273        0

v (22x12): 
         |        0        1        2        3        4        5        6        7        8        9       10       11       12       13       14       15       16       17       18       19       20       21
-------------------------------------------------------------------------------------------------------------------------------------------------------------------------------------------------------------------------
       10|        0        0        0        0        0        0        0        0        0        0        0        0        0        0        0        0        0        0        0        0        0        0
        9|  -0.0787   0.0795   0.0427   0.0235   0.0139  0.00867   0.0056  0.00371  0.00247  0.00163  0.00101 0.000505-9.72e-06-0.000532  -0.0012 -0.00227 -0.00432 -0.00879  -0.0195  -0.0463     -0.1   0.0985
        8|  -0.0487   0.0492   0.0406   0.0275   0.0183   0.0122  0.00826  0.00561  0.00378  0.00245  0.00143 0.000559-0.000264  -0.0012 -0.00238 -0.00411 -0.00692  -0.0121  -0.0224  -0.0438  -0.0769   0.0749
        7|  -0.0335   0.0339   0.0319   0.0245   0.0179   0.0128  0.00907  0.00635  0.00433  0.00279  0.00152 0.000402-0.000723   -0.002 -0.00365 -0.00594 -0.00938  -0.0148  -0.0235  -0.0368  -0.0488   0.0476
        6|  -0.0243   0.0246   0.0247   0.0203   0.0159    0.012  0.00885  0.00636  0.00441  0.00282  0.00147 0.000222 -0.00105 -0.00251 -0.00432 -0.00674  -0.0101  -0.0148  -0.0212  -0.0288  -0.0322   0.0315
        5|   -0.018   0.0182   0.0189   0.0163   0.0133   0.0105  0.00795  0.00585   0.0041  0.00262  0.00131 7.57e-05 -0.00121 -0.00265  -0.0044 -0.00662 -0.00948  -0.0131  -0.0175  -0.0218  -0.0225    0.022
        4|  -0.0133   0.0135   0.0142   0.0126   0.0106  0.00855  0.00666  0.00498  0.00353  0.00225  0.00109-3.46e-05 -0.00119 -0.00249 -0.00401 -0.00585 -0.00809  -0.0107  -0.0136  -0.0161  -0.0159   0.0156
        3| -0.00945  0.00959   0.0102  0.00922  0.00791  0.00651  0.00515   0.0039  0.00277  0.00176 0.000815-9.88e-05 -0.00105 -0.00209 -0.00329 -0.00469 -0.00632 -0.00811 -0.00994  -0.0114   -0.011   0.0108
        2| -0.00618  0.00626  0.00673  0.00613  0.00532  0.00442  0.00353  0.00268  0.00191  0.00119 0.000524-0.000135 -0.00081 -0.00155 -0.00237 -0.00331 -0.00435 -0.00547 -0.00655 -0.00739 -0.00701  0.00688
        1| -0.00321  0.00325  0.00356  0.00324   0.0028  0.00234  0.00186  0.00141  0.00098 0.000592 0.000219 -0.00014-0.000512-0.000904 -0.00134 -0.00181 -0.00233 -0.00286 -0.00336 -0.00374 -0.00351  0.00346
        0|  -0.0142   0.0144   0.0158   0.0149   0.0136    0.012   0.0101  0.00808  0.00597  0.00378  0.00156-0.000704 -0.00299 -0.00529 -0.00759 -0.00984   -0.012  -0.0139  -0.0155  -0.0166  -0.0155   0.0152

p (22x12): 
         |        0        1        2        3        4        5        6        7        8        9       10       11       12       13       14       15       16       17       18       19       20       21
-------------------------------------------------------------------------------------------------------------------------------------------------------------------------------------------------------------------------
       11|    -1.54    -1.54    -1.54    -1.53    -1.53    -1.53    -1.53    -1.52    -1.52    -1.52    -1.52    -1.52    -1.51    -1.51    -1.51    -1.51     -1.5     -1.5     -1.5    -1.49    -1.47    -1.47
       10|    -1.54    -1.54    -1.54    -1.53    -1.53    -1.53    -1.53    -1.52    -1.52    -1.52    -1.52    -1.52    -1.51    -1.51    -1.51    -1.51     -1.5     -1.5     -1.5    -1.49    -1.47    -1.47
        9|    -1.53    -1.53    -1.53    -1.53    -1.53    -1.53    -1.53    -1.52    -1.52    -1.52    -1.52    -1.52    -1.51    -1.51    -1.51    -1.51    -1.51     -1.5     -1.5    -1.49    -1.49    -1.49
        8|    -1.53    -1.53    -1.53    -1.53    -1.53    -1.53    -1.52    -1.52    -1.52    -1.52    -1.52    -1.52    -1.51    -1.51    -1.51    -1.51    -1.51     -1.5     -1.5     -1.5    -1.49    -1.49
        7|    -1.53    -1.53    -1.53    -1.53    -1.53    -1.52    -1.52    -1.52    -1.52    -1.52    -1.52    -1.51    -1.51    -1.51    -1.51    -1.51    -1.51     -1.5     -1.5     -1.5     -1.5     -1.5
        6|    -1.53    -1.53    -1.53    -1.53    -1.52    -1.52    -1.52    -1.52    -1.52    -1.52    -1.52    -1.51    -1.51    -1.51    -1.51    -1.51    -1.51     -1.5     -1.5     -1.5     -1.5     -1.5
        5|    -1.53    -1.53    -1.53    -1.52    -1.52    -1.52    -1.52    -1.52    -1.52    -1.52    -1.52    -1.51    -1.51    -1.51    -1.51    -1.51    -1.51     -1.5     -1.5     -1.5     -1.5     -1.5
        4|    -1.52    -1.52    -1.52    -1.52    -1.52    -1.52    -1.52    -1.52    -1.52    -1.52    -1.52    -1.51    -1.51    -1.51    -1.51    -1.51    -1.51    -1.51     -1.5     -1.5     -1.5     -1.5
        3|    -1.52    -1.52    -1.52    -1.52    -1.52    -1.52    -1.52    -1.52    -1.52    -1.52    -1.52    -1.51    -1.51    -1.51    -1.51    -1.51    -1.51    -1.51    -1.51     -1.5     -1.5     -1.5
        2|    -1.52    -1.52    -1.52    -1.52    -1.52    -1.52    -1.52    -1.52    -1.52    -1.52    -1.52    -1.51    -1.51    -1.51    -1.51    -1.51    -1.51    -1.51    -1.51    -1.51     -1.5     -1.5
        1|    -1.52    -1.52    -1.52    -1.52    -1.52    -1.52    -1.52    -1.52    -1.52    -1.52    -1.52    -1.51    -1.51    -1.51    -1.51    -1.51    -1.51    -1.51    -1.51    -1.51    -1.51    -1.51
        0|    -1.52    -1.52    -1.52    -1.52    -1.52    -1.52    -1.52    -1.52    -1.52    -1.52    -1.52    -1.51    -1.51    -1.51    -1.51    -1.51    -1.51    -1.51    -1.51    -1.51    -1.51    -1.51

F (22x12): 
         |        0        1        2        3        4        5        6        7        8        9       10       11       12       13       14       15       16       17       18       19       20
-------------------------------------------------------------------------------------------------------------------------------------------------------------------------------------------------------------------------
       11|        0     1.92     1.88     1.86     1.84     1.83     1.83     1.83     1.82     1.82     1.82     1.82     1.82     1.82     1.82     1.82     1.83     1.84     1.86      1.9        0
       10|        0    0.081    0.123    0.146     0.16    0.169    0.174    0.178    0.181    0.182    0.183    0.184    0.184    0.183    0.182     0.18    0.176    0.167    0.149    0.105        0
        9|        0  -0.0299  -0.0319  -0.0278  -0.0235  -0.0199  -0.0173  -0.0154  -0.0141  -0.0133  -0.0129  -0.0129  -0.0131  -0.0138  -0.0149  -0.0167  -0.0192  -0.0222  -0.0245  -0.0214        0
        8|        0  -0.0152  -0.0237  -0.0266   -0.027  -0.0264  -0.0255  -0.0248  -0.0242  -0.0239  -0.0238   -0.024  -0.0244  -0.0252  -0.0264  -0.0282  -0.0306  -0.0332  -0.0341  -0.0272        0
        7|        0 -0.00921  -0.0163  -0.0204  -0.0223  -0.0231  -0.0233  -0.0232  -0.0232  -0.0231  -0.0232  -0.0233  -0.0236  -0.0241  -0.0248  -0.0256  -0.0262  -0.0262  -0.0239  -0.0161        0
        6|        0  -0.0063   -0.012   -0.016  -0.0185    -0.02  -0.0208  -0.0213  -0.0216  -0.0218  -0.0219  -0.0221  -0.0222  -0.0224  -0.0224  -0.0223  -0.0217    -0.02  -0.0164 -0.00956        0
        5|        0 -0.00473 -0.00936   -0.013  -0.0157  -0.0175  -0.0188  -0.0196  -0.0202  -0.0205  -0.0207  -0.0208  -0.0208  -0.0206  -0.0202  -0.0195  -0.0181  -0.0158   -0.012  -0.0064        0
        4|        0 -0.00382 -0.00772   -0.011  -0.0137  -0.0157  -0.0171  -0.0182  -0.0189  -0.0194  -0.0196  -0.0197  -0.0195  -0.0192  -0.0184  -0.0173  -0.0155   -0.013 -0.00939 -0.00479        0
        3|        0 -0.00328  -0.0067 -0.00973  -0.0123  -0.0143  -0.0159  -0.0171  -0.0179  -0.0185  -0.0187  -0.0188  -0.0185   -0.018  -0.0171  -0.0157  -0.0138  -0.0112 -0.00787 -0.00391        0
        2|        0 -0.00297 -0.00609 -0.00894  -0.0114  -0.0135  -0.0151  -0.0163  -0.0172  -0.0178  -0.0181  -0.0181  -0.0178  -0.0172  -0.0161  -0.0147  -0.0127  -0.0101   -0.007 -0.00343        0
        1|        0 -0.00291 -0.00612 -0.00901  -0.0115  -0.0135  -0.0151  -0.0163  -0.0171  -0.0176  -0.0177  -0.0176  -0.0171  -0.0163  -0.0151  -0.0136  -0.0116 -0.00911 -0.00622   -0.003        0
        0|        0        0        0        0        0        0        0        0        0        0        0        0        0        0        0        0        0        0        0        0        0

G (22x12): 
         |        0        1        2        3        4        5        6        7        8        9       10       11       12       13       14       15       16       17       18       19       20       21
-------------------------------------------------------------------------------------------------------------------------------------------------------------------------------------------------------------------------
       10|        0        0        0        0        0        0        0        0        0        0        0        0        0        0        0        0        0        0        0        0        0        0
        9|  -0.0787   0.0778   0.0422   0.0232   0.0136  0.00848  0.00546  0.00361   0.0024  0.00158 0.000974 0.000475-2.84e-05 -0.00054  -0.0012 -0.00224 -0.00423 -0.00855  -0.0189  -0.0447  -0.0963   0.0985
        8|  -0.0487   0.0482   0.0398   0.0268   0.0178   0.0119  0.00801  0.00542  0.00364  0.00235  0.00135 0.000505-0.000306 -0.00123 -0.00241 -0.00413 -0.00693   -0.012  -0.0222  -0.0431   -0.075   0.0749
        7|  -0.0335   0.0333   0.0313   0.0239   0.0175   0.0125  0.00883  0.00617  0.00419  0.00268  0.00145 0.000349-0.000757 -0.00202 -0.00364 -0.00591 -0.00931  -0.0146  -0.0232  -0.0361  -0.0477   0.0476
        6|  -0.0243   0.0241   0.0242   0.0199   0.0155   0.0117  0.00863  0.00619  0.00428  0.00272   0.0014 0.000177 -0.00107 -0.00251 -0.00429 -0.00668 -0.00997  -0.0146  -0.0208  -0.0283  -0.0315   0.0315
        5|   -0.018   0.0179   0.0185    0.016    0.013   0.0102  0.00776   0.0057  0.00398  0.00254  0.00125 3.96e-05 -0.00122 -0.00264 -0.00436 -0.00654 -0.00934  -0.0129  -0.0171  -0.0214  -0.0219    0.022
        4|  -0.0133   0.0132   0.0139   0.0123   0.0104  0.00837  0.00651  0.00486  0.00343  0.00218  0.00104-6.07e-05  -0.0012 -0.00247 -0.00396 -0.00577 -0.00797  -0.0105  -0.0133  -0.0158  -0.0155   0.0156
        3| -0.00945   0.0094     0.01  0.00905  0.00775  0.00637  0.00503  0.00381   0.0027  0.00171 0.000781-0.000116 -0.00105 -0.00207 -0.00325 -0.00462 -0.00621 -0.00797 -0.00975  -0.0112  -0.0108   0.0108
        2| -0.00618  0.00614  0.00661  0.00602  0.00522  0.00433  0.00345  0.00262  0.00186  0.00116 0.000504-0.000143-0.000806 -0.00153 -0.00234 -0.00326 -0.00428 -0.00537 -0.00642 -0.00724 -0.00686  0.00688
        1| -0.00321  0.00325  0.00356  0.00324  0.00281  0.00234  0.00186  0.00141  0.00098  0.00059 0.000217-0.000142-0.000513-0.000904 -0.00134 -0.00181 -0.00232 -0.00284 -0.00333  -0.0037 -0.00347  0.00346
        0|  -0.0142        0        0        0        0        0        0        0        0        0        0        0        0        0        0        0        0        0        0        0        0   0.0152

rhs (22x12): 
         |        0        1        2        3        4        5        6        7        8        9       10       11       12       13       14       15       16       17       18       19       20       21
-------------------------------------------------------------------------------------------------------------------------------------------------------------------------------------------------------------------------
       11|        0        0        0        0        0        0        0        0        0        0        0        0        0        0        0        0        0        0        0        0        0        0
       10|        0     1.21   -0.119    0.112    0.097   0.0627   0.0432   0.0268    0.021   0.0134   0.0135   0.0107   0.0116  0.00884   0.0159   0.0232   0.0479   0.0939     0.18    0.108    -3.21        0
        9|        0   -0.123    0.195    0.156    0.092   0.0594    0.035   0.0261   0.0151    0.014  0.00792   0.0105  0.00964    0.017   0.0198   0.0391   0.0741    0.173    0.386      0.6   0.0377        0
        8|        0  -0.0873  -0.0237   -0.013 -0.00149 -0.00198  0.00257-0.000657   0.0029-0.000672   0.0028-0.000753  0.00323-9.87e-05  0.00371 0.000696  0.00528  0.00421  0.00956  -0.0273  -0.0491        0
        7|        0  -0.0348  -0.0147  -0.0067 -0.00641-0.000631 -0.00289  0.00132 -0.00184  0.00187 -0.00157  0.00199 -0.00159  0.00176 -0.00216 0.000468 -0.00509 -0.00641  -0.0211   -0.035  -0.0344        0
        6|        0  -0.0215 -0.00494 -0.00666 -0.00126 -0.00347 0.000885 -0.00214  0.00168  -0.0017   0.0019 -0.00161  0.00184 -0.00186  0.00131 -0.00295-0.000898 -0.00729 -0.00875  -0.0171-0.000829        0
        5|        0  -0.0121 -0.00568 -0.00128 -0.00376 0.000583 -0.00237  0.00153 -0.00178  0.00188 -0.00159  0.00194 -0.00166  0.00173 -0.00208 0.000921 -0.00355 -0.00162 -0.00746 -0.00583   0.0036        0
        4|        0  -0.0113-0.000771  -0.0038 0.000385 -0.00258  0.00137 -0.00187  0.00185 -0.00157  0.00201 -0.00152  0.00195 -0.00169  0.00161 -0.00231 0.000575 -0.00393 -0.00168 -0.00614  0.00726        0
        3|        0 -0.00672 -0.00358 0.000298 -0.00277  0.00119   -0.002  0.00177 -0.00159  0.00204 -0.00144  0.00209 -0.00149  0.00194 -0.00177  0.00145 -0.00257 0.000281 -0.00408  -0.0011   0.0045        0
        2|        0  -0.0321  -0.0265  -0.0276  -0.0206  -0.0201  -0.0126  -0.0123 -0.00521 -0.00562 0.000607-0.000674  0.00483  0.00302  0.00797  0.00548  0.00961  0.00622  0.00952  0.00572   0.0162        0
        1|        0    0.132    0.136    0.135    0.123    0.115   0.0983    0.086   0.0651   0.0497   0.0262  0.00873  -0.0174  -0.0382  -0.0673  -0.0906   -0.121   -0.143   -0.169   -0.181    -0.18        0
        0|        0        0        0        0        0        0        0        0        0        0        0        0        0        0        0        0        0        0        0        0        0        0

