t: 1.46321
nCells: 20x10, dx: 0.1, dy: 0.1

u (22x12): 
         |        0        1        2        3        4        5        6        7        8        9       10       11       12       13       14       15       16       17       18       19       20
-------------------------------------------------------------------------------------------------------------------------------------------------------------------------------------------------------------------------
       11|        0     1.92     1.87     1.84     1.82     1.81      1.8      1.8      1.8     1.79     1.79     1.79     1.79     1.79     1.79     1.79      1.8     1.81     1.83     1.89        0
       10|        0    0.085    0.133    0.162    0.179     0.19    0.198    0.203    0.206    0.209     0.21    0.211    0.212    0.211     0.21    0.208    0.204    0.194    0.171    0.116        0
        9|        0  -0.0322  -0.0346  -0.0304  -0.0257  -0.0218  -0.0187  -0.0165  -0.0149  -0.0138  -0.0133  -0.0131  -0.0133  -0.0138  -0.0149  -0.0166   -0.019  -0.0218  -0.0241  -0.0215        0
        8|        0  -0.0159  -0.0258  -0.0298  -0.0307  -0.0305  -0.0298  -0.0291  -0.0285  -0.0282  -0.0281  -0.0283  -0.0288  -0.0298  -0.0313  -0.0336  -0.0367  -0.0405  -0.0424  -0.0341        0
        7|        0 -0.00987   -0.018  -0.0229  -0.0255  -0.0267  -0.0272  -0.0273  -0.0274  -0.0274  -0.0275  -0.0278  -0.0282  -0.0289  -0.0298   -0.031  -0.0322  -0.0328  -0.0307  -0.0214        0
        6|        0 -0.00688  -0.0134  -0.0181  -0.0212  -0.0231  -0.0243  -0.0251  -0.0255  -0.0259  -0.0261  -0.0264  -0.0266  -0.0269  -0.0271  -0.0272  -0.0267   -0.025  -0.0209  -0.0125        0
        5|        0 -0.00523  -0.0105  -0.0148   -0.018  -0.0203  -0.0219   -0.023  -0.0238  -0.0243  -0.0247  -0.0249  -0.0249  -0.0248  -0.0245  -0.0237  -0.0223  -0.0196   -0.015 -0.00809        0
        4|        0 -0.00427 -0.00876  -0.0126  -0.0158  -0.0182    -0.02  -0.0214  -0.0223   -0.023  -0.0234  -0.0235  -0.0234  -0.0231  -0.0223   -0.021   -0.019   -0.016  -0.0116 -0.00592        0
        3|        0 -0.00368 -0.00764  -0.0112  -0.0142  -0.0167  -0.0186  -0.0201  -0.0212  -0.0219  -0.0223  -0.0224  -0.0222  -0.0217  -0.0207  -0.0191  -0.0168  -0.0137 -0.00966 -0.00477        0
        2|        0 -0.00337 -0.00698  -0.0103  -0.0132  -0.0157  -0.0177  -0.0192  -0.0204  -0.0211  -0.0215  -0.0216  -0.0213  -0.0207  -0.0195  -0.0178  -0.0154  -0.0124 -0.00855 -0.00416        0
        1|        0 -0.00334 -0.00717  -0.0106  -0.0136  -0.0161   -0.018  -0.0194  -0.0204   -0.021  -0.0212   -0.021  -0.0204  -0.0195  -0.0181  -0.0163  -0.0139  -0.0109 -0.00743 -0.00354        0
        0|        0 -0.00265 -0.00566 -0.00848   -0.011  -0.0132   -0.015  -0.0164  -0.0175  -0.0182  -0.0185  -0.0185  -0.0181  -0.0173  -0.0161  -0.0144  -0.0123 -0.00962 -0.00655 -0.00323        0

v (22x12): 
         |        0        1        2        3        4        5        6        7        8        9       10       11       12       13       14       15       16       17       18       19       20       21
-------------------------------------------------------------------------------------------------------------------------------------------------------------------------------------------------------------------------
       10|        0        0        0        0        0        0        0        0        0        0        0        0        0        0        0        0        0        0        0        0        0        0
        9|  -0.0845    0.085   0.0484   0.0282   0.0174   0.0113  0.00749  0.00508  0.00347  0.00237  0.00157 0.000949 0.000347-0.000276 -0.00101 -0.00216 -0.00447 -0.00974  -0.0227   -0.055   -0.116    0.115
        8|  -0.0525   0.0528    0.046   0.0323   0.0222   0.0152   0.0105  0.00732  0.00506   0.0034  0.00215  0.00111  0.00017-0.000845  -0.0021 -0.00389 -0.00684  -0.0126   -0.025  -0.0524  -0.0948   0.0928
        7|  -0.0367   0.0369   0.0361   0.0283   0.0212   0.0155   0.0112  0.00801   0.0056  0.00375  0.00224  0.00092 -0.00037  -0.0018 -0.00362 -0.00615    -0.01  -0.0163  -0.0269   -0.044  -0.0608   0.0594
        6|  -0.0268   0.0271    0.028   0.0235   0.0186   0.0143   0.0107  0.00785  0.00557   0.0037  0.00211 0.000656-0.000811 -0.00248 -0.00454 -0.00732  -0.0112  -0.0169  -0.0248  -0.0347  -0.0394   0.0386
        5|    -0.02   0.0202   0.0215   0.0188   0.0155   0.0123  0.00952  0.00712   0.0051  0.00338  0.00185 0.000412 -0.00107 -0.00274 -0.00477 -0.00737  -0.0108  -0.0152  -0.0207  -0.0263  -0.0269   0.0264
        4|  -0.0148   0.0149   0.0162   0.0145   0.0123     0.01  0.00791    0.006  0.00433  0.00285  0.00151 0.000203 -0.00114 -0.00265 -0.00443 -0.00662 -0.00931  -0.0125  -0.0161  -0.0193  -0.0188   0.0185
        3|  -0.0106   0.0107   0.0117   0.0106  0.00917  0.00761  0.00608  0.00466  0.00336   0.0022  0.00111 4.91e-05 -0.00106 -0.00227 -0.00368 -0.00534  -0.0073  -0.0095  -0.0118  -0.0136  -0.0129   0.0127
        2| -0.00692  0.00699  0.00771  0.00706  0.00616  0.00515  0.00414  0.00317  0.00228  0.00146 0.000691 -7.1e-05-0.000852 -0.00171 -0.00267 -0.00379 -0.00504 -0.00639 -0.00771 -0.00874 -0.00816  0.00803
        1| -0.00358  0.00362  0.00409  0.00373  0.00323   0.0027  0.00215  0.00163  0.00114  0.00069 0.000261-0.000149-0.000577 -0.00102 -0.00153 -0.00208 -0.00268 -0.00331 -0.00391 -0.00435 -0.00401  0.00396
        0|  -0.0161   0.0163   0.0182   0.0173   0.0158    0.014   0.0119  0.00957  0.00714  0.00461  0.00202-0.000625 -0.00331 -0.00604 -0.00877  -0.0115   -0.014  -0.0164  -0.0183  -0.0196   -0.018   0.0177

p (22x12): 
         |        0        1        2        3        4        5        6        7        8        9       10       11       12       13       14       15       16       17       18       19       20       21
-------------------------------------------------------------------------------------------------------------------------------------------------------------------------------------------------------------------------
       11|    -2.57    -2.57    -2.57    -2.56    -2.56    -2.56    -2.56    -2.56    -2.55    -2.55    -2.55    -2.55    -2.55    -2.55    -2.54    -2.54    -2.54    -2.54    -2.53    -2.52     -2.5     -2.5
       10|    -2.57    -2.57    -2.57    -2.56    -2.56    -2.56    -2.56    -2.56    -2.55    -2.55    -2.55    -2.55    -2.55    -2.55    -2.54    -2.54    -2.54    -2.54    -2.53    -2.52     -2.5     -2.5
        9|    -2.57    -2.57    -2.57    -2.56    -2.56    -2.56    -2.56    -2.56    -2.55    -2.55    -2.55    -2.55    -2.55    -2.55    -2.54    -2.54    -2.54    -2.54    -2.53    -2.53    -2.52    -2.52
        8|    -2.56    -2.56    -2.56    -2.56    -2.56    -2.56    -2.56    -2.56    -2.55    -2.55    -2.55    -2.55    -2.55    -2.55    -2.54    -2.54    -2.54    -2.54    -2.53    -2.53    -2.53    -2.53
        7|    -2.56    -2.56    -2.56    -2.56    -2.56    -2.56    -2.56    -2.55    -2.55    -2.55    -2.55    -2.55    -2.55    -2.55    -2.54    -2.54    -2.54    -2.54    -2.53    -2.53    -2.53    -2.53
        6|    -2.56    -2.56    -2.56    -2.56    -2.56    -2.56    -2.56    -2.55    -2.55    -2.55    -2.55    -2.55    -2.55    -2.55    -2.54    -2.54    -2.54    -2.54    -2.54    -2.53    -2.53    -2.53
        5|    -2.56    -2.56    -2.56    -2.56    -2.56    -2.56    -2.55    -2.55    -2.55    -2.55    -2.55    -2.55    -2.55    -2.55    -2.54    -2.54    -2.54    -2.54    -2.54    -2.54    -2.54    -2.54
        4|    -2.56    -2.56    -2.56    -2.56    -2.56    -2.56    -2.55    -2.55    -2.55    -2.55    -2.55    -2.55    -2.55    -2.55    -2.54    -2.54    -2.54    -2.54    -2.54    -2.54    -2.54    -2.54
        3|    -2.56    -2.56    -2.56    -2.56    -2.56    -2.55    -2.55    -2.55    -2.55    -2.55    -2.55    -2.55    -2.55    -2.55    -2.54    -2.54    -2.54    -2.54    -2.54    -2.54    -2.54    -2.54
        2|    -2.56    -2.56    -2.56    -2.56    -2.55    -2.55    -2.55    -2.55    -2.55    -2.55    -2.55    -2.55    -2.55    -2.55    -2.54    -2.54    -2.54    -2.54    -2.54    -2.54    -2.54    -2.54
        1|    -2.56    -2.56    -2.56    -2.56    -2.55    -2.55    -2.55    -2.55    -2.55    -2.55    -2.55    -2.55    -2.55    -2.55    -2.54    -2.54    -2.54    -2.54    -2.54    -2.54    -2.54    -2.54
        0|    -2.55    -2.55    -2.55    -2.55    -2.55    -2.55    -2.55    -2.55    -2.55    -2.55    -2.55    -2.55    -2.55    -2.55    -2.54    -2.54    -2.54    -2.54    -2.54    -2.54    -2.54    -2.54

F (22x12): 
         |        0        1        2        3        4        5        6        7        8        9       10       11       12       13       14       15       16       17       18       19       20
-------------------------------------------------------------------------------------------------------------------------------------------------------------------------------------------------------------------------
       11|        0     1.92     1.87     1.84     1.82     1.81      1.8      1.8      1.8     1.79     1.79     1.79     1.79     1.79     1.79     1.79      1.8     1.81     1.83     1.89        0
       10|        0   0.0864    0.134    0.162     0.18    0.191    0.198    0.203    0.207    0.209    0.211    0.212    0.212    0.212    0.211    0.209    0.205    0.195    0.174    0.121        0
        9|        0   -0.032  -0.0342    -0.03  -0.0252  -0.0213  -0.0182   -0.016  -0.0144  -0.0134  -0.0128  -0.0126  -0.0128  -0.0134  -0.0144  -0.0161  -0.0184  -0.0209  -0.0224   -0.019        0
        8|        0  -0.0158  -0.0256  -0.0295  -0.0304  -0.0301  -0.0294  -0.0287  -0.0281  -0.0278  -0.0277  -0.0279  -0.0284  -0.0293  -0.0308   -0.033  -0.0361  -0.0397  -0.0414   -0.033        0
        7|        0 -0.00982  -0.0179  -0.0227  -0.0252  -0.0263  -0.0268  -0.0269   -0.027   -0.027  -0.0271  -0.0274  -0.0278  -0.0284  -0.0293  -0.0305  -0.0316  -0.0321    -0.03  -0.0209        0
        6|        0 -0.00683  -0.0132  -0.0179  -0.0209  -0.0228   -0.024  -0.0247  -0.0251  -0.0255  -0.0257  -0.0259  -0.0262  -0.0264  -0.0266  -0.0267  -0.0262  -0.0245  -0.0204  -0.0122        0
        5|        0 -0.00519  -0.0104  -0.0146  -0.0178  -0.0201  -0.0216  -0.0227  -0.0235   -0.024  -0.0243  -0.0245  -0.0245  -0.0244  -0.0241  -0.0233  -0.0218  -0.0192  -0.0147 -0.00792        0
        4|        0 -0.00423 -0.00867  -0.0125  -0.0156   -0.018  -0.0197  -0.0211   -0.022  -0.0226   -0.023  -0.0232  -0.0231  -0.0227  -0.0219  -0.0207  -0.0187  -0.0157  -0.0114 -0.00581        0
        3|        0 -0.00365 -0.00756  -0.0111   -0.014  -0.0164  -0.0183  -0.0198  -0.0209  -0.0216   -0.022  -0.0221  -0.0219  -0.0213  -0.0203  -0.0187  -0.0165  -0.0135 -0.00948 -0.00468        0
        2|        0 -0.00334  -0.0069  -0.0102  -0.0131  -0.0155  -0.0174  -0.0189  -0.0201  -0.0208  -0.0212  -0.0213   -0.021  -0.0203  -0.0192  -0.0175  -0.0152  -0.0121 -0.00838 -0.00408        0
        1|        0 -0.00331 -0.00709  -0.0105  -0.0134  -0.0158  -0.0177  -0.0191  -0.0201  -0.0206  -0.0208  -0.0206  -0.0201  -0.0191  -0.0178  -0.0159  -0.0136  -0.0107 -0.00728 -0.00347        0
        0|        0        0        0        0        0        0        0        0        0        0        0        0        0        0        0        0        0        0        0        0        0

G (22x12): 
         |        0        1        2        3        4        5        6        7        8        9       10       11       12       13       14       15       16       17       18       19       20       21
-------------------------------------------------------------------------------------------------------------------------------------------------------------------------------------------------------------------------
       10|        0        0        0        0        0        0        0        0        0        0        0        0        0        0        0        0        0        0        0        0        0        0
        9|  -0.0845   0.0836    0.048   0.0279   0.0172   0.0111  0.00734  0.00496  0.00338   0.0023  0.00152 0.000905 0.000313-0.000297 -0.00102 -0.00215 -0.00439 -0.00948   -0.022  -0.0531   -0.112    0.115
        8|  -0.0525    0.052   0.0453   0.0317   0.0217   0.0148   0.0103   0.0071  0.00489  0.00328  0.00205  0.00104 0.000105-0.000904 -0.00215 -0.00395 -0.00692  -0.0126  -0.0249  -0.0518  -0.0928   0.0928
        7|  -0.0367   0.0364   0.0355   0.0279   0.0208   0.0152   0.0109   0.0078  0.00544  0.00362  0.00214 0.000844-0.000429 -0.00185 -0.00365 -0.00617    -0.01  -0.0162  -0.0267  -0.0434  -0.0596   0.0594
        6|  -0.0268   0.0266   0.0275   0.0231   0.0183    0.014   0.0105  0.00767  0.00542  0.00358  0.00202 0.000589-0.000858  -0.0025 -0.00455  -0.0073  -0.0112  -0.0167  -0.0245  -0.0342  -0.0386   0.0386
        5|    -0.02   0.0199   0.0212   0.0185   0.0152   0.0121  0.00933  0.00696  0.00497  0.00328  0.00177 0.000358 -0.00111 -0.00275 -0.00476 -0.00732  -0.0107   -0.015  -0.0204  -0.0258  -0.0264   0.0264
        4|  -0.0148   0.0147   0.0159   0.0143   0.0121  0.00986  0.00776  0.00588  0.00423  0.00277  0.00145 0.000164 -0.00116 -0.00265  -0.0044 -0.00655  -0.0092  -0.0124  -0.0159   -0.019  -0.0185   0.0185
        3|  -0.0106   0.0105   0.0115   0.0104  0.00902  0.00748  0.00596  0.00456  0.00329  0.00214  0.00107 2.29e-05 -0.00107 -0.00226 -0.00365 -0.00529 -0.00721 -0.00936  -0.0116  -0.0134  -0.0127   0.0127
        2| -0.00692  0.00688  0.00759  0.00695  0.00606  0.00506  0.00406  0.00311  0.00224  0.00143 0.000667-8.41e-05-0.000854  -0.0017 -0.00265 -0.00374 -0.00497  -0.0063  -0.0076  -0.0086 -0.00801  0.00803
        1| -0.00358  0.00364  0.00412  0.00375  0.00325  0.00271  0.00216  0.00163  0.00114 0.000691  0.00026-0.000152 -0.00058 -0.00103 -0.00153 -0.00207 -0.00267 -0.00329 -0.00388 -0.00431 -0.00397  0.00396
        0|  -0.0161        0        0        0        0        0        0        0        0        0        0        0        0        0        0        0        0        0        0        0        0   0.0177

rhs (22x12): 
         |        0        1        2        3        4        5        6        7        8        9       10       11       12       13       14       15       16       17       18       19       20       21
-------------------------------------------------------------------------------------------------------------------------------------------------------------------------------------------------------------------------
       11|        0        0        0        0        0        0        0        0        0        0        0        0        0        0        0        0        0        0        0        0        0        0
       10|        0     1.08   -0.196    0.102    0.111     0.08   0.0595   0.0388   0.0308   0.0198    0.019   0.0142   0.0189   0.0109   0.0193   0.0284   0.0621    0.126     0.24    0.108    -3.67        0
        9|        0   -0.144    0.211    0.184    0.117   0.0812   0.0503   0.0386   0.0229   0.0209   0.0118   0.0149  0.00971   0.0227   0.0249   0.0509      0.1    0.242     0.54    0.808   0.0484        0
        8|        0  -0.0931  -0.0263  -0.0156 -0.00085 -0.00199  0.00418-0.000471  0.00442 -0.00067  0.00414-0.000891  0.00438 6.86e-05  0.00549  0.00159   0.0093   0.0126   0.0334  -0.0076  -0.0607        0
        7|        0  -0.0373  -0.0177 -0.00796 -0.00836-0.000625 -0.00395  0.00189 -0.00256  0.00264 -0.00218   0.0028 -0.00216  0.00256 -0.00289 0.000879 -0.00682 -0.00873  -0.0304  -0.0542  -0.0636        0
        6|        0  -0.0242 -0.00569 -0.00863 -0.00143 -0.00472  0.00129 -0.00299  0.00235 -0.00238  0.00267 -0.00225  0.00261 -0.00257  0.00188 -0.00409 -0.00131  -0.0107  -0.0137  -0.0266 -0.00906        0
        5|        0  -0.0131 -0.00734 -0.00141 -0.00508 0.000909 -0.00329  0.00215 -0.00249  0.00264 -0.00223  0.00274 -0.00231  0.00246 -0.00288  0.00131 -0.00503 -0.00252  -0.0111 -0.00903  0.00156        0
        4|        0   -0.013-0.000719  -0.0051 0.000666 -0.00357  0.00194 -0.00263  0.00258 -0.00221  0.00282 -0.00212  0.00275 -0.00235   0.0023 -0.00321 0.000792 -0.00563 -0.00264 -0.00898  0.00801        0
        3|        0 -0.00717 -0.00479 0.000575 -0.00381   0.0017 -0.00281  0.00248 -0.00225  0.00285 -0.00203  0.00294 -0.00208  0.00275 -0.00245  0.00206 -0.00359 0.000339 -0.00587 -0.00173  0.00459        0
        2|        0  -0.0382  -0.0328  -0.0348  -0.0255  -0.0255  -0.0155  -0.0156 -0.00624  -0.0073 0.000965 -0.00128    0.006  0.00303  0.00954  0.00563    0.011  0.00585   0.0101  0.00456   0.0181        0
        1|        0    0.124     0.13    0.132     0.12    0.116   0.0995   0.0903   0.0694   0.0565   0.0322   0.0163  -0.0116  -0.0321  -0.0646  -0.0892   -0.124   -0.149    -0.18   -0.193   -0.192        0
        0|        0        0        0        0        0        0        0        0        0        0        0        0        0        0        0        0        0        0        0        0        0        0

