t: 0.276665
nCells: 20x10, dx: 0.1, dy: 0.1

u (22x12): 
         |        0        1        2        3        4        5        6        7        8        9       10       11       12       13       14       15       16       17       18       19       20
-------------------------------------------------------------------------------------------------------------------------------------------------------------------------------------------------------------------------
       11|        0-0.000754  -0.0015 -0.00216 -0.00273  -0.0032 -0.00356 -0.00383 -0.00401 -0.00412 -0.00415 -0.00412 -0.00401 -0.00383 -0.00356  -0.0032 -0.00273 -0.00217  -0.0015-0.000756        0
       10|        0-0.000632 -0.00125 -0.00182 -0.00232 -0.00273 -0.00307 -0.00332  -0.0035 -0.00361 -0.00364 -0.00361  -0.0035 -0.00333 -0.00308 -0.00274 -0.00233 -0.00183 -0.00126-0.000635        0
        9|        0-0.000536 -0.00106 -0.00155 -0.00199 -0.00236 -0.00266  -0.0029 -0.00306 -0.00316 -0.00319 -0.00316 -0.00307  -0.0029 -0.00267 -0.00237 -0.00199 -0.00156 -0.00107-0.000538        0
        8|        0 -0.00046-0.000916 -0.00134 -0.00172 -0.00205 -0.00233 -0.00254 -0.00269 -0.00278 -0.00281 -0.00278 -0.00269 -0.00254 -0.00233 -0.00206 -0.00173 -0.00134-0.000918-0.000462        0
        7|        0  -0.0004-0.000798 -0.00117 -0.00151  -0.0018 -0.00205 -0.00224 -0.00238 -0.00247 -0.00249 -0.00247 -0.00238 -0.00224 -0.00205 -0.00181 -0.00151 -0.00117  -0.0008-0.000401        0
        6|        0-0.000353-0.000704 -0.00103 -0.00134  -0.0016 -0.00182   -0.002 -0.00213  -0.0022 -0.00223 -0.00221 -0.00213   -0.002 -0.00183  -0.0016 -0.00134 -0.00104-0.000706-0.000354        0
        5|        0-0.000316-0.000631-0.000929  -0.0012 -0.00144 -0.00164 -0.00181 -0.00192 -0.00199 -0.00202 -0.00199 -0.00192 -0.00181 -0.00165 -0.00144  -0.0012 -0.00093-0.000632-0.000317        0
        4|        0-0.000289-0.000576-0.000848  -0.0011 -0.00132 -0.00151 -0.00166 -0.00176 -0.00183 -0.00185 -0.00183 -0.00177 -0.00166 -0.00151 -0.00132  -0.0011-0.000849-0.000577-0.000289        0
        3|        0-0.000268-0.000536 -0.00079 -0.00102 -0.00123 -0.00141 -0.00155 -0.00165 -0.00171 -0.00173 -0.00171 -0.00165 -0.00155 -0.00141 -0.00123 -0.00102-0.000791-0.000537-0.000269        0
        2|        0-0.000256 -0.00051-0.000752-0.000975 -0.00117 -0.00134 -0.00148 -0.00157 -0.00163 -0.00165 -0.00163 -0.00157 -0.00148 -0.00134 -0.00117-0.000975-0.000753-0.000511-0.000256        0
        1|        0-0.000243-0.000486-0.000717-0.000929 -0.00112 -0.00128 -0.00141  -0.0015 -0.00156 -0.00158 -0.00156  -0.0015 -0.00141 -0.00128 -0.00112 -0.00093-0.000718-0.000487-0.000244        0
        0|        0 0.000221 0.000441 0.000649 0.000841  0.00101  0.00116  0.00127  0.00136  0.00141  0.00143  0.00141  0.00136  0.00127  0.00116  0.00101 0.000842  0.00065 0.000441 0.000221        0

v (22x12): 
         |        0        1        2        3        4        5        6        7        8        9       10       11       12       13       14       15       16       17       18       19       20       21
-------------------------------------------------------------------------------------------------------------------------------------------------------------------------------------------------------------------------
       10|  -0.0034  0.00375  0.00372  0.00348  0.00314  0.00273  0.00227  0.00179  0.00129 0.000775 0.000262-0.000253-0.000767 -0.00128 -0.00178 -0.00227 -0.00273 -0.00314 -0.00349 -0.00373 -0.00376  0.00341
        9| -0.00283  0.00312   0.0031  0.00291  0.00265  0.00232  0.00194  0.00153  0.00111  0.00067 0.000226-0.000219-0.000664  -0.0011 -0.00153 -0.00194 -0.00232 -0.00265 -0.00292 -0.00311 -0.00313  0.00283
        8| -0.00234  0.00259  0.00257  0.00242  0.00221  0.00194  0.00164   0.0013 0.000942 0.000571 0.000193-0.000188-0.000566-0.000938  -0.0013 -0.00164 -0.00194 -0.00221 -0.00243 -0.00258 -0.00259  0.00235
        7| -0.00193  0.00213  0.00212    0.002  0.00183  0.00161  0.00136  0.00109 0.000789 0.000479 0.000162-0.000158-0.000476-0.000786 -0.00108 -0.00136 -0.00161 -0.00183   -0.002 -0.00212 -0.00213  0.00193
        6| -0.00156  0.00173  0.00172  0.00163  0.00149  0.00132  0.00112 0.000892  0.00065 0.000395 0.000133 -0.00013-0.000392-0.000647-0.000891 -0.00112 -0.00132 -0.00149 -0.00163 -0.00172 -0.00173  0.00156
        5| -0.00124  0.00137  0.00137   0.0013  0.00119  0.00105 0.000895 0.000716 0.000522 0.000318 0.000107-0.000105-0.000316 -0.00052-0.000715-0.000894 -0.00105 -0.00119  -0.0013 -0.00137 -0.00137  0.00124
        4|-0.000957  0.00106  0.00105 0.000998 0.000918 0.000814 0.000692 0.000554 0.000405 0.000246 8.33e-05-8.16e-05-0.000245-0.000403-0.000553-0.000692-0.000814-0.000918-0.000999 -0.00105 -0.00106 0.000957
        3|-0.000695 0.000768 0.000766 0.000726 0.000668 0.000593 0.000505 0.000405 0.000295  0.00018 6.08e-05-5.96e-05-0.000179-0.000294-0.000404-0.000504-0.000593-0.000668-0.000726-0.000766-0.000768 0.000696
        2|-0.000452 0.000499 0.000498 0.000472 0.000435 0.000386 0.000329 0.000264 0.000193 0.000117 3.97e-05 -3.9e-05-0.000117-0.000192-0.000263-0.000329-0.000386-0.000435-0.000472-0.000498-0.000499 0.000452
        1|-0.000221 0.000244 0.000243 0.000231 0.000212 0.000189 0.000161 0.000129 9.42e-05 5.75e-05 1.94e-05 -1.9e-05-5.71e-05-9.39e-05-0.000129 -0.00016-0.000189-0.000212-0.000231-0.000243-0.000244 0.000221
        0|        0        0        0        0        0        0        0        0        0        0        0        0        0        0        0        0        0        0        0        0        0        0

p (22x12): 
         |        0        1        2        3        4        5        6        7        8        9       10       11       12       13       14       15       16       17       18       19       20       21
-------------------------------------------------------------------------------------------------------------------------------------------------------------------------------------------------------------------------
       11|    -0.02    -0.02  -0.0198  -0.0192  -0.0184  -0.0173  -0.0161  -0.0147  -0.0133  -0.0117  -0.0102 -0.00855 -0.00696 -0.00541 -0.00394 -0.00256 -0.00132-0.000269 0.000566  0.00114  0.00143  0.00143
       10|  -0.0185  -0.0185  -0.0183  -0.0178  -0.0171  -0.0163  -0.0152   -0.014  -0.0128  -0.0114    -0.01 -0.00865 -0.00726 -0.00591 -0.00464 -0.00345  -0.0024 -0.00151 -0.00081-0.000331-9.22e-05-9.22e-05
        9|  -0.0173  -0.0173  -0.0171  -0.0167  -0.0161  -0.0154  -0.0145  -0.0134  -0.0123  -0.0112 -0.00995 -0.00873 -0.00751 -0.00634 -0.00522  -0.0042 -0.00329 -0.00253 -0.00193 -0.00152 -0.00132 -0.00132
        8|  -0.0163  -0.0163  -0.0161  -0.0158  -0.0153  -0.0146  -0.0138  -0.0129   -0.012  -0.0109 -0.00988  -0.0088 -0.00773 -0.00669 -0.00572 -0.00482 -0.00404 -0.00337 -0.00286 -0.00251 -0.00234 -0.00234
        7|  -0.0155  -0.0155  -0.0153   -0.015  -0.0146   -0.014  -0.0133  -0.0125  -0.0117  -0.0108 -0.00981 -0.00886 -0.00791 -0.00699 -0.00613 -0.00535 -0.00466 -0.00408 -0.00363 -0.00332 -0.00317 -0.00317
        6|  -0.0148  -0.0148  -0.0147  -0.0144   -0.014  -0.0135  -0.0129  -0.0122  -0.0114  -0.0106 -0.00976  -0.0089 -0.00806 -0.00724 -0.00647 -0.00577 -0.00516 -0.00465 -0.00425 -0.00398 -0.00385 -0.00385
        5|  -0.0143  -0.0143  -0.0141  -0.0139  -0.0135  -0.0131  -0.0125  -0.0119  -0.0112  -0.0105 -0.00972 -0.00894 -0.00818 -0.00744 -0.00675 -0.00612 -0.00556  -0.0051 -0.00475 -0.00451 -0.00439 -0.00439
        4|  -0.0138  -0.0138  -0.0137  -0.0135  -0.0132  -0.0128  -0.0123  -0.0117  -0.0111  -0.0104 -0.00968 -0.00897 -0.00827 -0.00759 -0.00696 -0.00638 -0.00588 -0.00546 -0.00513 -0.00491  -0.0048  -0.0048
        3|  -0.0135  -0.0135  -0.0134  -0.0132  -0.0129  -0.0125  -0.0121  -0.0115  -0.0109  -0.0103 -0.00966   -0.009 -0.00834 -0.00771 -0.00711 -0.00657  -0.0061 -0.00571 -0.00541  -0.0052  -0.0051  -0.0051
        2|  -0.0134  -0.0134  -0.0133  -0.0131  -0.0128  -0.0124   -0.012  -0.0114  -0.0109  -0.0103 -0.00965 -0.00901 -0.00838 -0.00778 -0.00721  -0.0067 -0.00625 -0.00588 -0.00559 -0.00539  -0.0053  -0.0053
        1|  -0.0133  -0.0133  -0.0132   -0.013  -0.0127  -0.0123  -0.0119  -0.0114  -0.0108  -0.0102 -0.00964 -0.00902 -0.00841 -0.00782 -0.00726 -0.00676 -0.00632 -0.00596 -0.00568 -0.00549 -0.00539 -0.00539
        0|  -0.0133  -0.0133  -0.0132   -0.013  -0.0127  -0.0123  -0.0119  -0.0114  -0.0108  -0.0102 -0.00964 -0.00902 -0.00841 -0.00782 -0.00726 -0.00676 -0.00632 -0.00596 -0.00568 -0.00549 -0.00539 -0.00539

F (22x12): 
         |        0        1        2        3        4        5        6        7        8        9       10       11       12       13       14       15       16       17       18       19       20
-------------------------------------------------------------------------------------------------------------------------------------------------------------------------------------------------------------------------
       11|        0        0        0        0        0        0        0        0        0        0        0        0        0        0        0        0        0        0        0        0        0
       10|        0-0.000572 -0.00113 -0.00165 -0.00209 -0.00247 -0.00277   -0.003 -0.00316 -0.00326 -0.00329 -0.00326 -0.00316 -0.00301 -0.00278 -0.00248  -0.0021 -0.00165 -0.00114-0.000574        0
        9|        0-0.000485-0.000963  -0.0014  -0.0018 -0.00213 -0.00241 -0.00262 -0.00277 -0.00285 -0.00288 -0.00286 -0.00277 -0.00262 -0.00241 -0.00214  -0.0018 -0.00141-0.000965-0.000487        0
        8|        0-0.000417-0.000828 -0.00121 -0.00156 -0.00185  -0.0021 -0.00229 -0.00243 -0.00251 -0.00254 -0.00251 -0.00243  -0.0023  -0.0021 -0.00186 -0.00156 -0.00121 -0.00083-0.000418        0
        7|        0-0.000362-0.000721 -0.00106 -0.00136 -0.00163 -0.00185 -0.00202 -0.00215 -0.00223 -0.00225 -0.00223 -0.00215 -0.00203 -0.00185 -0.00163 -0.00136 -0.00106-0.000723-0.000363        0
        6|        0 -0.00032-0.000637-0.000935 -0.00121 -0.00145 -0.00165 -0.00181 -0.00192 -0.00199 -0.00201 -0.00199 -0.00192 -0.00181 -0.00165 -0.00145 -0.00121-0.000936-0.000638 -0.00032        0
        5|        0-0.000286-0.000571-0.000839 -0.00108  -0.0013 -0.00148 -0.00163 -0.00174  -0.0018 -0.00182  -0.0018 -0.00174 -0.00163 -0.00149  -0.0013 -0.00109 -0.00084-0.000572-0.000287        0
        4|        0-0.000261-0.000521-0.000766-0.000992 -0.00119 -0.00136  -0.0015 -0.00159 -0.00165 -0.00167 -0.00165 -0.00159  -0.0015 -0.00136 -0.00119-0.000992-0.000767-0.000521-0.000262        0
        3|        0-0.000243-0.000485-0.000714-0.000924 -0.00111 -0.00127  -0.0014 -0.00149 -0.00155 -0.00156 -0.00155 -0.00149  -0.0014 -0.00127 -0.00111-0.000925-0.000714-0.000485-0.000243        0
        2|        0-0.000231-0.000461 -0.00068 -0.00088 -0.00106 -0.00121 -0.00133 -0.00142 -0.00148 -0.00149 -0.00148 -0.00142 -0.00133 -0.00121 -0.00106-0.000881 -0.00068-0.000462-0.000232        0
        1|        0 -0.00022-0.000439-0.000646-0.000837 -0.00101 -0.00115 -0.00127 -0.00135  -0.0014 -0.00142  -0.0014 -0.00135 -0.00127 -0.00115 -0.00101-0.000838-0.000647-0.000439 -0.00022        0
        0|        0 0.000221 0.000441 0.000649 0.000841  0.00101  0.00116  0.00127  0.00136  0.00141  0.00143  0.00141  0.00136  0.00127  0.00116  0.00101 0.000842  0.00065 0.000441 0.000221        0

G (22x12): 
         |        0        1        2        3        4        5        6        7        8        9       10       11       12       13       14       15       16       17       18       19       20       21
-------------------------------------------------------------------------------------------------------------------------------------------------------------------------------------------------------------------------
       10|  -0.0034  0.00338  0.00335  0.00314  0.00283  0.00246  0.00205  0.00161  0.00116 0.000697 0.000234-0.000229-0.000691 -0.00115 -0.00161 -0.00205 -0.00246 -0.00283 -0.00314 -0.00336 -0.00338  0.00341
        9| -0.00283  0.00281   0.0028  0.00263  0.00239  0.00209  0.00175  0.00138 0.000999 0.000604 0.000203-0.000199  -0.0006-0.000996 -0.00138 -0.00175 -0.00209 -0.00239 -0.00263  -0.0028 -0.00282  0.00283
        8| -0.00234  0.00233  0.00232  0.00219    0.002  0.00175  0.00148  0.00117  0.00085 0.000515 0.000173 -0.00017-0.000512-0.000847 -0.00117 -0.00148 -0.00176   -0.002 -0.00219 -0.00233 -0.00233  0.00235
        7| -0.00193  0.00192  0.00191   0.0018  0.00165  0.00146  0.00123  0.00098 0.000712 0.000432 0.000146-0.000143 -0.00043 -0.00071-0.000979 -0.00123 -0.00146 -0.00165 -0.00181 -0.00191 -0.00192  0.00193
        6| -0.00156  0.00155  0.00155  0.00147  0.00135  0.00119  0.00101 0.000805 0.000586 0.000356  0.00012-0.000118-0.000354-0.000585-0.000804 -0.00101 -0.00119 -0.00135 -0.00147 -0.00155 -0.00156  0.00156
        5| -0.00124  0.00124  0.00124  0.00117  0.00107 0.000952 0.000808 0.000646 0.000471 0.000287 9.66e-05-9.51e-05-0.000285 -0.00047-0.000645-0.000808-0.000952 -0.00107 -0.00117 -0.00124 -0.00124  0.00124
        4|-0.000957 0.000952 0.000951 0.000902 0.000829 0.000735 0.000625   0.0005 0.000365 0.000222  7.5e-05-7.39e-05-0.000221-0.000364  -0.0005-0.000625-0.000735-0.000829-0.000902-0.000952-0.000952 0.000957
        3|-0.000695 0.000692 0.000692 0.000656 0.000603 0.000536 0.000456 0.000365 0.000267 0.000163 5.48e-05 -5.4e-05-0.000162-0.000266-0.000365-0.000456-0.000536-0.000603-0.000656-0.000692-0.000692 0.000696
        2|-0.000452  0.00045  0.00045 0.000427 0.000393 0.000349 0.000297 0.000238 0.000174 0.000106 3.58e-05-3.53e-05-0.000106-0.000174-0.000238-0.000297-0.000349-0.000393-0.000427 -0.00045 -0.00045 0.000452
        1|-0.000221  0.00022  0.00022 0.000209 0.000192 0.000171 0.000145 0.000117 8.52e-05  5.2e-05 1.75e-05-1.72e-05-5.17e-05 -8.5e-05-0.000116-0.000145-0.000171-0.000192-0.000209 -0.00022 -0.00022 0.000221
        0|        0        0        0        0        0        0        0        0        0        0        0        0        0        0        0        0        0        0        0        0        0        0

rhs (22x12): 
         |        0        1        2        3        4        5        6        7        8        9       10       11       12       13       14       15       16       17       18       19       20       21
-------------------------------------------------------------------------------------------------------------------------------------------------------------------------------------------------------------------------
       11|        0        0        0        0        0        0        0        0        0        0        0        0        0        0        0        0        0        0        0        0        0        0
       10|        0 -0.00354 -0.00231 -0.00229 -0.00203 -0.00191 -0.00156 -0.00136 -0.00093-0.000664-0.000182 0.000135 0.000679  0.00107  0.00168  0.00212  0.00276  0.00318  0.00372  0.00396  0.00527        0
        9|        0-0.000963-8.15e-05 1.53e-05-7.64e-05 2.18e-05-6.97e-05  2.8e-05-6.46e-05 3.18e-05-6.23e-05 3.02e-05-6.57e-05 2.73e-05-7.01e-05 2.14e-05 -7.7e-05  1.4e-05-8.41e-05 9.19e-06 0.000918        0
        8|        0-0.000883 2.55e-05-6.79e-05 2.92e-05 -6.3e-05 3.43e-05-5.83e-05 3.83e-05-5.53e-05 4.01e-05-5.65e-05 3.75e-05-5.87e-05 3.41e-05-6.32e-05 2.89e-05-6.87e-05 2.37e-05-7.22e-05 0.000863        0
        7|        0-0.000694-6.11e-05  3.5e-05-5.79e-05  3.9e-05-5.37e-05  4.3e-05-5.03e-05 4.56e-05-4.88e-05 4.47e-05-5.08e-05 4.28e-05-5.37e-05 3.91e-05 -5.8e-05 3.47e-05-6.21e-05 3.19e-05 0.000691        0
        6|        0-0.000673 3.96e-05-5.42e-05 4.23e-05-5.07e-05 4.61e-05-4.71e-05 4.92e-05-4.47e-05 5.06e-05-4.53e-05 4.89e-05 -4.7e-05 4.63e-05-5.03e-05 4.25e-05-5.42e-05  3.9e-05-5.67e-05 0.000681        0
        5|        0-0.000531-5.13e-05 4.46e-05-4.87e-05 4.79e-05-4.52e-05 5.12e-05-4.23e-05 5.35e-05-4.09e-05 5.31e-05-4.23e-05 5.15e-05-4.48e-05 4.84e-05-4.83e-05 4.49e-05-5.15e-05 4.26e-05 0.000547        0
        4|        0-0.000549 4.63e-05-4.76e-05 4.88e-05-4.44e-05 5.21e-05-4.12e-05  5.5e-05 -3.9e-05 5.63e-05-3.91e-05 5.52e-05-4.07e-05 5.28e-05-4.37e-05 4.94e-05-4.71e-05 4.64e-05-4.93e-05  0.00057        0
        3|        0 -0.00044-4.68e-05 4.91e-05-4.44e-05 5.21e-05-4.11e-05 5.53e-05-3.83e-05 5.75e-05-3.69e-05 5.75e-05-3.79e-05  5.6e-05-4.02e-05  5.3e-05-4.35e-05 4.98e-05-4.65e-05 4.76e-05 0.000464        0
        2|        0-0.000486 4.93e-05-4.47e-05 5.16e-05-4.17e-05 5.48e-05-3.86e-05 5.76e-05-3.65e-05 5.88e-05-3.63e-05 5.81e-05-3.78e-05 5.58e-05-4.07e-05 5.26e-05-4.39e-05 4.97e-05-4.61e-05 0.000513        0
        1|        0 5.01e-05  0.00042  0.00047 0.000366 0.000396 0.000276 0.000291 0.000158 0.000163 2.33e-05 2.47e-05-0.000116-0.000112-0.000248-0.000236 -0.00036-0.000333-0.000439-0.000391 2.35e-06        0
        0|        0        0        0        0        0        0        0        0        0        0        0        0        0        0        0        0        0        0        0        0        0        0

