t: 0.454516
nCells: 20x10, dx: 0.1, dy: 0.1

u (22x12): 
         |        0        1        2        3        4        5        6        7        8        9       10       11       12       13       14       15       16       17       18       19       20
-------------------------------------------------------------------------------------------------------------------------------------------------------------------------------------------------------------------------
       11|        0 -0.00124 -0.00248 -0.00359 -0.00455 -0.00533 -0.00594 -0.00639 -0.00671 -0.00688 -0.00694 -0.00689 -0.00671  -0.0064 -0.00595 -0.00534 -0.00456  -0.0036 -0.00249 -0.00124        0
       10|        0 -0.00103 -0.00207 -0.00302 -0.00385 -0.00455 -0.00511 -0.00554 -0.00584 -0.00602 -0.00608 -0.00603 -0.00586 -0.00557 -0.00514 -0.00459 -0.00389 -0.00305 -0.00209 -0.00105        0
        9|        0-0.000877 -0.00176 -0.00257  -0.0033 -0.00392 -0.00443 -0.00483 -0.00511 -0.00528 -0.00534 -0.00529 -0.00512 -0.00485 -0.00446 -0.00395 -0.00333  -0.0026 -0.00178-0.000888        0
        8|        0-0.000754 -0.00151 -0.00222 -0.00286 -0.00341 -0.00387 -0.00423 -0.00449 -0.00465  -0.0047 -0.00465  -0.0045 -0.00425 -0.00389 -0.00344 -0.00288 -0.00224 -0.00153-0.000761        0
        7|        0-0.000656 -0.00132 -0.00194 -0.00251   -0.003 -0.00341 -0.00374 -0.00397 -0.00411 -0.00416 -0.00412 -0.00398 -0.00375 -0.00343 -0.00301 -0.00252 -0.00195 -0.00133-0.000661        0
        6|        0-0.000579 -0.00116 -0.00172 -0.00222 -0.00266 -0.00304 -0.00333 -0.00355 -0.00368 -0.00372 -0.00368 -0.00355 -0.00334 -0.00305 -0.00268 -0.00223 -0.00173 -0.00117-0.000583        0
        5|        0-0.000519 -0.00104 -0.00154   -0.002  -0.0024 -0.00274 -0.00301 -0.00321 -0.00333 -0.00337 -0.00333 -0.00321 -0.00302 -0.00275 -0.00241 -0.00201 -0.00155 -0.00105-0.000522        0
        4|        0-0.000473-0.000953 -0.00141 -0.00183  -0.0022 -0.00251 -0.00276 -0.00294 -0.00306 -0.00309 -0.00306 -0.00295 -0.00277 -0.00252  -0.0022 -0.00183 -0.00141-0.000957-0.000476        0
        3|        0 -0.00044-0.000888 -0.00131  -0.0017 -0.00205 -0.00234 -0.00258 -0.00275 -0.00286 -0.00289 -0.00286 -0.00275 -0.00258 -0.00235 -0.00205 -0.00171 -0.00132-0.000891-0.000442        0
        2|        0-0.000419-0.000845 -0.00125 -0.00162 -0.00195 -0.00223 -0.00246 -0.00263 -0.00273 -0.00276 -0.00273 -0.00263 -0.00246 -0.00224 -0.00196 -0.00163 -0.00125-0.000848-0.000421        0
        1|        0-0.000393-0.000792 -0.00117 -0.00152 -0.00183  -0.0021 -0.00231 -0.00246 -0.00256 -0.00259 -0.00256 -0.00247 -0.00231  -0.0021 -0.00183 -0.00152 -0.00117-0.000795-0.000394        0
        0|        0 0.000372  0.00075  0.00111  0.00144  0.00173  0.00198  0.00218  0.00233  0.00242  0.00245  0.00242  0.00233  0.00219  0.00199  0.00174  0.00144  0.00111 0.000752 0.000373        0

v (22x12): 
         |        0        1        2        3        4        5        6        7        8        9       10       11       12       13       14       15       16       17       18       19       20       21
-------------------------------------------------------------------------------------------------------------------------------------------------------------------------------------------------------------------------
       10| -0.00581  0.00615   0.0062  0.00581  0.00525  0.00457  0.00381    0.003  0.00216  0.00131 0.000453-0.000409 -0.00127 -0.00213 -0.00298  -0.0038 -0.00457 -0.00526 -0.00584 -0.00624 -0.00619  0.00585
        9| -0.00484  0.00511  0.00517  0.00486  0.00442  0.00387  0.00325  0.00257  0.00186  0.00113  0.00039-0.000356  -0.0011 -0.00184 -0.00255 -0.00324 -0.00387 -0.00443 -0.00488  -0.0052 -0.00515  0.00486
        8| -0.00401  0.00424  0.00429  0.00404  0.00369  0.00325  0.00274  0.00218  0.00158 0.000963 0.000331-0.000306 -0.00094 -0.00156 -0.00216 -0.00273 -0.00325  -0.0037 -0.00406 -0.00431 -0.00426  0.00403
        7| -0.00329  0.00348  0.00353  0.00333  0.00305   0.0027  0.00228  0.00182  0.00132 0.000808 0.000277-0.000258 -0.00079 -0.00131 -0.00181 -0.00228  -0.0027 -0.00306 -0.00334 -0.00354  -0.0035  0.00331
        6| -0.00267  0.00283  0.00286  0.00271  0.00249   0.0022  0.00187  0.00149  0.00109 0.000664 0.000228-0.000214-0.000651 -0.00108 -0.00149 -0.00186  -0.0022 -0.00249 -0.00272 -0.00287 -0.00284  0.00268
        5| -0.00213  0.00225  0.00228  0.00216  0.00198  0.00176   0.0015   0.0012 0.000874 0.000534 0.000183-0.000172-0.000524-0.000866 -0.00119 -0.00149 -0.00176 -0.00199 -0.00216 -0.00229 -0.00225  0.00213
        4| -0.00163  0.00173  0.00175  0.00166  0.00153  0.00136  0.00116 0.000926 0.000677 0.000413 0.000142-0.000134-0.000406-0.000671-0.000922 -0.00115 -0.00136 -0.00153 -0.00167 -0.00176 -0.00173  0.00164
        3| -0.00119  0.00125  0.00127  0.00121  0.00111 0.000989 0.000841 0.000675 0.000494 0.000302 0.000103-9.75e-05-0.000297-0.000489-0.000672-0.000839-0.000988 -0.00111 -0.00121 -0.00128 -0.00126  0.00119
        2|-0.000769 0.000813 0.000826 0.000784 0.000722 0.000642 0.000547 0.000439 0.000321 0.000196 6.72e-05-6.37e-05-0.000193-0.000318-0.000437-0.000546-0.000641-0.000722-0.000784-0.000827-0.000814 0.000771
        1|-0.000373 0.000393 0.000399 0.000379 0.000349 0.000311 0.000265 0.000213 0.000156 9.54e-05 3.25e-05-3.06e-05-9.36e-05-0.000154-0.000212-0.000264-0.000311-0.000349 -0.00038  -0.0004-0.000394 0.000373
        0|        0        0        0        0        0        0        0        0        0        0        0        0        0        0        0        0        0        0        0        0        0        0

p (22x12): 
         |        0        1        2        3        4        5        6        7        8        9       10       11       12       13       14       15       16       17       18       19       20       21
-------------------------------------------------------------------------------------------------------------------------------------------------------------------------------------------------------------------------
       11|  -0.0719  -0.0719  -0.0716  -0.0711  -0.0703  -0.0693  -0.0681  -0.0668  -0.0654  -0.0639  -0.0624  -0.0608  -0.0593  -0.0578  -0.0563   -0.055  -0.0538  -0.0527  -0.0519  -0.0513  -0.0511  -0.0511
       10|  -0.0704  -0.0704  -0.0702  -0.0698  -0.0691  -0.0683  -0.0673  -0.0661  -0.0649  -0.0636  -0.0623  -0.0609  -0.0596  -0.0583   -0.057  -0.0559  -0.0548   -0.054  -0.0533  -0.0528  -0.0526  -0.0526
        9|  -0.0692  -0.0692  -0.0691  -0.0687  -0.0681  -0.0674  -0.0665  -0.0655  -0.0645  -0.0633  -0.0622   -0.061  -0.0598  -0.0587  -0.0576  -0.0566  -0.0557   -0.055  -0.0544   -0.054  -0.0538  -0.0538
        8|  -0.0683  -0.0683  -0.0681  -0.0678  -0.0673  -0.0667  -0.0659  -0.0651  -0.0641  -0.0631  -0.0621   -0.061    -0.06   -0.059  -0.0581  -0.0572  -0.0564  -0.0558  -0.0553   -0.055  -0.0548  -0.0548
        7|  -0.0675  -0.0675  -0.0673   -0.067  -0.0666  -0.0661  -0.0654  -0.0646  -0.0638  -0.0629   -0.062  -0.0611  -0.0602  -0.0593  -0.0585  -0.0577   -0.057  -0.0565   -0.056  -0.0557  -0.0556  -0.0556
        6|  -0.0668  -0.0668  -0.0667  -0.0664  -0.0661  -0.0656   -0.065  -0.0643  -0.0636  -0.0628   -0.062  -0.0611  -0.0603  -0.0595  -0.0588  -0.0581  -0.0575   -0.057  -0.0566  -0.0564  -0.0563  -0.0563
        5|  -0.0663  -0.0663  -0.0662   -0.066  -0.0656  -0.0652  -0.0646   -0.064  -0.0634  -0.0627  -0.0619  -0.0612  -0.0604  -0.0597  -0.0591  -0.0584  -0.0579  -0.0575  -0.0571  -0.0569  -0.0568  -0.0568
        4|  -0.0659  -0.0659  -0.0658  -0.0656  -0.0653  -0.0649  -0.0644  -0.0638  -0.0632  -0.0626  -0.0619  -0.0612  -0.0605  -0.0599  -0.0593  -0.0587  -0.0582  -0.0578  -0.0575  -0.0573  -0.0572  -0.0572
        3|  -0.0656  -0.0656  -0.0655  -0.0653   -0.065  -0.0647  -0.0642  -0.0637  -0.0631  -0.0625  -0.0619  -0.0612  -0.0606    -0.06  -0.0594  -0.0589  -0.0584   -0.058  -0.0578  -0.0576  -0.0575  -0.0575
        2|  -0.0654  -0.0654  -0.0653  -0.0651  -0.0649  -0.0645  -0.0641  -0.0636   -0.063  -0.0625  -0.0619  -0.0612  -0.0606    -0.06  -0.0595   -0.059  -0.0586  -0.0582  -0.0579  -0.0577  -0.0576  -0.0576
        1|  -0.0653  -0.0653  -0.0652  -0.0651  -0.0648  -0.0644   -0.064  -0.0635   -0.063  -0.0624  -0.0618  -0.0612  -0.0606  -0.0601  -0.0595  -0.0591  -0.0586  -0.0583   -0.058  -0.0578  -0.0577  -0.0577
        0|  -0.0653  -0.0653  -0.0652  -0.0651  -0.0648  -0.0644   -0.064  -0.0635   -0.063  -0.0624  -0.0618  -0.0612  -0.0606  -0.0601  -0.0595  -0.0591  -0.0586  -0.0583   -0.058  -0.0578  -0.0577  -0.0577

F (22x12): 
         |        0        1        2        3        4        5        6        7        8        9       10       11       12       13       14       15       16       17       18       19       20
-------------------------------------------------------------------------------------------------------------------------------------------------------------------------------------------------------------------------
       11|        0        0        0        0        0        0        0        0        0        0        0        0        0        0        0        0        0        0        0        0        0
       10|        0-0.000978 -0.00195 -0.00285 -0.00363 -0.00429 -0.00482 -0.00523 -0.00551 -0.00568 -0.00574 -0.00569 -0.00553 -0.00525 -0.00485 -0.00432 -0.00367 -0.00288 -0.00198-0.000991        0
        9|        0 -0.00083 -0.00166 -0.00243 -0.00312  -0.0037 -0.00418 -0.00456 -0.00482 -0.00498 -0.00503 -0.00499 -0.00483 -0.00457 -0.00421 -0.00373 -0.00314 -0.00245 -0.00168-0.000839        0
        8|        0-0.000713 -0.00143  -0.0021  -0.0027 -0.00322 -0.00365 -0.00399 -0.00424 -0.00438 -0.00443 -0.00439 -0.00425 -0.00401 -0.00367 -0.00324 -0.00272 -0.00211 -0.00144-0.000719        0
        7|        0-0.000621 -0.00125 -0.00183 -0.00237 -0.00283 -0.00322 -0.00353 -0.00375 -0.00388 -0.00393 -0.00389 -0.00376 -0.00354 -0.00323 -0.00284 -0.00238 -0.00184 -0.00125-0.000625        0
        6|        0-0.000548  -0.0011 -0.00162  -0.0021 -0.00251 -0.00287 -0.00314 -0.00335 -0.00347 -0.00351 -0.00347 -0.00335 -0.00315 -0.00287 -0.00252 -0.00211 -0.00163 -0.00111-0.000551        0
        5|        0-0.000491-0.000987 -0.00146 -0.00188 -0.00226 -0.00258 -0.00284 -0.00303 -0.00314 -0.00318 -0.00314 -0.00303 -0.00285 -0.00259 -0.00227 -0.00189 -0.00146-0.000991-0.000493        0
        4|        0-0.000448  -0.0009 -0.00133 -0.00172 -0.00207 -0.00237  -0.0026 -0.00278 -0.00288 -0.00292 -0.00288 -0.00278 -0.00261 -0.00237 -0.00208 -0.00173 -0.00133-0.000904 -0.00045        0
        3|        0-0.000417-0.000839 -0.00124 -0.00161 -0.00193 -0.00221 -0.00243  -0.0026 -0.00269 -0.00273  -0.0027  -0.0026 -0.00244 -0.00221 -0.00194 -0.00161 -0.00124-0.000841-0.000418        0
        2|        0-0.000397-0.000798 -0.00118 -0.00153 -0.00184 -0.00211 -0.00232 -0.00248 -0.00257  -0.0026 -0.00257 -0.00248 -0.00232 -0.00211 -0.00185 -0.00153 -0.00118  -0.0008-0.000398        0
        1|        0 -0.00037-0.000746  -0.0011 -0.00143 -0.00172 -0.00197 -0.00217 -0.00232 -0.00241 -0.00244 -0.00241 -0.00232 -0.00217 -0.00198 -0.00173 -0.00143 -0.00111-0.000748-0.000372        0
        0|        0 0.000372  0.00075  0.00111  0.00144  0.00173  0.00198  0.00218  0.00233  0.00242  0.00245  0.00242  0.00233  0.00219  0.00199  0.00174  0.00144  0.00111 0.000752 0.000373        0

G (22x12): 
         |        0        1        2        3        4        5        6        7        8        9       10       11       12       13       14       15       16       17       18       19       20       21
-------------------------------------------------------------------------------------------------------------------------------------------------------------------------------------------------------------------------
       10| -0.00581  0.00578  0.00584  0.00547  0.00494   0.0043  0.00359  0.00282  0.00203  0.00123 0.000422-0.000388  -0.0012 -0.00201  -0.0028 -0.00357  -0.0043 -0.00495 -0.00548 -0.00586  -0.0058  0.00585
        9| -0.00484  0.00481  0.00487  0.00458  0.00417  0.00365  0.00306  0.00243  0.00175  0.00106 0.000365-0.000339 -0.00104 -0.00173 -0.00241 -0.00306 -0.00365 -0.00418  -0.0046  -0.0049 -0.00484  0.00486
        8| -0.00401  0.00399  0.00404  0.00381  0.00348  0.00306  0.00258  0.00205  0.00149 0.000906  0.00031-0.000291-0.000888 -0.00148 -0.00204 -0.00258 -0.00307 -0.00349 -0.00383 -0.00406 -0.00401  0.00403
        7| -0.00329  0.00328  0.00333  0.00315  0.00288  0.00254  0.00215  0.00172  0.00125  0.00076  0.00026-0.000245-0.000746 -0.00124 -0.00171 -0.00215 -0.00254 -0.00288 -0.00316 -0.00334 -0.00329  0.00331
        6| -0.00267  0.00266   0.0027  0.00256  0.00235  0.00208  0.00176  0.00141  0.00103 0.000626 0.000214-0.000203-0.000615 -0.00102  -0.0014 -0.00176 -0.00208 -0.00235 -0.00257 -0.00271 -0.00267  0.00268
        5| -0.00213  0.00211  0.00215  0.00204  0.00187  0.00166  0.00141  0.00113 0.000824 0.000503 0.000171-0.000163-0.000495-0.000818 -0.00112 -0.00141 -0.00166 -0.00187 -0.00204 -0.00216 -0.00212  0.00213
        4| -0.00163  0.00163  0.00165  0.00157  0.00144  0.00128  0.00109 0.000873 0.000638 0.000389 0.000133-0.000127-0.000384-0.000634 -0.00087 -0.00109 -0.00128 -0.00144 -0.00157 -0.00166 -0.00163  0.00164
        3| -0.00119  0.00118   0.0012  0.00114  0.00105 0.000933 0.000794 0.000637 0.000465 0.000284 9.68e-05-9.24e-05 -0.00028-0.000462-0.000634-0.000792-0.000932 -0.00105 -0.00114  -0.0012 -0.00118  0.00119
        2|-0.000769 0.000766 0.000779  0.00074 0.000681 0.000606 0.000516 0.000414 0.000303 0.000185 6.32e-05-6.04e-05-0.000182-0.000301-0.000412-0.000515-0.000605-0.000682-0.000741-0.000781-0.000767 0.000771
        1|-0.000373 0.000371 0.000378 0.000359  0.00033 0.000294  0.00025 0.000201 0.000147    9e-05 3.06e-05-2.91e-05-8.86e-05-0.000146  -0.0002 -0.00025-0.000294 -0.00033-0.000359-0.000378-0.000372 0.000373
        0|        0        0        0        0        0        0        0        0        0        0        0        0        0        0        0        0        0        0        0        0        0        0

rhs (22x12): 
         |        0        1        2        3        4        5        6        7        8        9       10       11       12       13       14       15       16       17       18       19       20       21
-------------------------------------------------------------------------------------------------------------------------------------------------------------------------------------------------------------------------
       11|        0        0        0        0        0        0        0        0        0        0        0        0        0        0        0        0        0        0        0        0        0        0
       10|        0 -0.00549 -0.00325 -0.00355 -0.00301 -0.00317 -0.00245 -0.00242 -0.00153 -0.00132-0.000253 0.000117  0.00138  0.00199  0.00348  0.00428  0.00589   0.0067  0.00814  0.00855   0.0109        0
        9|        0 -0.00157-0.000283 0.000109-0.000269 0.000128-0.000249 0.000147-0.000233 0.000158-0.000227 0.000153-0.000237 0.000144-0.000251 0.000126-0.000272 0.000103-0.000294 9.08e-05   0.0015        0
        8|        0 -0.00158  0.00014-0.000243 0.000151-0.000228 0.000166-0.000214 0.000178-0.000205 0.000184-0.000209 0.000176-0.000216 0.000165 -0.00023 0.000149-0.000246 0.000133-0.000256  0.00159        0
        7|        0 -0.00108-0.000222 0.000168-0.000213  0.00018  -0.0002 0.000193 -0.00019   0.0002-0.000185 0.000198-0.000191 0.000192  -0.0002  0.00018-0.000213 0.000167-0.000226 0.000159  0.00113        0
        6|        0 -0.00121 0.000183-0.000202 0.000191-0.000191 0.000202 -0.00018 0.000211-0.000173 0.000216-0.000175 0.000211 -0.00018 0.000202 -0.00019 0.000191-0.000202  0.00018-0.000209  0.00129        0
        5|        0-0.000791-0.000193 0.000197-0.000185 0.000207-0.000174 0.000218-0.000165 0.000224-0.000161 0.000223-0.000165 0.000218-0.000173 0.000209-0.000184 0.000198-0.000194 0.000192 0.000895        0
        4|        0-0.000987 0.000203-0.000181  0.00021-0.000172  0.00022-0.000162 0.000229-0.000155 0.000233-0.000156  0.00023 -0.00016 0.000222 -0.00017 0.000212 -0.00018 0.000203-0.000187  0.00111        0
        3|        0-0.000629-0.000179 0.000211-0.000172  0.00022-0.000162  0.00023-0.000153 0.000237-0.000149 0.000237-0.000152 0.000232-0.000159 0.000223-0.000169 0.000213-0.000178 0.000207 0.000758        0
        2|        0-0.000875 0.000212-0.000173 0.000219-0.000164 0.000229-0.000154 0.000237-0.000148 0.000241-0.000147 0.000239-0.000152 0.000232-0.000161 0.000222 -0.00017 0.000213-0.000177  0.00101        0
        1|        0 0.000216 0.000684 0.000939 0.000595 0.000816 0.000443 0.000638 0.000243 0.000421 1.34e-05 0.000184-0.000227-5.45e-05-0.000458-0.000271-0.000655-0.000443-0.000795-0.000545 2.16e-05        0
        0|        0        0        0        0        0        0        0        0        0        0        0        0        0        0        0        0        0        0        0        0        0        0

