t: 1.72457
nCells: 20x10, dx: 0.1, dy: 0.1

u (22x12): 
         |        0        1        2        3        4        5        6        7        8        9       10       11       12       13       14       15       16       17       18       19       20
-------------------------------------------------------------------------------------------------------------------------------------------------------------------------------------------------------------------------
       11|        0     1.91     1.86     1.83     1.81     1.79     1.78     1.77     1.77     1.77     1.76     1.76     1.76     1.76     1.76     1.76     1.77     1.78      1.8     1.87        0
       10|        0   0.0888    0.142    0.175    0.196    0.211    0.221    0.228    0.233    0.236    0.238     0.24    0.241    0.241    0.241    0.239    0.234    0.224    0.198    0.133        0
        9|        0  -0.0335   -0.036  -0.0317  -0.0268  -0.0224   -0.019  -0.0164  -0.0145  -0.0132  -0.0124   -0.012  -0.0121  -0.0124  -0.0133  -0.0146  -0.0163   -0.018  -0.0193  -0.0173        0
        8|        0   -0.016  -0.0269  -0.0319  -0.0336  -0.0338  -0.0334  -0.0328  -0.0324  -0.0321   -0.032  -0.0323  -0.0329   -0.034  -0.0358  -0.0385  -0.0426  -0.0475  -0.0503  -0.0403        0
        7|        0  -0.0102  -0.0191  -0.0247   -0.028  -0.0297  -0.0306   -0.031  -0.0312  -0.0314  -0.0316   -0.032  -0.0326  -0.0335  -0.0348  -0.0364  -0.0384    -0.04  -0.0385  -0.0276        0
        6|        0 -0.00723  -0.0143  -0.0197  -0.0233  -0.0258  -0.0274  -0.0284  -0.0291  -0.0296    -0.03  -0.0304  -0.0308  -0.0313  -0.0317  -0.0321   -0.032  -0.0305  -0.0261   -0.016        0
        5|        0 -0.00557  -0.0114  -0.0162  -0.0199  -0.0227  -0.0247  -0.0261  -0.0271  -0.0278  -0.0284  -0.0287  -0.0289   -0.029  -0.0287  -0.0281  -0.0266  -0.0237  -0.0185  -0.0101        0
        4|        0 -0.00459 -0.00957  -0.0139  -0.0175  -0.0204  -0.0226  -0.0242  -0.0254  -0.0263  -0.0269  -0.0272  -0.0272  -0.0269  -0.0262  -0.0249  -0.0226  -0.0192  -0.0141 -0.00716        0
        3|        0 -0.00399  -0.0084  -0.0124  -0.0158  -0.0187   -0.021  -0.0228  -0.0241  -0.0251  -0.0257  -0.0259  -0.0258  -0.0253  -0.0242  -0.0225    -0.02  -0.0163  -0.0116 -0.00567        0
        2|        0 -0.00369  -0.0077  -0.0115  -0.0148  -0.0176    -0.02  -0.0218  -0.0232  -0.0242  -0.0248   -0.025  -0.0248  -0.0241  -0.0229   -0.021  -0.0183  -0.0147  -0.0101 -0.00489        0
        1|        0 -0.00371 -0.00814  -0.0121  -0.0156  -0.0184  -0.0207  -0.0224  -0.0235  -0.0242  -0.0244  -0.0242  -0.0236  -0.0225  -0.0209  -0.0188   -0.016  -0.0126 -0.00856 -0.00404        0
        0|        0 -0.00288 -0.00629  -0.0095  -0.0124  -0.0149   -0.017  -0.0187    -0.02  -0.0208  -0.0213  -0.0214   -0.021  -0.0201  -0.0188  -0.0168  -0.0143  -0.0113 -0.00768 -0.00379        0

v (22x12): 
         |        0        1        2        3        4        5        6        7        8        9       10       11       12       13       14       15       16       17       18       19       20       21
-------------------------------------------------------------------------------------------------------------------------------------------------------------------------------------------------------------------------
       10|        0        0        0        0        0        0        0        0        0        0        0        0        0        0        0        0        0        0        0        0        0        0
        9|  -0.0885   0.0888   0.0533   0.0329   0.0214   0.0144  0.00992  0.00692  0.00486  0.00343   0.0024  0.00163 0.000945  0.00023 -0.00059 -0.00181 -0.00436  -0.0105  -0.0261  -0.0645   -0.133    0.132
        8|  -0.0551   0.0553   0.0509   0.0371   0.0264   0.0187   0.0134  0.00953  0.00678  0.00474  0.00321  0.00197 0.000905-0.000167 -0.00141 -0.00313 -0.00605  -0.0123  -0.0273  -0.0624   -0.116    0.114
        7|  -0.0391   0.0393   0.0399   0.0322   0.0247   0.0185   0.0137   0.0101  0.00724  0.00504  0.00326  0.00173 0.000279 -0.00128 -0.00321 -0.00589  -0.0101  -0.0172  -0.0301  -0.0523  -0.0759   0.0743
        6|  -0.0289   0.0291    0.031   0.0265   0.0214   0.0168   0.0129  0.00963  0.00701  0.00485  0.00302  0.00134-0.000314 -0.00217 -0.00447 -0.00759  -0.0121  -0.0188  -0.0286  -0.0415  -0.0483   0.0474
        5|  -0.0217   0.0218   0.0239   0.0212   0.0178   0.0144   0.0113   0.0086  0.00631  0.00435  0.00259 0.000954-0.000735 -0.00262 -0.00494 -0.00794   -0.012  -0.0173  -0.0242  -0.0314  -0.0323   0.0317
        4|  -0.0161   0.0163   0.0181   0.0164   0.0141   0.0116   0.0093  0.00717  0.00529  0.00361  0.00208 0.000594-0.000939 -0.00266 -0.00472 -0.00728  -0.0105  -0.0144  -0.0189   -0.023  -0.0222   0.0219
        3|  -0.0116   0.0117   0.0131    0.012   0.0105  0.00878  0.00709  0.00551  0.00406  0.00274   0.0015 0.000298-0.000967 -0.00236   -0.004 -0.00595  -0.0083   -0.011  -0.0138  -0.0161  -0.0151   0.0149
        2|  -0.0076  0.00766  0.00868  0.00801  0.00702  0.00591   0.0048  0.00371  0.00272  0.00178  0.00091 4.25e-05-0.000848 -0.00183 -0.00295 -0.00425 -0.00574 -0.00738 -0.00901  -0.0103 -0.00942  0.00929
        1| -0.00393  0.00396  0.00466  0.00425  0.00369  0.00308  0.00245  0.00186   0.0013 0.000797 0.000309-0.000155-0.000639 -0.00114 -0.00172 -0.00234 -0.00305 -0.00378 -0.00449 -0.00501 -0.00454  0.00449
        0|  -0.0178    0.018   0.0207   0.0198   0.0182   0.0161   0.0138   0.0112  0.00846  0.00559  0.00263-0.000428 -0.00355 -0.00674 -0.00995  -0.0132  -0.0162   -0.019  -0.0214  -0.0228  -0.0206   0.0204

p (22x12): 
         |        0        1        2        3        4        5        6        7        8        9       10       11       12       13       14       15       16       17       18       19       20       21
-------------------------------------------------------------------------------------------------------------------------------------------------------------------------------------------------------------------------
       11|    -4.14    -4.14    -4.13    -4.13    -4.13    -4.13    -4.13    -4.12    -4.12    -4.12    -4.12    -4.12    -4.12    -4.11    -4.11    -4.11    -4.11    -4.11     -4.1    -4.09    -4.06    -4.06
       10|    -4.14    -4.14    -4.13    -4.13    -4.13    -4.13    -4.13    -4.12    -4.12    -4.12    -4.12    -4.12    -4.12    -4.11    -4.11    -4.11    -4.11    -4.11     -4.1    -4.09    -4.06    -4.06
        9|    -4.13    -4.13    -4.13    -4.13    -4.13    -4.13    -4.13    -4.12    -4.12    -4.12    -4.12    -4.12    -4.12    -4.11    -4.11    -4.11    -4.11    -4.11     -4.1     -4.1    -4.08    -4.08
        8|    -4.13    -4.13    -4.13    -4.13    -4.13    -4.13    -4.12    -4.12    -4.12    -4.12    -4.12    -4.12    -4.12    -4.11    -4.11    -4.11    -4.11    -4.11     -4.1     -4.1    -4.09    -4.09
        7|    -4.13    -4.13    -4.13    -4.13    -4.13    -4.12    -4.12    -4.12    -4.12    -4.12    -4.12    -4.12    -4.11    -4.11    -4.11    -4.11    -4.11    -4.11     -4.1     -4.1     -4.1     -4.1
        6|    -4.12    -4.12    -4.12    -4.12    -4.12    -4.12    -4.12    -4.12    -4.12    -4.12    -4.12    -4.12    -4.11    -4.11    -4.11    -4.11    -4.11    -4.11     -4.1     -4.1     -4.1     -4.1
        5|    -4.12    -4.12    -4.12    -4.12    -4.12    -4.12    -4.12    -4.12    -4.12    -4.12    -4.12    -4.12    -4.11    -4.11    -4.11    -4.11    -4.11    -4.11     -4.1     -4.1     -4.1     -4.1
        4|    -4.12    -4.12    -4.12    -4.12    -4.12    -4.12    -4.12    -4.12    -4.12    -4.12    -4.12    -4.12    -4.11    -4.11    -4.11    -4.11    -4.11    -4.11    -4.11     -4.1     -4.1     -4.1
        3|    -4.12    -4.12    -4.12    -4.12    -4.12    -4.12    -4.12    -4.12    -4.12    -4.12    -4.12    -4.12    -4.11    -4.11    -4.11    -4.11    -4.11    -4.11    -4.11    -4.11    -4.11    -4.11
        2|    -4.12    -4.12    -4.12    -4.12    -4.12    -4.12    -4.12    -4.12    -4.12    -4.12    -4.12    -4.12    -4.11    -4.11    -4.11    -4.11    -4.11    -4.11    -4.11    -4.11    -4.11    -4.11
        1|    -4.12    -4.12    -4.12    -4.12    -4.12    -4.12    -4.12    -4.12    -4.12    -4.12    -4.12    -4.12    -4.11    -4.11    -4.11    -4.11    -4.11    -4.11    -4.11    -4.11    -4.11    -4.11
        0|    -4.12    -4.12    -4.12    -4.12    -4.12    -4.12    -4.12    -4.12    -4.12    -4.12    -4.12    -4.12    -4.11    -4.11    -4.11    -4.11    -4.11    -4.11    -4.11    -4.11    -4.11    -4.11

F (22x12): 
         |        0        1        2        3        4        5        6        7        8        9       10       11       12       13       14       15       16       17       18       19       20
-------------------------------------------------------------------------------------------------------------------------------------------------------------------------------------------------------------------------
       11|        0     1.91     1.86     1.83     1.81     1.79     1.78     1.77     1.77     1.77     1.76     1.76     1.76     1.76     1.76     1.76     1.77     1.78      1.8     1.87        0
       10|        0     0.09    0.142    0.175    0.197    0.211    0.221    0.228    0.233    0.236    0.239     0.24    0.241    0.242    0.241    0.239    0.235    0.225    0.201    0.139        0
        9|        0  -0.0334  -0.0358  -0.0314  -0.0264   -0.022  -0.0186  -0.0159   -0.014  -0.0127  -0.0119  -0.0116  -0.0116   -0.012  -0.0128  -0.0141  -0.0157  -0.0171  -0.0174  -0.0144        0
        8|        0   -0.016  -0.0268  -0.0317  -0.0333  -0.0334   -0.033  -0.0324   -0.032  -0.0317  -0.0316  -0.0318  -0.0324  -0.0335  -0.0353   -0.038  -0.0419  -0.0467  -0.0491   -0.039        0
        7|        0  -0.0102   -0.019  -0.0246  -0.0277  -0.0294  -0.0302  -0.0306  -0.0308   -0.031  -0.0312  -0.0316  -0.0322  -0.0331  -0.0343  -0.0359  -0.0378  -0.0393  -0.0377   -0.027        0
        6|        0 -0.00721  -0.0143  -0.0195  -0.0231  -0.0255  -0.0271  -0.0281  -0.0287  -0.0292  -0.0296    -0.03  -0.0304  -0.0308  -0.0313  -0.0316  -0.0314    -0.03  -0.0256  -0.0157        0
        5|        0 -0.00555  -0.0114  -0.0161  -0.0198  -0.0225  -0.0244  -0.0258  -0.0268  -0.0275   -0.028  -0.0283  -0.0285  -0.0286  -0.0283  -0.0276  -0.0262  -0.0233  -0.0181 -0.00987        0
        4|        0 -0.00457 -0.00951  -0.0138  -0.0174  -0.0202  -0.0223   -0.024  -0.0251   -0.026  -0.0265  -0.0268  -0.0268  -0.0265  -0.0258  -0.0245  -0.0223  -0.0189  -0.0138 -0.00704        0
        3|        0 -0.00397 -0.00834  -0.0123  -0.0157  -0.0185  -0.0208  -0.0225  -0.0238  -0.0248  -0.0253  -0.0256  -0.0255  -0.0249  -0.0239  -0.0222  -0.0196  -0.0161  -0.0114 -0.00558        0
        2|        0 -0.00367 -0.00765  -0.0114  -0.0147  -0.0175  -0.0198  -0.0216   -0.023  -0.0239  -0.0245  -0.0247  -0.0244  -0.0238  -0.0225  -0.0206   -0.018  -0.0144 -0.00997 -0.00481        0
        1|        0  -0.0037 -0.00808   -0.012  -0.0155  -0.0183  -0.0205  -0.0221  -0.0232  -0.0239  -0.0241  -0.0239  -0.0232  -0.0221  -0.0206  -0.0184  -0.0157  -0.0124  -0.0084 -0.00397        0
        0|        0        0        0        0        0        0        0        0        0        0        0        0        0        0        0        0        0        0        0        0        0

G (22x12): 
         |        0        1        2        3        4        5        6        7        8        9       10       11       12       13       14       15       16       17       18       19       20       21
-------------------------------------------------------------------------------------------------------------------------------------------------------------------------------------------------------------------------
       10|        0        0        0        0        0        0        0        0        0        0        0        0        0        0        0        0        0        0        0        0        0        0
        9|  -0.0885   0.0875   0.0531   0.0327   0.0212   0.0142  0.00976  0.00679  0.00476  0.00335  0.00233  0.00157 0.000893 0.000187-0.000618 -0.00181 -0.00429  -0.0102  -0.0251  -0.0621   -0.128    0.132
        8|  -0.0551   0.0545   0.0502   0.0365   0.0259   0.0183    0.013  0.00927  0.00658  0.00458  0.00308  0.00187 0.000811-0.000258 -0.00151 -0.00325 -0.00622  -0.0125  -0.0274  -0.0619   -0.114    0.114
        7|  -0.0391   0.0388   0.0394   0.0317   0.0243   0.0182   0.0134  0.00982  0.00704  0.00488  0.00313  0.00163 0.000188 -0.00136 -0.00329 -0.00598  -0.0102  -0.0173  -0.0301  -0.0518  -0.0748   0.0743
        6|  -0.0289   0.0287   0.0307   0.0262   0.0211   0.0165   0.0126  0.00943  0.00684  0.00471   0.0029  0.00125 -0.00039 -0.00223 -0.00451 -0.00761  -0.0121  -0.0187  -0.0284   -0.041  -0.0475   0.0474
        5|  -0.0217   0.0216   0.0236   0.0209   0.0175   0.0141   0.0111  0.00843  0.00617  0.00423   0.0025 0.000879-0.000792 -0.00266 -0.00496 -0.00792  -0.0119  -0.0172  -0.0239   -0.031  -0.0317   0.0317
        4|  -0.0161    0.016   0.0179   0.0162   0.0139   0.0114  0.00914  0.00704  0.00518  0.00352  0.00201 0.000538-0.000978 -0.00268 -0.00471 -0.00724  -0.0104  -0.0143  -0.0187  -0.0227  -0.0219   0.0219
        3|  -0.0116   0.0115   0.0129   0.0119   0.0103  0.00865  0.00698  0.00542  0.00398  0.00268  0.00145  0.00026 -0.00099 -0.00237 -0.00399 -0.00591 -0.00822  -0.0109  -0.0136  -0.0159  -0.0148   0.0149
        2|  -0.0076  0.00755  0.00858  0.00791  0.00693  0.00583  0.00472  0.00365  0.00267  0.00174 0.000881 2.34e-05-0.000857 -0.00183 -0.00293 -0.00422 -0.00569  -0.0073  -0.0089  -0.0101 -0.00927  0.00929
        1| -0.00393    0.004   0.0047  0.00429  0.00372  0.00311  0.00248  0.00188  0.00131 0.000801 0.000309-0.000158-0.000644 -0.00115 -0.00172 -0.00235 -0.00305 -0.00377 -0.00447 -0.00498  -0.0045  0.00449
        0|  -0.0178        0        0        0        0        0        0        0        0        0        0        0        0        0        0        0        0        0        0        0        0   0.0204

rhs (22x12): 
         |        0        1        2        3        4        5        6        7        8        9       10       11       12       13       14       15       16       17       18       19       20       21
-------------------------------------------------------------------------------------------------------------------------------------------------------------------------------------------------------------------------
       11|        0        0        0        0        0        0        0        0        0        0        0        0        0        0        0        0        0        0        0        0        0        0
       10|        0    0.966   -0.286   0.0684    0.111   0.0913   0.0753   0.0524   0.0433   0.0283   0.0263   0.0182   0.0236   0.0194   0.0231   0.0335   0.0784    0.166    0.313   0.0922    -4.24        0
        9|        0   -0.162    0.215    0.203    0.139    0.104   0.0682   0.0546   0.0338   0.0307   0.0174   0.0204    0.013   0.0233   0.0306   0.0636    0.131    0.329    0.738     1.07   0.0619        0
        8|        0  -0.0942  -0.0273  -0.0179  0.00027  -0.0018   0.0064-1.51e-05  0.00652-0.000482  0.00596-0.000957  0.00569 -6.1e-05  0.00755  0.00254    0.015   0.0282   0.0813   0.0433  -0.0653        0
        7|        0  -0.0378  -0.0204 -0.00878  -0.0104-0.000449 -0.00519  0.00263 -0.00344  0.00362 -0.00293  0.00383 -0.00287   0.0036 -0.00373  0.00151 -0.00879  -0.0113  -0.0416  -0.0816   -0.108        0
        6|        0  -0.0261 -0.00604  -0.0107 -0.00142 -0.00618  0.00184 -0.00403  0.00319 -0.00323  0.00363 -0.00306   0.0036 -0.00344  0.00262 -0.00551 -0.00193  -0.0154  -0.0215  -0.0415  -0.0255        0
        5|        0  -0.0135  -0.0091 -0.00135 -0.00659  0.00137 -0.00443  0.00292 -0.00339  0.00357 -0.00303  0.00374 -0.00311  0.00337 -0.00387  0.00179 -0.00696 -0.00397  -0.0164  -0.0141 -0.00283        0
        4|        0  -0.0145-0.000463 -0.00659  0.00109 -0.00477  0.00264 -0.00357  0.00349 -0.00302  0.00382 -0.00286  0.00376 -0.00316  0.00316 -0.00434  0.00101 -0.00791 -0.00421   -0.013   0.0083        0
        3|        0 -0.00727 -0.00615  0.00101 -0.00504  0.00235 -0.00382  0.00334 -0.00308  0.00385 -0.00276    0.004  -0.0028  0.00377 -0.00328  0.00284 -0.00489 0.000326  -0.0083 -0.00278  0.00438        0
        2|        0  -0.0442  -0.0396   -0.043  -0.0309  -0.0316  -0.0187  -0.0196 -0.00744 -0.00941  0.00135 -0.00213   0.0073  0.00284   0.0113  0.00552   0.0124  0.00491   0.0102  0.00241   0.0198        0
        1|        0    0.114    0.122    0.127    0.116    0.116      0.1    0.095   0.0741   0.0644   0.0393   0.0257 -0.00417  -0.0241  -0.0605  -0.0866   -0.128   -0.155   -0.193   -0.208   -0.205        0
        0|        0        0        0        0        0        0        0        0        0        0        0        0        0        0        0        0        0        0        0        0        0        0

