t: 0.736419
nCells: 20x10, dx: 0.1, dy: 0.1

u (22x12): 
         |        0        1        2        3        4        5        6        7        8        9       10       11       12       13       14       15       16       17       18       19       20
-------------------------------------------------------------------------------------------------------------------------------------------------------------------------------------------------------------------------
       11|        0 -0.00193 -0.00394 -0.00574 -0.00729 -0.00856 -0.00956  -0.0103  -0.0108  -0.0111  -0.0112  -0.0111  -0.0108  -0.0103 -0.00957 -0.00859 -0.00733 -0.00578 -0.00398 -0.00196        0
       10|        0  -0.0016 -0.00325 -0.00478 -0.00612 -0.00725 -0.00817 -0.00888 -0.00938 -0.00968  -0.0098 -0.00973 -0.00946   -0.009 -0.00832 -0.00743 -0.00629 -0.00494 -0.00338 -0.00167        0
        9|        0 -0.00136 -0.00277 -0.00408 -0.00526 -0.00626 -0.00709 -0.00774  -0.0082 -0.00848 -0.00859 -0.00852 -0.00827 -0.00783 -0.00721 -0.00639 -0.00538  -0.0042 -0.00286 -0.00141        0
        8|        0 -0.00117 -0.00239 -0.00353 -0.00456 -0.00545  -0.0062 -0.00678 -0.00721 -0.00747 -0.00756 -0.00749 -0.00726 -0.00686 -0.00628 -0.00555 -0.00465 -0.00361 -0.00245 -0.00121        0
        7|        0 -0.00102 -0.00208 -0.00308 -0.00399 -0.00479 -0.00546 -0.00599 -0.00638 -0.00661  -0.0067 -0.00663 -0.00642 -0.00605 -0.00553 -0.00486 -0.00406 -0.00314 -0.00213 -0.00105        0
        6|        0-0.000903 -0.00184 -0.00273 -0.00354 -0.00426 -0.00486 -0.00534  -0.0057 -0.00591 -0.00599 -0.00593 -0.00572 -0.00539 -0.00491 -0.00431 -0.00359 -0.00278 -0.00187-0.000921        0
        5|        0 -0.00081 -0.00165 -0.00245 -0.00319 -0.00384 -0.00439 -0.00483 -0.00515 -0.00535 -0.00542 -0.00536 -0.00517 -0.00486 -0.00442 -0.00388 -0.00323 -0.00249 -0.00168-0.000822        0
        4|        0 -0.00074 -0.00151 -0.00224 -0.00292 -0.00351 -0.00402 -0.00443 -0.00473 -0.00491 -0.00498 -0.00492 -0.00474 -0.00445 -0.00405 -0.00354 -0.00295 -0.00227 -0.00153 -0.00075        0
        3|        0-0.000689 -0.00141 -0.00209 -0.00272 -0.00328 -0.00376 -0.00414 -0.00442 -0.00459 -0.00465  -0.0046 -0.00443 -0.00416 -0.00378  -0.0033 -0.00274 -0.00211 -0.00142-0.000697        0
        2|        0-0.000656 -0.00134 -0.00199 -0.00259 -0.00313 -0.00358 -0.00395 -0.00422 -0.00438 -0.00444 -0.00439 -0.00423 -0.00396  -0.0036 -0.00315 -0.00261 -0.00201 -0.00135-0.000663        0
        1|        0-0.000597 -0.00122 -0.00182 -0.00237 -0.00285 -0.00327 -0.00361 -0.00385   -0.004 -0.00406 -0.00401 -0.00387 -0.00362 -0.00329 -0.00287 -0.00238 -0.00183 -0.00123-0.000604        0
        0|        0  0.00058  0.00119  0.00176  0.00229  0.00277  0.00317  0.00349  0.00373  0.00388  0.00393  0.00388  0.00374  0.00351  0.00319  0.00278  0.00231  0.00178   0.0012 0.000586        0

v (22x12): 
         |        0        1        2        3        4        5        6        7        8        9       10       11       12       13       14       15       16       17       18       19       20       21
-------------------------------------------------------------------------------------------------------------------------------------------------------------------------------------------------------------------------
       10| -0.00927  0.00956  0.00993  0.00933  0.00845  0.00738  0.00618  0.00489  0.00355  0.00218 0.000792-0.000601   -0.002 -0.00339 -0.00477 -0.00612 -0.00738 -0.00852 -0.00946  -0.0101 -0.00978  0.00947
        9| -0.00772  0.00796  0.00827  0.00781  0.00711  0.00625  0.00526  0.00418  0.00304  0.00187 0.000675-0.000529 -0.00174 -0.00293  -0.0041 -0.00521 -0.00625 -0.00716  -0.0079 -0.00841 -0.00811  0.00785
        8| -0.00639   0.0066  0.00687  0.00649  0.00594  0.00524  0.00443  0.00353  0.00258  0.00159 0.000569-0.000459 -0.00148  -0.0025 -0.00347  -0.0044 -0.00524 -0.00598 -0.00656 -0.00696  -0.0067  0.00649
        7| -0.00526  0.00542  0.00565  0.00535  0.00491  0.00435  0.00368  0.00295  0.00216  0.00133 0.000472 -0.00039 -0.00125 -0.00209  -0.0029 -0.00366 -0.00435 -0.00494  -0.0054 -0.00572  -0.0055  0.00532
        6| -0.00427   0.0044  0.00459  0.00435    0.004  0.00355  0.00302  0.00242  0.00177  0.00109 0.000387-0.000325 -0.00103 -0.00172 -0.00238   -0.003 -0.00355 -0.00402 -0.00439 -0.00463 -0.00445  0.00431
        5| -0.00339   0.0035  0.00365  0.00346  0.00319  0.00283  0.00241  0.00194  0.00142 0.000873 0.000308-0.000263-0.000831 -0.00138 -0.00191  -0.0024 -0.00283  -0.0032 -0.00349 -0.00368 -0.00353  0.00342
        4|  -0.0026  0.00269   0.0028  0.00266  0.00245  0.00218  0.00186  0.00149   0.0011 0.000674 0.000238-0.000205-0.000643 -0.00107 -0.00148 -0.00185 -0.00218 -0.00246 -0.00268 -0.00282 -0.00271  0.00262
        3| -0.00189  0.00195  0.00203  0.00193  0.00178  0.00158  0.00135  0.00109 0.000797 0.000491 0.000172-0.000149 -0.00047-0.000779 -0.00107 -0.00134 -0.00158 -0.00178 -0.00194 -0.00204 -0.00196   0.0019
        2| -0.00122  0.00126  0.00131  0.00125  0.00115  0.00102 0.000874 0.000703 0.000516 0.000317 0.000112-9.75e-05-0.000304-0.000505-0.000694 -0.00087 -0.00102 -0.00115 -0.00125 -0.00132 -0.00126  0.00123
        1|-0.000582   0.0006 0.000626 0.000596 0.000549  0.00049 0.000417 0.000337 0.000247 0.000152 5.32e-05-4.57e-05-0.000146-0.000241-0.000332-0.000415-0.000489 -0.00055-0.000599-0.000629-0.000603 0.000585
        0|        0        0        0        0        0        0        0        0        0        0        0        0        0        0        0        0        0        0        0        0        0        0

p (22x12): 
         |        0        1        2        3        4        5        6        7        8        9       10       11       12       13       14       15       16       17       18       19       20       21
-------------------------------------------------------------------------------------------------------------------------------------------------------------------------------------------------------------------------
       11|   -0.319   -0.319   -0.319   -0.318   -0.318   -0.317   -0.316   -0.315   -0.313   -0.312    -0.31   -0.309   -0.307   -0.306   -0.305   -0.303   -0.302   -0.301     -0.3     -0.3   -0.299   -0.299
       10|   -0.318   -0.318   -0.318   -0.317   -0.317   -0.316   -0.315   -0.314   -0.313   -0.311    -0.31   -0.309   -0.308   -0.306   -0.305   -0.304   -0.303   -0.302   -0.302   -0.301   -0.301   -0.301
        9|   -0.317   -0.317   -0.317   -0.316   -0.316   -0.315   -0.314   -0.313   -0.312   -0.311    -0.31   -0.309   -0.308   -0.307   -0.306   -0.305   -0.304   -0.303   -0.303   -0.302   -0.302   -0.302
        8|   -0.316   -0.316   -0.316   -0.315   -0.315   -0.314   -0.314   -0.313   -0.312   -0.311    -0.31   -0.309   -0.308   -0.307   -0.306   -0.305   -0.305   -0.304   -0.303   -0.303   -0.303   -0.303
        7|   -0.315   -0.315   -0.315   -0.315   -0.314   -0.314   -0.313   -0.312   -0.312   -0.311    -0.31   -0.309   -0.308   -0.307   -0.307   -0.306   -0.305   -0.305   -0.304   -0.304   -0.304   -0.304
        6|   -0.314   -0.314   -0.314   -0.314   -0.314   -0.313   -0.313   -0.312   -0.311   -0.311    -0.31   -0.309   -0.308   -0.308   -0.307   -0.306   -0.306   -0.305   -0.305   -0.305   -0.304   -0.304
        5|   -0.314   -0.314   -0.314   -0.314   -0.313   -0.313   -0.312   -0.312   -0.311   -0.311    -0.31   -0.309   -0.308   -0.308   -0.307   -0.306   -0.306   -0.306   -0.305   -0.305   -0.305   -0.305
        4|   -0.314   -0.314   -0.313   -0.313   -0.313   -0.313   -0.312   -0.312   -0.311    -0.31    -0.31   -0.309   -0.308   -0.308   -0.307   -0.307   -0.306   -0.306   -0.306   -0.305   -0.305   -0.305
        3|   -0.313   -0.313   -0.313   -0.313   -0.313   -0.312   -0.312   -0.311   -0.311    -0.31    -0.31   -0.309   -0.309   -0.308   -0.307   -0.307   -0.306   -0.306   -0.306   -0.306   -0.306   -0.306
        2|   -0.313   -0.313   -0.313   -0.313   -0.313   -0.312   -0.312   -0.311   -0.311    -0.31    -0.31   -0.309   -0.309   -0.308   -0.307   -0.307   -0.307   -0.306   -0.306   -0.306   -0.306   -0.306
        1|   -0.313   -0.313   -0.313   -0.313   -0.313   -0.312   -0.312   -0.311   -0.311    -0.31    -0.31   -0.309   -0.309   -0.308   -0.308   -0.307   -0.307   -0.306   -0.306   -0.306   -0.306   -0.306
        0|   -0.313   -0.313   -0.313   -0.313   -0.313   -0.312   -0.312   -0.311   -0.311    -0.31    -0.31   -0.309   -0.309   -0.308   -0.308   -0.307   -0.307   -0.306   -0.306   -0.306   -0.306   -0.306

F (22x12): 
         |        0        1        2        3        4        5        6        7        8        9       10       11       12       13       14       15       16       17       18       19       20
-------------------------------------------------------------------------------------------------------------------------------------------------------------------------------------------------------------------------
       11|        0        0        0        0        0        0        0        0        0        0        0        0        0        0        0        0        0        0        0        0        0
       10|        0 -0.00155 -0.00315 -0.00462 -0.00592 -0.00702  -0.0079 -0.00858 -0.00906 -0.00935 -0.00946 -0.00939 -0.00914 -0.00869 -0.00804 -0.00717 -0.00608 -0.00477 -0.00326 -0.00162        0
        9|        0 -0.00132 -0.00268 -0.00395 -0.00508 -0.00606 -0.00686 -0.00748 -0.00793  -0.0082  -0.0083 -0.00823 -0.00799 -0.00757 -0.00696 -0.00617  -0.0052 -0.00405 -0.00276 -0.00136        0
        8|        0 -0.00114 -0.00231 -0.00341 -0.00441 -0.00527 -0.00599 -0.00656 -0.00697 -0.00722 -0.00731 -0.00724 -0.00701 -0.00662 -0.00607 -0.00536 -0.00449 -0.00349 -0.00237 -0.00117        0
        7|        0-0.000991 -0.00202 -0.00298 -0.00386 -0.00463 -0.00528 -0.00579 -0.00616 -0.00639 -0.00647 -0.00641  -0.0062 -0.00584 -0.00534  -0.0047 -0.00392 -0.00304 -0.00206 -0.00101        0
        6|        0-0.000876 -0.00178 -0.00264 -0.00343 -0.00412  -0.0047 -0.00517  -0.0055 -0.00571 -0.00579 -0.00573 -0.00553  -0.0052 -0.00474 -0.00416 -0.00347 -0.00268 -0.00181-0.000891        0
        5|        0-0.000785  -0.0016 -0.00237 -0.00308 -0.00371 -0.00424 -0.00467 -0.00498 -0.00517 -0.00524 -0.00518   -0.005 -0.00469 -0.00427 -0.00374 -0.00312  -0.0024 -0.00162-0.000796        0
        4|        0-0.000717 -0.00146 -0.00217 -0.00282  -0.0034 -0.00389 -0.00428 -0.00457 -0.00475 -0.00481 -0.00475 -0.00458  -0.0043 -0.00391 -0.00342 -0.00285 -0.00219 -0.00148-0.000726        0
        3|        0-0.000668 -0.00136 -0.00202 -0.00263 -0.00317 -0.00363   -0.004 -0.00427 -0.00444  -0.0045 -0.00444 -0.00428 -0.00402 -0.00365 -0.00319 -0.00265 -0.00204 -0.00138-0.000674        0
        2|        0-0.000636  -0.0013 -0.00193 -0.00251 -0.00302 -0.00346 -0.00382 -0.00407 -0.00423 -0.00429 -0.00424 -0.00408 -0.00383 -0.00348 -0.00304 -0.00252 -0.00194 -0.00131-0.000642        0
        1|        0-0.000578 -0.00118 -0.00175 -0.00228 -0.00275 -0.00316 -0.00348 -0.00372 -0.00386 -0.00391 -0.00386 -0.00372 -0.00349 -0.00317 -0.00277  -0.0023 -0.00177 -0.00119-0.000583        0
        0|        0  0.00058  0.00119  0.00176  0.00229  0.00277  0.00317  0.00349  0.00373  0.00388  0.00393  0.00388  0.00374  0.00351  0.00319  0.00278  0.00231  0.00178   0.0012 0.000586        0

G (22x12): 
         |        0        1        2        3        4        5        6        7        8        9       10       11       12       13       14       15       16       17       18       19       20       21
-------------------------------------------------------------------------------------------------------------------------------------------------------------------------------------------------------------------------
       10| -0.00927  0.00921  0.00959    0.009  0.00816  0.00712  0.00595   0.0047  0.00341  0.00209 0.000754-0.000589 -0.00193 -0.00327  -0.0046 -0.00589  -0.0071 -0.00819 -0.00909 -0.00972 -0.00938  0.00947
        9| -0.00772  0.00768    0.008  0.00754  0.00687  0.00603  0.00508  0.00403  0.00293   0.0018 0.000645-0.000519 -0.00168 -0.00284 -0.00396 -0.00504 -0.00604 -0.00692 -0.00763 -0.00812 -0.00782  0.00785
        8| -0.00639  0.00636  0.00663  0.00627  0.00574  0.00506  0.00428  0.00341  0.00249  0.00153 0.000544-0.000449 -0.00144 -0.00242 -0.00336 -0.00425 -0.00507 -0.00577 -0.00634 -0.00672 -0.00646  0.00649
        7| -0.00526  0.00523  0.00546  0.00517  0.00474   0.0042  0.00356  0.00285  0.00208  0.00128 0.000452-0.000381 -0.00121 -0.00202 -0.00281 -0.00354  -0.0042 -0.00477 -0.00522 -0.00552  -0.0053  0.00532
        6| -0.00427  0.00424  0.00443  0.00421  0.00386  0.00343  0.00291  0.00233  0.00171  0.00105  0.00037-0.000317   -0.001 -0.00167  -0.0023  -0.0029 -0.00343 -0.00388 -0.00424 -0.00448 -0.00429  0.00431
        5| -0.00339  0.00337  0.00352  0.00335  0.00308  0.00274  0.00233  0.00187  0.00137 0.000841 0.000295-0.000256-0.000805 -0.00134 -0.00185 -0.00232 -0.00274 -0.00309 -0.00337 -0.00355  -0.0034  0.00342
        4|  -0.0026  0.00259  0.00271  0.00257  0.00237  0.00211   0.0018  0.00144  0.00106 0.000649 0.000228  -0.0002-0.000623 -0.00104 -0.00143 -0.00179 -0.00211 -0.00238 -0.00259 -0.00273 -0.00261  0.00262
        3| -0.00189  0.00188  0.00196  0.00187  0.00172  0.00153   0.0013  0.00105 0.000769 0.000473 0.000165-0.000145-0.000455-0.000754 -0.00104  -0.0013 -0.00153 -0.00173 -0.00188 -0.00198 -0.00189   0.0019
        2| -0.00122  0.00121  0.00127  0.00121  0.00111  0.00099 0.000845 0.000679 0.000499 0.000306 0.000108-9.49e-05-0.000294-0.000489-0.000672-0.000841-0.000989 -0.00112 -0.00121 -0.00128 -0.00122  0.00123
        1|-0.000582 0.000579 0.000606 0.000577 0.000532 0.000474 0.000404 0.000326 0.000238 0.000147 5.12e-05-4.47e-05-0.000141-0.000233-0.000322-0.000402-0.000474-0.000533 -0.00058-0.000609-0.000583 0.000585
        0|        0        0        0        0        0        0        0        0        0        0        0        0        0        0        0        0        0        0        0        0        0        0

rhs (22x12): 
         |        0        1        2        3        4        5        6        7        8        9       10       11       12       13       14       15       16       17       18       19       20       21
-------------------------------------------------------------------------------------------------------------------------------------------------------------------------------------------------------------------------
       11|        0        0        0        0        0        0        0        0        0        0        0        0        0        0        0        0        0        0        0        0        0        0
       10|        0 -0.00707 -0.00297 -0.00433 -0.00324 -0.00445 -0.00308 -0.00392 -0.00211  -0.0025-0.000231-0.000171  0.00265  0.00339  0.00687   0.0082   0.0121   0.0136   0.0172   0.0179   0.0215        0
        9|        0 -0.00226-0.000819   0.0004-0.000788 0.000451-0.000735   0.0005-0.000694  0.00053-0.000677 0.000516-0.000706 0.000489-0.000745 0.000438-0.000806 0.000373-0.000867 0.000348  0.00224        0
        8|        0 -0.00271 0.000489-0.000718 0.000512-0.000679 0.000553-0.000641 0.000585-0.000617 0.000599-0.000628 0.000577-0.000648 0.000546-0.000687 0.000501-0.000734 0.000457-0.000754  0.00285        0
        7|        0 -0.00143-0.000659  0.00056-0.000637 0.000592-0.000603 0.000624-0.000576 0.000645-0.000563 0.000638-0.000581 0.000621-0.000606 0.000589-0.000643 0.000551-0.000678 0.000535  0.00169        0
        6|        0 -0.00207   0.0006-0.000607 0.000619-0.000578  0.00065-0.000549 0.000675-0.000529 0.000687-0.000534 0.000673-0.000549 0.000651-0.000578 0.000618-0.000611 0.000588-0.000627   0.0024        0
        5|        0-0.000944-0.000582 0.000638-0.000562 0.000665-0.000534 0.000693-0.000509 0.000711-0.000498 0.000709-0.000509 0.000695 -0.00053 0.000668 -0.00056 0.000638-0.000588 0.000623  0.00133        0
        4|        0  -0.0017 0.000654-0.000553 0.000672-0.000527   0.0007  -0.0005 0.000724-0.000482 0.000735-0.000483 0.000726-0.000496 0.000705-0.000522 0.000677 -0.00055 0.000651-0.000567  0.00212        0
        3|        0-0.000672-0.000546 0.000675-0.000527   0.0007  -0.0005 0.000727-0.000476 0.000745-0.000465 0.000745-0.000473 0.000732-0.000493 0.000707 -0.00052  0.00068-0.000546 0.000664  0.00112        0
        2|        0 -0.00151  0.00068-0.000529 0.000697-0.000505 0.000722 -0.00048 0.000744-0.000463 0.000754-0.000461 0.000749-0.000473  0.00073-0.000497 0.000704-0.000524  0.00068 -0.00054  0.00197        0
        1|        0 0.000697    0.001  0.00186 0.000867  0.00167 0.000632   0.0014 0.000319  0.00105-4.73e-05 0.000668-0.000439 0.000279-0.000819-8.21e-05 -0.00115 -0.00037 -0.00139-0.000539 8.61e-05        0
        0|        0        0        0        0        0        0        0        0        0        0        0        0        0        0        0        0        0        0        0        0        0        0

