t: 0.531124
nCells: 20x10, dx: 0.1, dy: 0.1

u (22x12): 
         |        0        1        2        3        4        5        6        7        8        9       10       11       12       13       14       15       16       17       18       19       20
-------------------------------------------------------------------------------------------------------------------------------------------------------------------------------------------------------------------------
       11|        0 -0.00143 -0.00289 -0.00419 -0.00531 -0.00623 -0.00694 -0.00747 -0.00784 -0.00805 -0.00812 -0.00805 -0.00784 -0.00748 -0.00695 -0.00624 -0.00533 -0.00421  -0.0029 -0.00144        0
       10|        0  -0.0012  -0.0024 -0.00351 -0.00448  -0.0053 -0.00596 -0.00647 -0.00682 -0.00703 -0.00711 -0.00705 -0.00685 -0.00651 -0.00602 -0.00537 -0.00455 -0.00357 -0.00245 -0.00122        0
        9|        0 -0.00102 -0.00204   -0.003 -0.00385 -0.00458 -0.00518 -0.00564 -0.00597 -0.00617 -0.00624 -0.00618 -0.00599 -0.00567 -0.00522 -0.00462  -0.0039 -0.00304 -0.00208 -0.00103        0
        8|        0-0.000873 -0.00176 -0.00259 -0.00334 -0.00398 -0.00452 -0.00494 -0.00524 -0.00543 -0.00549 -0.00544 -0.00526 -0.00497 -0.00455 -0.00402 -0.00337 -0.00262 -0.00178-0.000886        0
        7|        0 -0.00076 -0.00153 -0.00226 -0.00292  -0.0035 -0.00398 -0.00436 -0.00464 -0.00481 -0.00487 -0.00482 -0.00465 -0.00438 -0.00401 -0.00352 -0.00295 -0.00228 -0.00155-0.000769        0
        6|        0-0.000671 -0.00135   -0.002 -0.00259 -0.00311 -0.00354 -0.00389 -0.00414  -0.0043 -0.00435  -0.0043 -0.00415 -0.00391 -0.00356 -0.00313 -0.00261 -0.00202 -0.00137-0.000678        0
        5|        0-0.000601 -0.00122  -0.0018 -0.00233  -0.0028  -0.0032 -0.00351 -0.00375 -0.00389 -0.00394 -0.00389 -0.00375 -0.00353 -0.00321 -0.00281 -0.00234 -0.00181 -0.00122-0.000606        0
        4|        0-0.000549 -0.00111 -0.00164 -0.00213 -0.00256 -0.00293 -0.00322 -0.00344 -0.00357 -0.00361 -0.00357 -0.00344 -0.00323 -0.00294 -0.00257 -0.00214 -0.00165 -0.00112-0.000553        0
        3|        0-0.000511 -0.00103 -0.00153 -0.00199 -0.00239 -0.00274 -0.00301 -0.00321 -0.00334 -0.00338 -0.00334 -0.00322 -0.00302 -0.00274  -0.0024 -0.00199 -0.00154 -0.00104-0.000514        0
        2|        0-0.000487-0.000984 -0.00146 -0.00189 -0.00228 -0.00261 -0.00287 -0.00307 -0.00319 -0.00323 -0.00319 -0.00307 -0.00288 -0.00262 -0.00229  -0.0019 -0.00146-0.000988-0.000489        0
        1|        0-0.000452-0.000916 -0.00136 -0.00176 -0.00212 -0.00243 -0.00268 -0.00286 -0.00297 -0.00301 -0.00297 -0.00286 -0.00268 -0.00244 -0.00213 -0.00177 -0.00136 -0.00092-0.000454        0
        0|        0 0.000433 0.000875  0.00129  0.00168  0.00203  0.00232  0.00255  0.00273  0.00283  0.00287  0.00283  0.00273  0.00256  0.00232  0.00203  0.00169   0.0013 0.000879 0.000435        0

v (22x12): 
         |        0        1        2        3        4        5        6        7        8        9       10       11       12       13       14       15       16       17       18       19       20       21
-------------------------------------------------------------------------------------------------------------------------------------------------------------------------------------------------------------------------
       10|  -0.0068  0.00712  0.00724  0.00679  0.00614  0.00535  0.00446  0.00352  0.00254  0.00154  0.00054-0.000469 -0.00148 -0.00248 -0.00348 -0.00444 -0.00535 -0.00616 -0.00683 -0.00731  -0.0072  0.00687
        9| -0.00566  0.00592  0.00603  0.00568  0.00517  0.00453   0.0038  0.00302  0.00219  0.00133 0.000463-0.000409 -0.00128 -0.00214 -0.00298 -0.00379 -0.00453 -0.00518 -0.00571 -0.00608 -0.00598   0.0057
        8| -0.00469  0.00491  0.00501  0.00472  0.00431   0.0038  0.00321  0.00255  0.00186  0.00113 0.000393-0.000352 -0.00109 -0.00182 -0.00253 -0.00319  -0.0038 -0.00433 -0.00475 -0.00504 -0.00494  0.00472
        7| -0.00385  0.00403  0.00412   0.0039  0.00357  0.00315  0.00267  0.00213  0.00155 0.000948 0.000328-0.000297 -0.00092 -0.00153 -0.00211 -0.00266 -0.00315 -0.00358 -0.00391 -0.00414 -0.00406  0.00387
        6| -0.00313  0.00327  0.00334  0.00317  0.00291  0.00258  0.00219  0.00175  0.00128  0.00078  0.00027-0.000247-0.000758 -0.00126 -0.00173 -0.00218 -0.00258 -0.00291 -0.00318 -0.00336 -0.00329  0.00314
        5| -0.00249   0.0026  0.00266  0.00252  0.00232  0.00206  0.00175   0.0014  0.00102 0.000626 0.000216-0.000199 -0.00061 -0.00101 -0.00139 -0.00174 -0.00206 -0.00232 -0.00253 -0.00267 -0.00261   0.0025
        4| -0.00191    0.002  0.00205  0.00194  0.00179  0.00159  0.00135  0.00108 0.000792 0.000484 0.000167-0.000155-0.000473-0.000783 -0.00108 -0.00135 -0.00159 -0.00179 -0.00195 -0.00205 -0.00201  0.00192
        3| -0.00139  0.00145  0.00148  0.00141   0.0013  0.00115 0.000983 0.000789 0.000577 0.000353 0.000121-0.000113-0.000345 -0.00057-0.000784 -0.00098 -0.00115  -0.0013 -0.00141 -0.00149 -0.00146  0.00139
        2|-0.000898 0.000939 0.000962 0.000913 0.000841 0.000748 0.000638 0.000512 0.000375 0.000229 7.92e-05-7.36e-05-0.000224-0.000371-0.000509-0.000636-0.000748-0.000842-0.000915-0.000964-0.000942   0.0009
        1|-0.000433 0.000453 0.000463 0.000441 0.000406 0.000361 0.000308 0.000248 0.000181 0.000111 3.81e-05-3.51e-05-0.000108-0.000179-0.000246-0.000306-0.000361-0.000406-0.000441-0.000464-0.000454 0.000434
        0|        0        0        0        0        0        0        0        0        0        0        0        0        0        0        0        0        0        0        0        0        0        0

p (22x12): 
         |        0        1        2        3        4        5        6        7        8        9       10       11       12       13       14       15       16       17       18       19       20       21
-------------------------------------------------------------------------------------------------------------------------------------------------------------------------------------------------------------------------
       11|   -0.116   -0.116   -0.115   -0.115   -0.114   -0.113   -0.112   -0.111   -0.109   -0.108   -0.106   -0.105   -0.103   -0.102     -0.1  -0.0989  -0.0977  -0.0966  -0.0958  -0.0953   -0.095   -0.095
       10|   -0.114   -0.114   -0.114   -0.113   -0.113   -0.112   -0.111    -0.11   -0.109   -0.107   -0.106   -0.105   -0.103   -0.102   -0.101  -0.0998  -0.0987  -0.0979  -0.0972  -0.0967  -0.0965  -0.0965
        9|   -0.113   -0.113   -0.113   -0.112   -0.112   -0.111    -0.11   -0.109   -0.108   -0.107   -0.106   -0.105   -0.104   -0.103   -0.101     -0.1  -0.0996  -0.0989  -0.0983  -0.0979  -0.0977  -0.0977
        8|   -0.112   -0.112   -0.112   -0.111   -0.111    -0.11    -0.11   -0.109   -0.108   -0.107   -0.106   -0.105   -0.104   -0.103   -0.102   -0.101     -0.1  -0.0997  -0.0992  -0.0988  -0.0987  -0.0987
        7|   -0.111   -0.111   -0.111   -0.111    -0.11    -0.11   -0.109   -0.108   -0.108   -0.107   -0.106   -0.105   -0.104   -0.103   -0.102   -0.102   -0.101     -0.1  -0.0999  -0.0996  -0.0995  -0.0995
        6|   -0.111   -0.111    -0.11    -0.11    -0.11   -0.109   -0.109   -0.108   -0.107   -0.107   -0.106   -0.105   -0.104   -0.103   -0.103   -0.102   -0.101   -0.101   -0.101     -0.1     -0.1     -0.1
        5|    -0.11    -0.11    -0.11    -0.11   -0.109   -0.109   -0.108   -0.108   -0.107   -0.106   -0.106   -0.105   -0.104   -0.104   -0.103   -0.102   -0.102   -0.101   -0.101   -0.101   -0.101   -0.101
        4|    -0.11    -0.11    -0.11   -0.109   -0.109   -0.109   -0.108   -0.108   -0.107   -0.106   -0.106   -0.105   -0.104   -0.104   -0.103   -0.103   -0.102   -0.102   -0.101   -0.101   -0.101   -0.101
        3|   -0.109   -0.109   -0.109   -0.109   -0.109   -0.108   -0.108   -0.107   -0.107   -0.106   -0.106   -0.105   -0.104   -0.104   -0.103   -0.103   -0.102   -0.102   -0.102   -0.101   -0.101   -0.101
        2|   -0.109   -0.109   -0.109   -0.109   -0.109   -0.108   -0.108   -0.107   -0.107   -0.106   -0.106   -0.105   -0.104   -0.104   -0.103   -0.103   -0.102   -0.102   -0.102   -0.102   -0.101   -0.101
        1|   -0.109   -0.109   -0.109   -0.109   -0.109   -0.108   -0.108   -0.107   -0.107   -0.106   -0.106   -0.105   -0.104   -0.104   -0.103   -0.103   -0.102   -0.102   -0.102   -0.102   -0.102   -0.102
        0|   -0.109   -0.109   -0.109   -0.109   -0.109   -0.108   -0.108   -0.107   -0.107   -0.106   -0.106   -0.105   -0.104   -0.104   -0.103   -0.103   -0.102   -0.102   -0.102   -0.102   -0.102   -0.102

F (22x12): 
         |        0        1        2        3        4        5        6        7        8        9       10       11       12       13       14       15       16       17       18       19       20
-------------------------------------------------------------------------------------------------------------------------------------------------------------------------------------------------------------------------
       11|        0        0        0        0        0        0        0        0        0        0        0        0        0        0        0        0        0        0        0        0        0
       10|        0 -0.00114 -0.00229 -0.00335 -0.00427 -0.00505 -0.00568 -0.00616  -0.0065  -0.0067 -0.00677 -0.00671 -0.00652  -0.0062 -0.00573 -0.00511 -0.00433  -0.0034 -0.00233 -0.00116        0
        9|        0 -0.00097 -0.00195 -0.00286 -0.00367 -0.00436 -0.00493 -0.00537 -0.00568 -0.00587 -0.00594 -0.00588  -0.0057  -0.0054 -0.00497  -0.0044 -0.00371 -0.00289 -0.00198-0.000985        0
        8|        0-0.000834 -0.00168 -0.00247 -0.00318 -0.00379 -0.00431 -0.00471 -0.00499 -0.00517 -0.00523 -0.00518 -0.00501 -0.00473 -0.00433 -0.00382 -0.00321 -0.00249  -0.0017-0.000845        0
        7|        0-0.000726 -0.00146 -0.00215 -0.00278 -0.00333 -0.00379 -0.00416 -0.00442 -0.00458 -0.00463 -0.00458 -0.00443 -0.00417 -0.00381 -0.00335  -0.0028 -0.00217 -0.00148-0.000733        0
        6|        0-0.000641 -0.00129 -0.00191 -0.00247 -0.00296 -0.00338 -0.00371 -0.00395 -0.00409 -0.00414  -0.0041 -0.00395 -0.00372 -0.00339 -0.00298 -0.00248 -0.00192  -0.0013-0.000646        0
        5|        0-0.000574 -0.00116 -0.00171 -0.00222 -0.00267 -0.00305 -0.00335 -0.00357  -0.0037 -0.00375  -0.0037 -0.00357 -0.00336 -0.00306 -0.00268 -0.00223 -0.00172 -0.00117-0.000578        0
        4|        0-0.000524 -0.00106 -0.00156 -0.00203 -0.00244 -0.00279 -0.00307 -0.00327  -0.0034 -0.00344  -0.0034 -0.00328 -0.00308  -0.0028 -0.00245 -0.00204 -0.00157 -0.00106-0.000527        0
        3|        0-0.000488-0.000986 -0.00146 -0.00189 -0.00228 -0.00261 -0.00287 -0.00306 -0.00318 -0.00322 -0.00318 -0.00307 -0.00287 -0.00261 -0.00228  -0.0019 -0.00146 -0.00099 -0.00049        0
        2|        0-0.000464-0.000938 -0.00139  -0.0018 -0.00217 -0.00248 -0.00274 -0.00292 -0.00303 -0.00307 -0.00303 -0.00292 -0.00274 -0.00249 -0.00218 -0.00181 -0.00139-0.000942-0.000467        0
        1|        0 -0.00043-0.000871 -0.00129 -0.00167 -0.00202 -0.00231 -0.00254 -0.00271 -0.00282 -0.00285 -0.00282 -0.00272 -0.00255 -0.00231 -0.00202 -0.00168 -0.00129-0.000874-0.000432        0
        0|        0 0.000433 0.000875  0.00129  0.00168  0.00203  0.00232  0.00255  0.00273  0.00283  0.00287  0.00283  0.00273  0.00256  0.00232  0.00203  0.00169   0.0013 0.000879 0.000435        0

G (22x12): 
         |        0        1        2        3        4        5        6        7        8        9       10       11       12       13       14       15       16       17       18       19       20       21
-------------------------------------------------------------------------------------------------------------------------------------------------------------------------------------------------------------------------
       10|  -0.0068  0.00675  0.00689  0.00645  0.00583  0.00508  0.00424  0.00334  0.00241  0.00146 0.000507 -0.00045 -0.00141 -0.00236  -0.0033 -0.00421 -0.00507 -0.00584 -0.00648 -0.00693 -0.00681  0.00687
        9| -0.00566  0.00563  0.00574  0.00541  0.00492  0.00431  0.00362  0.00287  0.00208  0.00126 0.000437-0.000393 -0.00122 -0.00204 -0.00284 -0.00361 -0.00431 -0.00493 -0.00544 -0.00579 -0.00568   0.0057
        8| -0.00469  0.00466  0.00477   0.0045  0.00411  0.00362  0.00305  0.00243  0.00176  0.00107 0.000371-0.000338 -0.00104 -0.00174 -0.00241 -0.00304 -0.00362 -0.00412 -0.00452  -0.0048 -0.00469  0.00472
        7| -0.00385  0.00383  0.00392  0.00371   0.0034    0.003  0.00254  0.00203  0.00148 0.000901  0.00031-0.000285-0.000878 -0.00146 -0.00201 -0.00253   -0.003  -0.0034 -0.00372 -0.00394 -0.00386  0.00387
        6| -0.00313  0.00311  0.00318  0.00302  0.00277  0.00245  0.00208  0.00166  0.00121 0.000741 0.000255-0.000236-0.000723  -0.0012 -0.00165 -0.00207 -0.00245 -0.00277 -0.00303  -0.0032 -0.00313  0.00314
        5| -0.00249  0.00247  0.00253   0.0024  0.00221  0.00196  0.00166  0.00133 0.000974 0.000595 0.000204 -0.00019-0.000582-0.000963 -0.00133 -0.00166 -0.00196 -0.00221 -0.00241 -0.00254 -0.00248   0.0025
        4| -0.00191   0.0019  0.00195  0.00185   0.0017  0.00151  0.00129  0.00103 0.000754  0.00046 0.000158-0.000148-0.000451-0.000746 -0.00102 -0.00128 -0.00151  -0.0017 -0.00185 -0.00195 -0.00191  0.00192
        3| -0.00139  0.00138  0.00141  0.00134  0.00124   0.0011 0.000935 0.000751 0.000549 0.000336 0.000115-0.000108-0.000329-0.000544-0.000747-0.000933  -0.0011 -0.00124 -0.00135 -0.00142 -0.00138  0.00139
        2|-0.000898 0.000893 0.000916  0.00087 0.000802 0.000713 0.000608 0.000488 0.000357 0.000218 7.51e-05-7.05e-05-0.000214-0.000354-0.000485-0.000606-0.000712-0.000802-0.000872-0.000919-0.000896   0.0009
        1|-0.000433 0.000431 0.000442  0.00042 0.000387 0.000345 0.000293 0.000236 0.000173 0.000106 3.61e-05-3.37e-05-0.000104-0.000171-0.000235-0.000293-0.000344-0.000387-0.000421-0.000443-0.000432 0.000434
        0|        0        0        0        0        0        0        0        0        0        0        0        0        0        0        0        0        0        0        0        0        0        0

rhs (22x12): 
         |        0        1        2        3        4        5        6        7        8        9       10       11       12       13       14       15       16       17       18       19       20       21
-------------------------------------------------------------------------------------------------------------------------------------------------------------------------------------------------------------------------
       11|        0        0        0        0        0        0        0        0        0        0        0        0        0        0        0        0        0        0        0        0        0        0
       10|        0 -0.00609 -0.00338 -0.00391 -0.00323  -0.0036 -0.00272 -0.00285 -0.00173 -0.00162-0.000261    7e-05  0.00171  0.00238  0.00434  0.00529  0.00744  0.00842   0.0104   0.0108   0.0136        0
        9|        0 -0.00179-0.000404 0.000171-0.000385 0.000198-0.000358 0.000224-0.000336 0.000239-0.000327 0.000232-0.000342  0.00022-0.000361 0.000194-0.000391 0.000162-0.000421 0.000146  0.00172        0
        8|        0 -0.00189 0.000216-0.000349 0.000229-0.000329 0.000251-0.000309 0.000267-0.000297 0.000275-0.000302 0.000264-0.000312 0.000249-0.000331 0.000226-0.000355 0.000204-0.000367  0.00192        0
        7|        0 -0.00121 -0.00032 0.000254-0.000308 0.000271 -0.00029 0.000287-0.000276 0.000298-0.000269 0.000294-0.000278 0.000286-0.000291  0.00027-0.000309 0.000251-0.000327 0.000241   0.0013        0
        6|        0 -0.00144 0.000274-0.000292 0.000285-0.000277   0.0003-0.000262 0.000314-0.000252  0.00032-0.000254 0.000312-0.000262 0.000301-0.000276 0.000285-0.000293  0.00027-0.000302  0.00157        0
        5|        0-0.000863-0.000279 0.000294-0.000269 0.000308-0.000254 0.000322-0.000242 0.000332-0.000236  0.00033-0.000242 0.000324-0.000252  0.00031-0.000267 0.000295-0.000281 0.000286  0.00103        0
        4|        0 -0.00118 0.000302-0.000264 0.000312-0.000251 0.000326-0.000237 0.000338-0.000228 0.000344-0.000228 0.000339-0.000235 0.000329-0.000248 0.000315-0.000262 0.000302-0.000271  0.00136        0
        3|        0 -0.00067-0.000261 0.000313-0.000251 0.000326-0.000237  0.00034-0.000225 0.000349-0.000219 0.000349-0.000223 0.000343-0.000233  0.00033-0.000247 0.000316 -0.00026 0.000308 0.000868        0
        2|        0 -0.00105 0.000315-0.000252 0.000324-0.000239 0.000337-0.000227 0.000349-0.000218 0.000354-0.000216 0.000351-0.000223 0.000342-0.000235 0.000328-0.000249 0.000316-0.000257  0.00125        0
        1|        0 0.000322 0.000782  0.00117 0.000679  0.00103 0.000503  0.00082  0.00027 0.000567 2.08e-06 0.000288-0.000281 8.05e-06-0.000553-0.000248-0.000786-0.000452-0.000952-0.000572  3.5e-05        0
        0|        0        0        0        0        0        0        0        0        0        0        0        0        0        0        0        0        0        0        0        0        0        0

