t: 1.54156
nCells: 20x10, dx: 0.1, dy: 0.1

u (22x12): 
         |        0        1        2        3        4        5        6        7        8        9       10       11       12       13       14       15       16       17       18       19       20
-------------------------------------------------------------------------------------------------------------------------------------------------------------------------------------------------------------------------
       11|        0 -0.00346 -0.00747  -0.0111  -0.0142  -0.0168  -0.0188  -0.0203  -0.0214  -0.0219  -0.0222   -0.022  -0.0214  -0.0204   -0.019   -0.017  -0.0145  -0.0114 -0.00778 -0.00369        0
       10|        0 -0.00273 -0.00586 -0.00881  -0.0114  -0.0137  -0.0156  -0.0171  -0.0182   -0.019  -0.0194  -0.0194   -0.019  -0.0182  -0.0169  -0.0152  -0.0129  -0.0101 -0.00689  -0.0034        0
        9|        0 -0.00236 -0.00504 -0.00757 -0.00987  -0.0119  -0.0136  -0.0149   -0.016  -0.0166   -0.017  -0.0169  -0.0165  -0.0158  -0.0146   -0.013   -0.011 -0.00856 -0.00579 -0.00279        0
        8|        0 -0.00206 -0.00438 -0.00659  -0.0086  -0.0104  -0.0119  -0.0131   -0.014  -0.0146  -0.0149  -0.0149  -0.0145  -0.0138  -0.0127  -0.0112 -0.00941  -0.0073 -0.00491 -0.00234        0
        7|        0 -0.00181 -0.00385 -0.00579 -0.00758 -0.00916  -0.0105  -0.0116  -0.0124   -0.013  -0.0132  -0.0131  -0.0128  -0.0121  -0.0111 -0.00977 -0.00817  -0.0063 -0.00422   -0.002        0
        6|        0 -0.00161 -0.00342 -0.00516 -0.00675 -0.00817 -0.00939  -0.0104  -0.0111  -0.0116  -0.0118  -0.0117  -0.0114  -0.0107 -0.00981 -0.00863 -0.00718 -0.00553 -0.00369 -0.00175        0
        5|        0 -0.00145 -0.00309 -0.00465  -0.0061 -0.00739  -0.0085 -0.00939  -0.0101  -0.0105  -0.0107  -0.0106  -0.0103 -0.00966 -0.00881 -0.00772 -0.00642 -0.00493 -0.00329 -0.00155        0
        4|        0 -0.00133 -0.00283 -0.00427  -0.0056 -0.00679  -0.0078 -0.00864 -0.00925 -0.00965  -0.0098 -0.00973  -0.0094 -0.00884 -0.00805 -0.00705 -0.00584 -0.00448 -0.00298 -0.00141        0
        3|        0 -0.00124 -0.00265 -0.00399 -0.00524 -0.00635 -0.00731 -0.00808 -0.00867 -0.00903 -0.00918 -0.00909 -0.00878 -0.00825  -0.0075 -0.00655 -0.00543 -0.00416 -0.00277  -0.0013        0
        2|        0 -0.00119 -0.00251 -0.00379 -0.00497 -0.00604 -0.00694 -0.00769 -0.00823 -0.00858 -0.00872 -0.00864 -0.00834 -0.00783 -0.00711 -0.00621 -0.00514 -0.00393 -0.00261 -0.00124        0
        1|        0-0.000996 -0.00213 -0.00322 -0.00423 -0.00513 -0.00591 -0.00654 -0.00701 -0.00731 -0.00743 -0.00735  -0.0071 -0.00666 -0.00606 -0.00529 -0.00438 -0.00334 -0.00222 -0.00104        0
        0|        0 0.000987  0.00211  0.00318  0.00418  0.00507  0.00584  0.00646  0.00693  0.00722  0.00733  0.00726  0.00702  0.00658  0.00598  0.00522  0.00432   0.0033   0.0022  0.00103        0

v (22x12): 
         |        0        1        2        3        4        5        6        7        8        9       10       11       12       13       14       15       16       17       18       19       20       21
-------------------------------------------------------------------------------------------------------------------------------------------------------------------------------------------------------------------------
       10|  -0.0167   0.0168    0.019   0.0181   0.0166   0.0146   0.0125   0.0101  0.00754   0.0049  0.00219-0.000578  -0.0034 -0.00626 -0.00914   -0.012  -0.0147  -0.0172  -0.0192  -0.0205  -0.0188   0.0185
        9|   -0.014   0.0141   0.0159   0.0151   0.0139   0.0124   0.0106  0.00856  0.00641  0.00415  0.00181-0.000579 -0.00301 -0.00545 -0.00788  -0.0102  -0.0125  -0.0144   -0.016   -0.017  -0.0154   0.0152
        8|  -0.0116   0.0117   0.0132   0.0126   0.0116   0.0104  0.00887   0.0072  0.00539  0.00347  0.00148-0.000561 -0.00262 -0.00469  -0.0067 -0.00864  -0.0104   -0.012  -0.0133   -0.014  -0.0126   0.0124
        7| -0.00956  0.00967   0.0109   0.0104   0.0096  0.00858  0.00736  0.00598  0.00447  0.00287   0.0012-0.000511 -0.00224 -0.00395 -0.00562 -0.00719 -0.00864 -0.00988  -0.0109  -0.0115  -0.0103   0.0101
        6| -0.00776  0.00785  0.00883  0.00845  0.00782  0.00699    0.006  0.00488  0.00365  0.00233 0.000957-0.000453 -0.00187 -0.00327 -0.00462 -0.00589 -0.00703 -0.00802 -0.00879 -0.00926 -0.00827  0.00816
        5| -0.00617  0.00624  0.00701  0.00672  0.00622  0.00557  0.00478  0.00389   0.0029  0.00185 0.000745-0.000378 -0.00151 -0.00263  -0.0037  -0.0047  -0.0056 -0.00636 -0.00696 -0.00731 -0.00653  0.00644
        4| -0.00472  0.00478  0.00538  0.00515  0.00478  0.00427  0.00368  0.00298  0.00223  0.00141 0.000568-0.000306 -0.00117 -0.00203 -0.00285 -0.00362 -0.00429 -0.00487 -0.00532 -0.00558 -0.00497  0.00491
        3|  -0.0034  0.00344  0.00387  0.00372  0.00344  0.00309  0.00265  0.00216  0.00161  0.00102 0.000403-0.000223-0.000857 -0.00147 -0.00206 -0.00261  -0.0031 -0.00351 -0.00383 -0.00401 -0.00357  0.00353
        2| -0.00217  0.00219  0.00247  0.00237   0.0022  0.00197  0.00169  0.00137  0.00103 0.000649  0.00026-0.000146-0.000545-0.000944 -0.00132 -0.00167 -0.00197 -0.00224 -0.00243 -0.00255 -0.00227  0.00224
        1|-0.000996  0.00101  0.00113  0.00109  0.00101 0.000909 0.000779 0.000637 0.000473 0.000304 0.000119-6.26e-05-0.000252 -0.00043-0.000607-0.000764 -0.00091 -0.00103 -0.00112 -0.00117 -0.00104  0.00103
        0|        0        0        0        0        0        0        0        0        0        0        0        0        0        0        0        0        0        0        0        0        0        0

p (22x12): 
         |        0        1        2        3        4        5        6        7        8        9       10       11       12       13       14       15       16       17       18       19       20       21
-------------------------------------------------------------------------------------------------------------------------------------------------------------------------------------------------------------------------
       11|    -2.98    -2.98    -2.98    -2.98    -2.98    -2.98    -2.98    -2.97    -2.97    -2.97    -2.97    -2.97    -2.97    -2.97    -2.97    -2.96    -2.96    -2.96    -2.96    -2.96    -2.96    -2.96
       10|    -2.98    -2.98    -2.98    -2.98    -2.98    -2.97    -2.97    -2.97    -2.97    -2.97    -2.97    -2.97    -2.97    -2.97    -2.97    -2.97    -2.96    -2.96    -2.96    -2.96    -2.96    -2.96
        9|    -2.98    -2.98    -2.98    -2.98    -2.97    -2.97    -2.97    -2.97    -2.97    -2.97    -2.97    -2.97    -2.97    -2.97    -2.97    -2.97    -2.96    -2.96    -2.96    -2.96    -2.96    -2.96
        8|    -2.97    -2.97    -2.97    -2.97    -2.97    -2.97    -2.97    -2.97    -2.97    -2.97    -2.97    -2.97    -2.97    -2.97    -2.97    -2.97    -2.97    -2.96    -2.96    -2.96    -2.96    -2.96
        7|    -2.97    -2.97    -2.97    -2.97    -2.97    -2.97    -2.97    -2.97    -2.97    -2.97    -2.97    -2.97    -2.97    -2.97    -2.97    -2.97    -2.97    -2.97    -2.97    -2.96    -2.96    -2.96
        6|    -2.97    -2.97    -2.97    -2.97    -2.97    -2.97    -2.97    -2.97    -2.97    -2.97    -2.97    -2.97    -2.97    -2.97    -2.97    -2.97    -2.97    -2.97    -2.97    -2.97    -2.97    -2.97
        5|    -2.97    -2.97    -2.97    -2.97    -2.97    -2.97    -2.97    -2.97    -2.97    -2.97    -2.97    -2.97    -2.97    -2.97    -2.97    -2.97    -2.97    -2.97    -2.97    -2.97    -2.97    -2.97
        4|    -2.97    -2.97    -2.97    -2.97    -2.97    -2.97    -2.97    -2.97    -2.97    -2.97    -2.97    -2.97    -2.97    -2.97    -2.97    -2.97    -2.97    -2.97    -2.97    -2.97    -2.97    -2.97
        3|    -2.97    -2.97    -2.97    -2.97    -2.97    -2.97    -2.97    -2.97    -2.97    -2.97    -2.97    -2.97    -2.97    -2.97    -2.97    -2.97    -2.97    -2.97    -2.97    -2.97    -2.97    -2.97
        2|    -2.97    -2.97    -2.97    -2.97    -2.97    -2.97    -2.97    -2.97    -2.97    -2.97    -2.97    -2.97    -2.97    -2.97    -2.97    -2.97    -2.97    -2.97    -2.97    -2.97    -2.97    -2.97
        1|    -2.97    -2.97    -2.97    -2.97    -2.97    -2.97    -2.97    -2.97    -2.97    -2.97    -2.97    -2.97    -2.97    -2.97    -2.97    -2.97    -2.97    -2.97    -2.97    -2.97    -2.97    -2.97
        0|    -2.97    -2.97    -2.97    -2.97    -2.97    -2.97    -2.97    -2.97    -2.97    -2.97    -2.97    -2.97    -2.97    -2.97    -2.97    -2.97    -2.97    -2.97    -2.97    -2.97    -2.97    -2.97

F (22x12): 
         |        0        1        2        3        4        5        6        7        8        9       10       11       12       13       14       15       16       17       18       19       20
-------------------------------------------------------------------------------------------------------------------------------------------------------------------------------------------------------------------------
       11|        0        0        0        0        0        0        0        0        0        0        0        0        0        0        0        0        0        0        0        0        0
       10|        0 -0.00271  -0.0058  -0.0087  -0.0113  -0.0135  -0.0154  -0.0169   -0.018  -0.0187  -0.0191  -0.0191  -0.0187  -0.0179  -0.0166  -0.0149  -0.0127 -0.00995 -0.00678 -0.00334        0
        9|        0 -0.00234 -0.00498 -0.00748 -0.00974  -0.0117  -0.0134  -0.0147  -0.0157  -0.0164  -0.0167  -0.0167  -0.0163  -0.0155  -0.0144  -0.0128  -0.0108 -0.00842  -0.0057 -0.00275        0
        8|        0 -0.00204 -0.00433 -0.00651 -0.00849  -0.0103  -0.0117  -0.0129  -0.0138  -0.0144  -0.0147  -0.0147  -0.0143  -0.0135  -0.0125   -0.011 -0.00926 -0.00718 -0.00483 -0.00231        0
        7|        0 -0.00179  -0.0038 -0.00572 -0.00748 -0.00904  -0.0104  -0.0114  -0.0123  -0.0128   -0.013  -0.0129  -0.0126  -0.0119  -0.0109 -0.00962 -0.00804  -0.0062 -0.00416 -0.00197        0
        6|        0  -0.0016 -0.00338 -0.00509 -0.00666 -0.00806 -0.00926  -0.0102   -0.011  -0.0114  -0.0116  -0.0116  -0.0112  -0.0106 -0.00966 -0.00849 -0.00707 -0.00544 -0.00363 -0.00173        0
        5|        0 -0.00144 -0.00305 -0.00459 -0.00602 -0.00729 -0.00838 -0.00926 -0.00992  -0.0103  -0.0105  -0.0104  -0.0101 -0.00951 -0.00868  -0.0076 -0.00632 -0.00485 -0.00324 -0.00153        0
        4|        0 -0.00132  -0.0028 -0.00421 -0.00552  -0.0067  -0.0077 -0.00851 -0.00912 -0.00951 -0.00966 -0.00958 -0.00926 -0.00871 -0.00793 -0.00694 -0.00575 -0.00441 -0.00294 -0.00139        0
        3|        0 -0.00123 -0.00262 -0.00394 -0.00517 -0.00626 -0.00721 -0.00797 -0.00854  -0.0089 -0.00904 -0.00896 -0.00865 -0.00812 -0.00739 -0.00645 -0.00535 -0.00409 -0.00273 -0.00129        0
        2|        0 -0.00117 -0.00248 -0.00374 -0.00491 -0.00595 -0.00685 -0.00758 -0.00811 -0.00846 -0.00859 -0.00851 -0.00821 -0.00771   -0.007 -0.00612 -0.00506 -0.00388 -0.00258 -0.00122        0
        1|        0-0.000983  -0.0021 -0.00317 -0.00416 -0.00505 -0.00581 -0.00643 -0.00689 -0.00718  -0.0073 -0.00723 -0.00698 -0.00655 -0.00595 -0.00519  -0.0043 -0.00328 -0.00219 -0.00103        0
        0|        0 0.000987  0.00211  0.00318  0.00418  0.00507  0.00584  0.00646  0.00693  0.00722  0.00733  0.00726  0.00702  0.00658  0.00598  0.00522  0.00432   0.0033   0.0022  0.00103        0

G (22x12): 
         |        0        1        2        3        4        5        6        7        8        9       10       11       12       13       14       15       16       17       18       19       20       21
-------------------------------------------------------------------------------------------------------------------------------------------------------------------------------------------------------------------------
       10|  -0.0167   0.0166   0.0187   0.0178   0.0163   0.0144   0.0122  0.00988  0.00738  0.00478  0.00212-0.000608 -0.00337 -0.00618 -0.00899  -0.0118  -0.0144  -0.0168  -0.0188  -0.0201  -0.0183   0.0185
        9|   -0.014   0.0139   0.0156   0.0149   0.0137   0.0122   0.0104  0.00841  0.00629  0.00406  0.00175-0.000601   -0.003  -0.0054 -0.00779  -0.0101  -0.0123  -0.0142  -0.0158  -0.0168  -0.0151   0.0152
        8|  -0.0116   0.0115    0.013   0.0124   0.0115   0.0102  0.00873  0.00707  0.00529   0.0034  0.00144-0.000576  -0.0026 -0.00464 -0.00662 -0.00853  -0.0103  -0.0118  -0.0131  -0.0138  -0.0124   0.0124
        7| -0.00956  0.00951   0.0107   0.0102  0.00946  0.00845  0.00724  0.00588  0.00439  0.00281  0.00116-0.000521 -0.00222 -0.00391 -0.00555  -0.0071 -0.00852 -0.00974  -0.0107  -0.0113  -0.0101   0.0101
        6| -0.00776  0.00772   0.0087  0.00833   0.0077  0.00688  0.00591  0.00479  0.00358  0.00228 0.000931-0.000459 -0.00185 -0.00323 -0.00456 -0.00581 -0.00693  -0.0079 -0.00866 -0.00912 -0.00812  0.00816
        5| -0.00617  0.00613  0.00691  0.00663  0.00613  0.00549  0.00471  0.00383  0.00285  0.00181 0.000726-0.000382  -0.0015 -0.00259 -0.00365 -0.00463 -0.00552 -0.00627 -0.00686  -0.0072 -0.00642  0.00644
        4| -0.00472   0.0047   0.0053  0.00508  0.00471  0.00421  0.00362  0.00294  0.00219  0.00139 0.000553-0.000307 -0.00116 -0.00201 -0.00281 -0.00357 -0.00423  -0.0048 -0.00524  -0.0055 -0.00489  0.00491
        3|  -0.0034  0.00339  0.00382  0.00367  0.00339  0.00304  0.00261  0.00212  0.00158    0.001 0.000393-0.000224-0.000849 -0.00145 -0.00204 -0.00257 -0.00306 -0.00346 -0.00377 -0.00395 -0.00351  0.00353
        2| -0.00217  0.00215  0.00244  0.00234  0.00217  0.00194  0.00167  0.00135  0.00101 0.000638 0.000254-0.000147 -0.00054-0.000933  -0.0013 -0.00165 -0.00195 -0.00221  -0.0024 -0.00252 -0.00223  0.00224
        1|-0.000996 0.000991  0.00112  0.00108 0.000997 0.000898 0.000769 0.000629 0.000466 0.000299 0.000116-6.32e-05 -0.00025-0.000426-0.000601-0.000755-0.000899 -0.00101 -0.00111 -0.00116 -0.00103  0.00103
        0|        0        0        0        0        0        0        0        0        0        0        0        0        0        0        0        0        0        0        0        0        0        0

rhs (22x12): 
         |        0        1        2        3        4        5        6        7        8        9       10       11       12       13       14       15       16       17       18       19       20       21
-------------------------------------------------------------------------------------------------------------------------------------------------------------------------------------------------------------------------
       11|        0        0        0        0        0        0        0        0        0        0        0        0        0        0        0        0        0        0        0        0        0        0
       10|        0 -0.00553  0.00663-0.000351  0.00318 -0.00424-0.000382 -0.00687 -0.00168 -0.00657 0.000387 -0.00268  0.00657  0.00644   0.0188   0.0216   0.0365   0.0408   0.0554   0.0565   0.0607        0
        9|        0 -0.00243 -0.00337  0.00208 -0.00332  0.00224 -0.00315   0.0024 -0.00301   0.0025 -0.00296  0.00245  -0.0031  0.00229 -0.00329  0.00204 -0.00359  0.00171 -0.00389   0.0017  0.00346        0
        8|        0 -0.00566  0.00244 -0.00305  0.00248 -0.00293  0.00262 -0.00279  0.00274 -0.00271  0.00278 -0.00276  0.00267 -0.00287  0.00252 -0.00306   0.0023 -0.00329   0.0021 -0.00331   0.0071        0
        7|        0-0.000844 -0.00281  0.00267 -0.00276  0.00278 -0.00264   0.0029 -0.00254  0.00297  -0.0025  0.00295 -0.00258  0.00285 -0.00269   0.0027 -0.00287  0.00252 -0.00303   0.0025  0.00258        0
        6|        0 -0.00442  0.00284 -0.00265  0.00289 -0.00254    0.003 -0.00243   0.0031 -0.00236  0.00314 -0.00237  0.00308 -0.00245  0.00298 -0.00257  0.00283 -0.00273   0.0027 -0.00276  0.00637        0
        5|        0 0.000116 -0.00254  0.00296 -0.00248  0.00306 -0.00237  0.00317 -0.00227  0.00324 -0.00223  0.00323 -0.00228  0.00317 -0.00237  0.00305  -0.0025  0.00292 -0.00262  0.00288  0.00197        0
        4|        0  -0.0037  0.00303 -0.00245  0.00309 -0.00235   0.0032 -0.00224  0.00329 -0.00216  0.00334 -0.00217   0.0033 -0.00222  0.00321 -0.00233  0.00309 -0.00246  0.00298 -0.00251  0.00589        0
        3|        0 0.000645 -0.00241   0.0031 -0.00235   0.0032 -0.00224   0.0033 -0.00215  0.00338  -0.0021  0.00338 -0.00213  0.00333 -0.00221  0.00322 -0.00233   0.0031 -0.00244  0.00305  0.00161        0
        2|        0 -0.00331  0.00314 -0.00235  0.00319 -0.00226  0.00328 -0.00217  0.00336  -0.0021  0.00341 -0.00209  0.00339 -0.00214  0.00331 -0.00223  0.00321 -0.00235  0.00311  -0.0024  0.00564        0
        1|        0  0.00326  0.00136  0.00541  0.00115  0.00511 0.000764  0.00463 0.000219  0.00402-0.000449   0.0033 -0.00121  0.00253 -0.00198  0.00179 -0.00267  0.00117 -0.00318  0.00084 0.000484        0
        0|        0        0        0        0        0        0        0        0        0        0        0        0        0        0        0        0        0        0        0        0        0        0

