t: 0.942976
nCells: 20x10, dx: 0.1, dy: 0.1

u (22x12): 
         |        0        1        2        3        4        5        6        7        8        9       10       11       12       13       14       15       16       17       18       19       20
-------------------------------------------------------------------------------------------------------------------------------------------------------------------------------------------------------------------------
       11|        0     1.93      1.9     1.88     1.87     1.87     1.86     1.86     1.86     1.86     1.86     1.86     1.86     1.86     1.86     1.86     1.87     1.87     1.89     1.92        0
       10|        0   0.0691    0.103    0.121    0.131    0.137    0.141    0.143    0.145    0.146    0.146    0.146    0.146    0.145    0.144    0.142    0.138    0.131    0.116   0.0799        0
        9|        0  -0.0266  -0.0282  -0.0246  -0.0209   -0.018  -0.0159  -0.0144  -0.0134  -0.0128  -0.0126  -0.0126  -0.0129  -0.0136  -0.0147  -0.0164  -0.0189  -0.0221  -0.0252  -0.0232        0
        8|        0  -0.0137  -0.0206  -0.0225  -0.0224  -0.0216  -0.0208  -0.0201  -0.0196  -0.0193  -0.0192  -0.0193  -0.0197  -0.0203  -0.0212  -0.0226  -0.0242   -0.026  -0.0263  -0.0206        0
        7|        0 -0.00812   -0.014  -0.0171  -0.0184  -0.0189  -0.0189  -0.0188  -0.0186  -0.0185  -0.0185  -0.0186  -0.0189  -0.0192  -0.0196  -0.0201  -0.0204    -0.02  -0.0178  -0.0116        0
        6|        0 -0.00546  -0.0102  -0.0133  -0.0152  -0.0163  -0.0169  -0.0172  -0.0174  -0.0175  -0.0176  -0.0176  -0.0177  -0.0177  -0.0177  -0.0175  -0.0168  -0.0154  -0.0124 -0.00709        0
        5|        0 -0.00404 -0.00786  -0.0108  -0.0129  -0.0143  -0.0152  -0.0159  -0.0162  -0.0165  -0.0166  -0.0166  -0.0166  -0.0164   -0.016  -0.0153  -0.0141  -0.0122 -0.00918 -0.00489        0
        4|        0 -0.00324 -0.00644 -0.00911  -0.0112  -0.0128  -0.0139  -0.0147  -0.0152  -0.0156  -0.0157  -0.0157  -0.0155  -0.0152  -0.0146  -0.0136  -0.0121  -0.0101 -0.00728 -0.00373        0
        3|        0 -0.00275 -0.00556 -0.00801    -0.01  -0.0117  -0.0129  -0.0138  -0.0144  -0.0148   -0.015   -0.015  -0.0147  -0.0142  -0.0135  -0.0124  -0.0108 -0.00875 -0.00615 -0.00308        0
        2|        0 -0.00248 -0.00503 -0.00734 -0.00931  -0.0109  -0.0122  -0.0132  -0.0138  -0.0143  -0.0145  -0.0144  -0.0141  -0.0136  -0.0127  -0.0115 -0.00995 -0.00794  -0.0055 -0.00272        0
        1|        0 -0.00239 -0.00493 -0.00723  -0.0092  -0.0108  -0.0121   -0.013  -0.0137   -0.014  -0.0142   -0.014  -0.0137   -0.013  -0.0121  -0.0109 -0.00927 -0.00731 -0.00501 -0.00244        0
        0|        0 -0.00196 -0.00404 -0.00596 -0.00765  -0.0091  -0.0103  -0.0112  -0.0118  -0.0122  -0.0124  -0.0123   -0.012  -0.0114  -0.0106 -0.00945 -0.00802 -0.00629 -0.00429 -0.00212        0

v (22x12): 
         |        0        1        2        3        4        5        6        7        8        9       10       11       12       13       14       15       16       17       18       19       20       21
-------------------------------------------------------------------------------------------------------------------------------------------------------------------------------------------------------------------------
       10|        0        0        0        0        0        0        0        0        0        0        0        0        0        0        0        0        0        0        0        0        0        0
        9|   -0.068   0.0691   0.0343   0.0176  0.00988  0.00594  0.00374  0.00242  0.00157 0.000983 0.000542 0.000156-0.000231-0.000654 -0.00123 -0.00214 -0.00381 -0.00729  -0.0154  -0.0357  -0.0799    0.078
        8|  -0.0418   0.0425   0.0327   0.0212   0.0136  0.00885  0.00584  0.00388  0.00254  0.00156 0.000799 0.000131-0.000538 -0.00132 -0.00235 -0.00386 -0.00629  -0.0105  -0.0184  -0.0337  -0.0566   0.0549
        7|  -0.0283   0.0288   0.0258   0.0193   0.0137  0.00961  0.00667  0.00457  0.00304  0.00186  0.00089 1.25e-05-0.000892 -0.00194  -0.0033 -0.00518 -0.00797  -0.0122  -0.0187  -0.0281   -0.036   0.0349
        6|  -0.0203   0.0207     0.02   0.0162   0.0124  0.00919  0.00666   0.0047  0.00317  0.00194 0.000889-9.29e-05 -0.00111 -0.00228 -0.00373 -0.00566 -0.00827  -0.0118  -0.0165  -0.0219  -0.0244   0.0237
        5|  -0.0149   0.0152   0.0152    0.013   0.0105   0.0081  0.00607  0.00439    0.003  0.00184 0.000815 -0.00016 -0.00118 -0.00232  -0.0037 -0.00543 -0.00763  -0.0104  -0.0135  -0.0167  -0.0173   0.0168
        4|   -0.011   0.0112   0.0114     0.01  0.00836  0.00667  0.00513  0.00378  0.00262  0.00161 0.000692-0.000194 -0.00111 -0.00213 -0.00332 -0.00475 -0.00646 -0.00843  -0.0105  -0.0124  -0.0124   0.0121
        3|  -0.0078  0.00796  0.00823  0.00737  0.00627  0.00511    0.004  0.00299  0.00209  0.00128 0.000534-0.000191-0.000944 -0.00176  -0.0027 -0.00378 -0.00502 -0.00637 -0.00771 -0.00882 -0.00866  0.00845
        2|  -0.0051   0.0052  0.00543  0.00491  0.00424   0.0035  0.00277  0.00209  0.00146 0.000892 0.000358-0.000167-0.000705 -0.00129 -0.00194 -0.00267 -0.00347 -0.00431 -0.00512 -0.00575 -0.00558  0.00545
        1| -0.00267  0.00272  0.00287  0.00261  0.00226  0.00188  0.00149  0.00113 0.000785  0.00047  0.00017-0.000122-0.000425-0.000742 -0.00109 -0.00147 -0.00188 -0.00229 -0.00268 -0.00297 -0.00286   0.0028
        0|  -0.0115   0.0118   0.0125   0.0118   0.0107  0.00936  0.00786  0.00624  0.00456  0.00283  0.00108-0.000684 -0.00246 -0.00424 -0.00601 -0.00773 -0.00936  -0.0108   -0.012  -0.0129  -0.0122   0.0119

p (22x12): 
         |        0        1        2        3        4        5        6        7        8        9       10       11       12       13       14       15       16       17       18       19       20       21
-------------------------------------------------------------------------------------------------------------------------------------------------------------------------------------------------------------------------
       11|   -0.705   -0.705   -0.699   -0.695   -0.692   -0.689   -0.686   -0.684   -0.681   -0.679   -0.677   -0.675   -0.673   -0.671   -0.669   -0.667   -0.664   -0.661   -0.656   -0.648   -0.634   -0.634
       10|   -0.705   -0.705   -0.699   -0.695   -0.692   -0.689   -0.686   -0.684   -0.681   -0.679   -0.677   -0.675   -0.673   -0.671   -0.669   -0.667   -0.664   -0.661   -0.656   -0.648   -0.634   -0.634
        9|   -0.698   -0.698   -0.696   -0.693   -0.691   -0.688   -0.686   -0.683   -0.681   -0.679   -0.677   -0.675   -0.673   -0.671   -0.669   -0.667   -0.664   -0.662   -0.658   -0.653   -0.647   -0.647
        8|   -0.693   -0.693   -0.693   -0.691   -0.689   -0.687   -0.685   -0.683   -0.681   -0.679   -0.677   -0.675   -0.673   -0.671   -0.669   -0.667   -0.665   -0.662   -0.659   -0.656   -0.653   -0.653
        7|   -0.691   -0.691    -0.69   -0.689   -0.687   -0.686   -0.684   -0.682    -0.68   -0.679   -0.677   -0.675   -0.673   -0.671   -0.669   -0.667   -0.665   -0.663   -0.661   -0.659   -0.657   -0.657
        6|   -0.688   -0.688   -0.688   -0.687   -0.686   -0.685   -0.683   -0.682    -0.68   -0.678   -0.677   -0.675   -0.673   -0.671    -0.67   -0.668   -0.666   -0.664   -0.662   -0.661    -0.66    -0.66
        5|   -0.687   -0.687   -0.687   -0.686   -0.685   -0.684   -0.683   -0.681    -0.68   -0.678   -0.676   -0.675   -0.673   -0.672    -0.67   -0.668   -0.667   -0.665   -0.664   -0.663   -0.662   -0.662
        4|   -0.686   -0.686   -0.686   -0.685   -0.684   -0.683   -0.682   -0.681   -0.679   -0.678   -0.676   -0.675   -0.673   -0.672    -0.67   -0.669   -0.667   -0.666   -0.665   -0.664   -0.664   -0.664
        3|   -0.685   -0.685   -0.685   -0.684   -0.684   -0.683   -0.682    -0.68   -0.679   -0.678   -0.676   -0.675   -0.673   -0.672    -0.67   -0.669   -0.668   -0.666   -0.665   -0.665   -0.665   -0.665
        2|   -0.684   -0.684   -0.684   -0.684   -0.683   -0.682   -0.681    -0.68   -0.679   -0.678   -0.676   -0.675   -0.673   -0.672    -0.67   -0.669   -0.668   -0.667   -0.666   -0.665   -0.665   -0.665
        1|   -0.684   -0.684   -0.684   -0.684   -0.683   -0.682   -0.681    -0.68   -0.679   -0.678   -0.676   -0.675   -0.673   -0.672    -0.67   -0.669   -0.668   -0.667   -0.666   -0.666   -0.665   -0.665
        0|   -0.683   -0.683   -0.683   -0.683   -0.682   -0.681    -0.68   -0.679   -0.678   -0.677   -0.676   -0.675   -0.674   -0.672   -0.671    -0.67   -0.669   -0.668   -0.668   -0.667   -0.667   -0.667

F (22x12): 
         |        0        1        2        3        4        5        6        7        8        9       10       11       12       13       14       15       16       17       18       19       20
-------------------------------------------------------------------------------------------------------------------------------------------------------------------------------------------------------------------------
       11|        0     1.93      1.9     1.88     1.87     1.87     1.86     1.86     1.86     1.86     1.86     1.86     1.86     1.86     1.86     1.86     1.87     1.87     1.89     1.92        0
       10|        0   0.0709    0.104    0.122    0.132    0.138    0.141    0.144    0.145    0.146    0.147    0.147    0.147    0.146    0.145    0.143    0.139    0.132    0.118   0.0836        0
        9|        0  -0.0261  -0.0275  -0.0239  -0.0202  -0.0173  -0.0153  -0.0138  -0.0129  -0.0123  -0.0121  -0.0121  -0.0124   -0.013  -0.0141  -0.0158  -0.0182  -0.0212  -0.0239  -0.0216        0
        8|        0  -0.0135  -0.0202   -0.022  -0.0219  -0.0211  -0.0203  -0.0196  -0.0191  -0.0188  -0.0187  -0.0188  -0.0192  -0.0198  -0.0207   -0.022  -0.0236  -0.0252  -0.0254  -0.0199        0
        7|        0 -0.00798  -0.0137  -0.0167   -0.018  -0.0184  -0.0184  -0.0183  -0.0182  -0.0181  -0.0181  -0.0182  -0.0184  -0.0187  -0.0191  -0.0196  -0.0198  -0.0194  -0.0173  -0.0113        0
        6|        0 -0.00536 -0.00995   -0.013  -0.0149   -0.016  -0.0165  -0.0168   -0.017  -0.0171  -0.0171  -0.0172  -0.0172  -0.0173  -0.0172   -0.017  -0.0164  -0.0149   -0.012 -0.00688        0
        5|        0 -0.00397 -0.00769  -0.0106  -0.0126   -0.014  -0.0149  -0.0155  -0.0158  -0.0161  -0.0162  -0.0162  -0.0161  -0.0159  -0.0156  -0.0149  -0.0137  -0.0118 -0.00891 -0.00475        0
        4|        0 -0.00317  -0.0063 -0.00891  -0.0109  -0.0125  -0.0136  -0.0143  -0.0148  -0.0152  -0.0153  -0.0153  -0.0151  -0.0148  -0.0142  -0.0132  -0.0118 -0.00981 -0.00708 -0.00363        0
        3|        0  -0.0027 -0.00544 -0.00783 -0.00981  -0.0114  -0.0126  -0.0134  -0.0141  -0.0144  -0.0146  -0.0146  -0.0143  -0.0139  -0.0131   -0.012  -0.0105  -0.0085 -0.00598   -0.003        0
        2|        0 -0.00243 -0.00492 -0.00717  -0.0091  -0.0107  -0.0119  -0.0128  -0.0135  -0.0139  -0.0141   -0.014  -0.0138  -0.0132  -0.0124  -0.0112 -0.00968 -0.00771 -0.00534 -0.00265        0
        1|        0 -0.00234 -0.00483 -0.00706 -0.00898  -0.0106  -0.0118  -0.0127  -0.0133  -0.0137  -0.0138  -0.0137  -0.0133  -0.0127  -0.0118  -0.0106 -0.00901  -0.0071 -0.00487 -0.00237        0
        0|        0        0        0        0        0        0        0        0        0        0        0        0        0        0        0        0        0        0        0        0        0

G (22x12): 
         |        0        1        2        3        4        5        6        7        8        9       10       11       12       13       14       15       16       17       18       19       20       21
-------------------------------------------------------------------------------------------------------------------------------------------------------------------------------------------------------------------------
       10|        0        0        0        0        0        0        0        0        0        0        0        0        0        0        0        0        0        0        0        0        0        0
        9|   -0.068   0.0672   0.0336   0.0172  0.00963  0.00577  0.00362  0.00233  0.00151 0.000944 0.000515  0.00014-0.000236-0.000649 -0.00121  -0.0021 -0.00372 -0.00706  -0.0148  -0.0343  -0.0765    0.078
        8|  -0.0418   0.0414   0.0318   0.0206   0.0132  0.00854  0.00563  0.00373  0.00244  0.00149 0.000751 0.000101-0.000554 -0.00132 -0.00233 -0.00382 -0.00621  -0.0104  -0.0181   -0.033  -0.0549   0.0549
        7|  -0.0283   0.0281   0.0252   0.0187   0.0133  0.00931  0.00646  0.00442  0.00292  0.00178 0.000839-1.54e-05-0.000899 -0.00193 -0.00325 -0.00511 -0.00784   -0.012  -0.0183  -0.0274  -0.0349   0.0349
        6|  -0.0203   0.0202   0.0195   0.0157    0.012  0.00892  0.00645  0.00455  0.00306  0.00186 0.000842-0.000116 -0.00111 -0.00225 -0.00367 -0.00555 -0.00811  -0.0116  -0.0161  -0.0214  -0.0236   0.0237
        5|  -0.0149   0.0148   0.0149   0.0127   0.0102  0.00787  0.00589  0.00426  0.00291  0.00178 0.000773-0.000178 -0.00117 -0.00228 -0.00363 -0.00532 -0.00746  -0.0101  -0.0132  -0.0162  -0.0168   0.0168
        4|   -0.011   0.0109   0.0112  0.00979  0.00814  0.00649  0.00499  0.00367  0.00254  0.00155 0.000659-0.000205  -0.0011 -0.00209 -0.00325 -0.00465 -0.00631 -0.00822  -0.0103   -0.012   -0.012   0.0121
        3|  -0.0078  0.00776  0.00803  0.00719  0.00611  0.00498  0.00389  0.00291  0.00203  0.00124 0.000509-0.000198-0.000933 -0.00173 -0.00265  -0.0037  -0.0049 -0.00621 -0.00752 -0.00859 -0.00841  0.00845
        2|  -0.0051  0.00507   0.0053  0.00479  0.00413  0.00341   0.0027  0.00203  0.00142 0.000864 0.000343 -0.00017-0.000695 -0.00126  -0.0019 -0.00261 -0.00339 -0.00421 -0.00499 -0.00561 -0.00543  0.00545
        1| -0.00267   0.0027  0.00285  0.00259  0.00225  0.00187  0.00148  0.00112 0.000779 0.000466 0.000167-0.000123-0.000423-0.000738 -0.00108 -0.00146 -0.00186 -0.00226 -0.00264 -0.00293 -0.00281   0.0028
        0|  -0.0115        0        0        0        0        0        0        0        0        0        0        0        0        0        0        0        0        0        0        0        0   0.0119

rhs (22x12): 
         |        0        1        2        3        4        5        6        7        8        9       10       11       12       13       14       15       16       17       18       19       20       21
-------------------------------------------------------------------------------------------------------------------------------------------------------------------------------------------------------------------------
       11|        0        0        0        0        0        0        0        0        0        0        0        0        0        0        0        0        0        0        0        0        0        0
       10|        0     1.43  -0.0471   0.0944   0.0669   0.0387   0.0248   0.0147   0.0115   0.0075  0.00805  0.00636  0.00627  0.00642   0.0113   0.0165    0.032   0.0602    0.115   0.0941    -2.74        0
        9|        0   -0.093    0.155    0.109   0.0588   0.0352   0.0197   0.0144   0.0081  0.00774  0.00447  0.00653  0.00717   0.0109   0.0133   0.0252   0.0458    0.103     0.23    0.379   0.0292        0
        8|        0  -0.0725  -0.0182 -0.00933 -0.00169 -0.00165  0.00117 -0.00062  0.00152-0.000524  0.00153-0.000448  0.00178-0.000221  0.00192-7.35e-05  0.00194-0.000737 -0.00307  -0.0292  -0.0306        0
        7|        0   -0.029  -0.0102  -0.0047 -0.00409 -0.00051 -0.00175 0.000741 -0.00109  0.00108-0.000933  0.00114-0.000959  0.00098 -0.00134 0.000152 -0.00315 -0.00389   -0.012  -0.0185  -0.0116        0
        6|        0  -0.0172 -0.00361 -0.00428-0.000928 -0.00211 0.000482 -0.00126 0.000971-0.000996   0.0011-0.000954  0.00106 -0.00111 0.000731 -0.00176-0.000537 -0.00414 -0.00465 -0.00928  0.00383        0
        5|        0    -0.01 -0.00368-0.000963 -0.00231 0.000284 -0.00141  0.00088 -0.00104  0.00109-0.000935  0.00112 -0.00098 0.000993 -0.00124 0.000513 -0.00208-0.000888 -0.00417 -0.00317   0.0045        0
        4|        0 -0.00879-0.000658 -0.00235  0.00015 -0.00154 0.000784  -0.0011  0.00108-0.000922  0.00117  -0.0009  0.00113 -0.00101 0.000922 -0.00137 0.000324 -0.00228-0.000903  -0.0035  0.00597        0
        3|        0 -0.00571 -0.00223 8.45e-05 -0.00167  0.00067 -0.00118  0.00103 -0.00093  0.00119-0.000844  0.00121-0.000881  0.00112 -0.00105 0.000826 -0.00151 0.000167 -0.00235-0.000604  0.00405        0
        2|        0  -0.0241   -0.019  -0.0193  -0.0148  -0.0141  -0.0092 -0.00856 -0.00401 -0.00382 0.000213-0.000147  0.00345  0.00277  0.00602  0.00492  0.00766  0.00599  0.00818  0.00614   0.0134        0
        1|        0     0.14    0.142    0.138    0.125    0.114   0.0963   0.0809   0.0601   0.0424   0.0199 0.000918  -0.0231   -0.044  -0.0696  -0.0915   -0.117   -0.137   -0.158   -0.169   -0.169        0
        0|        0        0        0        0        0        0        0        0        0        0        0        0        0        0        0        0        0        0        0        0        0        0

