t: 1.25461
nCells: 20x10, dx: 0.1, dy: 0.1

u (22x12): 
         |        0        1        2        3        4        5        6        7        8        9       10       11       12       13       14       15       16       17       18       19       20
-------------------------------------------------------------------------------------------------------------------------------------------------------------------------------------------------------------------------
       11|        0     1.92     1.88     1.85     1.84     1.83     1.83     1.82     1.82     1.82     1.82     1.82     1.82     1.82     1.82     1.82     1.83     1.83     1.85      1.9        0
       10|        0   0.0802    0.124    0.148    0.162    0.171    0.177    0.181    0.183    0.185    0.186    0.186    0.186    0.186    0.185    0.183    0.178    0.169    0.149    0.102        0
        9|        0  -0.0305  -0.0327  -0.0287  -0.0243  -0.0207   -0.018   -0.016  -0.0147  -0.0138  -0.0134  -0.0134  -0.0136  -0.0143  -0.0154  -0.0173  -0.0199  -0.0231  -0.0259  -0.0233        0
        8|        0  -0.0154  -0.0243  -0.0274  -0.0278  -0.0273  -0.0265  -0.0257  -0.0252  -0.0248  -0.0247  -0.0249  -0.0253  -0.0262  -0.0275  -0.0293  -0.0319  -0.0347  -0.0359  -0.0287        0
        7|        0 -0.00937  -0.0167  -0.0209   -0.023  -0.0238  -0.0241  -0.0241   -0.024   -0.024  -0.0241  -0.0242  -0.0246  -0.0251  -0.0258  -0.0266  -0.0274  -0.0274  -0.0251  -0.0171        0
        6|        0 -0.00644  -0.0123  -0.0164  -0.0191  -0.0206  -0.0216  -0.0221  -0.0224  -0.0226  -0.0228   -0.023  -0.0231  -0.0233  -0.0234  -0.0233  -0.0227   -0.021  -0.0172  -0.0101        0
        5|        0 -0.00484 -0.00962  -0.0134  -0.0162  -0.0181  -0.0194  -0.0203  -0.0209  -0.0213  -0.0215  -0.0217  -0.0217  -0.0215  -0.0211  -0.0203  -0.0189  -0.0165  -0.0126 -0.00671        0
        4|        0 -0.00392 -0.00794  -0.0114  -0.0141  -0.0162  -0.0177  -0.0188  -0.0196  -0.0201  -0.0204  -0.0205  -0.0203  -0.0199  -0.0192   -0.018  -0.0162  -0.0136 -0.00983 -0.00501        0
        3|        0 -0.00336  -0.0069    -0.01  -0.0127  -0.0148  -0.0165  -0.0177  -0.0186  -0.0192  -0.0195  -0.0195  -0.0193  -0.0187  -0.0178  -0.0164  -0.0144  -0.0117 -0.00823 -0.00408        0
        2|        0 -0.00306 -0.00628 -0.00923  -0.0118  -0.0139  -0.0156  -0.0169  -0.0179  -0.0185  -0.0188  -0.0188  -0.0185  -0.0179  -0.0168  -0.0153  -0.0132  -0.0106 -0.00731 -0.00358        0
        1|        0 -0.00299 -0.00632 -0.00932  -0.0119   -0.014  -0.0157  -0.0169  -0.0178  -0.0183  -0.0184  -0.0183  -0.0178   -0.017  -0.0158  -0.0142  -0.0121 -0.00951 -0.00649 -0.00312        0
        0|        0 -0.00241 -0.00507 -0.00755 -0.00975  -0.0116  -0.0132  -0.0144  -0.0153  -0.0159  -0.0161  -0.0161  -0.0157   -0.015  -0.0139  -0.0125  -0.0106 -0.00829 -0.00565 -0.00278        0

v (22x12): 
         |        0        1        2        3        4        5        6        7        8        9       10       11       12       13       14       15       16       17       18       19       20       21
-------------------------------------------------------------------------------------------------------------------------------------------------------------------------------------------------------------------------
       10|        0        0        0        0        0        0        0        0        0        0        0        0        0        0        0        0        0        0        0        0        0        0
        9|  -0.0795   0.0802   0.0434    0.024   0.0143  0.00894   0.0058  0.00385  0.00257  0.00171  0.00107 0.000547 2.14e-05-0.000511 -0.00119 -0.00227 -0.00435 -0.00891  -0.0199  -0.0473   -0.102      0.1
        8|  -0.0492   0.0497   0.0413    0.028   0.0187   0.0125   0.0085  0.00578  0.00391  0.00254   0.0015 0.000611-0.000226 -0.00117 -0.00237 -0.00411 -0.00694  -0.0121  -0.0227  -0.0447  -0.0788   0.0769
        7|  -0.0339   0.0343   0.0324   0.0249   0.0182   0.0131   0.0093  0.00653  0.00446  0.00288  0.00159  0.00045-0.000694 -0.00199 -0.00366 -0.00598 -0.00947   -0.015  -0.0239  -0.0376  -0.0501   0.0488
        6|  -0.0246   0.0249    0.025   0.0207   0.0162   0.0123  0.00905  0.00652  0.00453  0.00291  0.00153 0.000262 -0.00103 -0.00251 -0.00436 -0.00682  -0.0102   -0.015  -0.0216  -0.0295   -0.033   0.0322
        5|  -0.0182   0.0185   0.0192   0.0166   0.0136   0.0107  0.00812  0.00599   0.0042   0.0027  0.00136 0.000106  -0.0012 -0.00267 -0.00445 -0.00671 -0.00964  -0.0134  -0.0178  -0.0223  -0.0229   0.0225
        4|  -0.0135   0.0136   0.0144   0.0128   0.0108  0.00872   0.0068  0.00509  0.00361  0.00231  0.00113-1.32e-05 -0.00119 -0.00251 -0.00406 -0.00595 -0.00823  -0.0109  -0.0139  -0.0165  -0.0162   0.0159
        3| -0.00959  0.00972   0.0104  0.00938  0.00805  0.00663  0.00525  0.00398  0.00283   0.0018 0.000844-8.57e-05 -0.00106 -0.00212 -0.00334 -0.00477 -0.00643 -0.00827  -0.0101  -0.0117  -0.0112    0.011
        2| -0.00626  0.00635  0.00685  0.00624  0.00542   0.0045   0.0036  0.00274  0.00195  0.00122 0.000541-0.000129-0.000817 -0.00157 -0.00241 -0.00337 -0.00443 -0.00557 -0.00668 -0.00754 -0.00714  0.00701
        1| -0.00325   0.0033  0.00362  0.00329  0.00285  0.00238  0.00189  0.00143 0.000998 0.000603 0.000224-0.000141 -0.00052-0.000918 -0.00136 -0.00184 -0.00237 -0.00291 -0.00342  -0.0038 -0.00357  0.00351
        0|  -0.0144   0.0147   0.0161   0.0152   0.0139   0.0122   0.0103  0.00825   0.0061  0.00387  0.00161-0.000699 -0.00303 -0.00538 -0.00772    -0.01  -0.0122  -0.0142  -0.0158  -0.0169  -0.0157   0.0155

p (22x12): 
         |        0        1        2        3        4        5        6        7        8        9       10       11       12       13       14       15       16       17       18       19       20       21
-------------------------------------------------------------------------------------------------------------------------------------------------------------------------------------------------------------------------
       11|    -1.64    -1.64    -1.63    -1.63    -1.63    -1.63    -1.62    -1.62    -1.62    -1.62    -1.62    -1.61    -1.61    -1.61    -1.61    -1.61     -1.6     -1.6     -1.6    -1.59    -1.57    -1.57
       10|    -1.64    -1.64    -1.63    -1.63    -1.63    -1.63    -1.62    -1.62    -1.62    -1.62    -1.62    -1.61    -1.61    -1.61    -1.61    -1.61     -1.6     -1.6     -1.6    -1.59    -1.57    -1.57
        9|    -1.63    -1.63    -1.63    -1.63    -1.63    -1.63    -1.62    -1.62    -1.62    -1.62    -1.62    -1.61    -1.61    -1.61    -1.61    -1.61     -1.6     -1.6     -1.6    -1.59    -1.58    -1.58
        8|    -1.63    -1.63    -1.63    -1.63    -1.63    -1.62    -1.62    -1.62    -1.62    -1.62    -1.62    -1.61    -1.61    -1.61    -1.61    -1.61     -1.6     -1.6     -1.6    -1.59    -1.59    -1.59
        7|    -1.63    -1.63    -1.63    -1.63    -1.62    -1.62    -1.62    -1.62    -1.62    -1.62    -1.62    -1.61    -1.61    -1.61    -1.61    -1.61     -1.6     -1.6     -1.6     -1.6     -1.6     -1.6
        6|    -1.62    -1.62    -1.62    -1.62    -1.62    -1.62    -1.62    -1.62    -1.62    -1.62    -1.61    -1.61    -1.61    -1.61    -1.61    -1.61     -1.6     -1.6     -1.6     -1.6     -1.6     -1.6
        5|    -1.62    -1.62    -1.62    -1.62    -1.62    -1.62    -1.62    -1.62    -1.62    -1.62    -1.61    -1.61    -1.61    -1.61    -1.61    -1.61    -1.61     -1.6     -1.6     -1.6     -1.6     -1.6
        4|    -1.62    -1.62    -1.62    -1.62    -1.62    -1.62    -1.62    -1.62    -1.62    -1.62    -1.61    -1.61    -1.61    -1.61    -1.61    -1.61    -1.61     -1.6     -1.6     -1.6     -1.6     -1.6
        3|    -1.62    -1.62    -1.62    -1.62    -1.62    -1.62    -1.62    -1.62    -1.62    -1.62    -1.61    -1.61    -1.61    -1.61    -1.61    -1.61    -1.61     -1.6     -1.6     -1.6     -1.6     -1.6
        2|    -1.62    -1.62    -1.62    -1.62    -1.62    -1.62    -1.62    -1.62    -1.62    -1.62    -1.61    -1.61    -1.61    -1.61    -1.61    -1.61    -1.61    -1.61     -1.6     -1.6     -1.6     -1.6
        1|    -1.62    -1.62    -1.62    -1.62    -1.62    -1.62    -1.62    -1.62    -1.62    -1.62    -1.61    -1.61    -1.61    -1.61    -1.61    -1.61    -1.61    -1.61     -1.6     -1.6     -1.6     -1.6
        0|    -1.62    -1.62    -1.62    -1.62    -1.62    -1.62    -1.62    -1.62    -1.62    -1.62    -1.61    -1.61    -1.61    -1.61    -1.61    -1.61    -1.61    -1.61    -1.61    -1.61    -1.61    -1.61

F (22x12): 
         |        0        1        2        3        4        5        6        7        8        9       10       11       12       13       14       15       16       17       18       19       20
-------------------------------------------------------------------------------------------------------------------------------------------------------------------------------------------------------------------------
       11|        0     1.92     1.88     1.85     1.84     1.83     1.83     1.82     1.82     1.82     1.82     1.82     1.82     1.82     1.82     1.82     1.83     1.83     1.85      1.9        0
       10|        0   0.0817    0.124    0.148    0.163    0.172    0.177    0.181    0.184    0.185    0.186    0.187    0.187    0.187    0.185    0.183    0.179    0.171    0.152    0.107        0
        9|        0  -0.0302  -0.0322  -0.0281  -0.0237  -0.0201  -0.0174  -0.0155  -0.0142  -0.0134  -0.0129  -0.0129  -0.0131  -0.0137  -0.0149  -0.0167  -0.0192  -0.0222  -0.0244  -0.0212        0
        8|        0  -0.0153   -0.024   -0.027  -0.0274  -0.0268   -0.026  -0.0252  -0.0247  -0.0243  -0.0242  -0.0244  -0.0249  -0.0257  -0.0269  -0.0288  -0.0312  -0.0339  -0.0349  -0.0278        0
        7|        0 -0.00929  -0.0165  -0.0206  -0.0226  -0.0234  -0.0237  -0.0237  -0.0236  -0.0236  -0.0236  -0.0238  -0.0241  -0.0246  -0.0253  -0.0261  -0.0268  -0.0268  -0.0245  -0.0166        0
        6|        0 -0.00637  -0.0121  -0.0162  -0.0188  -0.0203  -0.0212  -0.0217   -0.022  -0.0222  -0.0224  -0.0225  -0.0227  -0.0228  -0.0229  -0.0228  -0.0222  -0.0205  -0.0168 -0.00983        0
        5|        0 -0.00479 -0.00949  -0.0132  -0.0159  -0.0178  -0.0191    -0.02  -0.0205  -0.0209  -0.0211  -0.0212  -0.0212  -0.0211  -0.0207  -0.0199  -0.0185  -0.0161  -0.0123 -0.00656        0
        4|        0 -0.00387 -0.00784  -0.0112  -0.0139  -0.0159  -0.0174  -0.0185  -0.0193  -0.0198    -0.02  -0.0201  -0.0199  -0.0195  -0.0188  -0.0177  -0.0159  -0.0133 -0.00961  -0.0049        0
        3|        0 -0.00332  -0.0068 -0.00989  -0.0125  -0.0146  -0.0162  -0.0174  -0.0183  -0.0188  -0.0191  -0.0191  -0.0189  -0.0183  -0.0174   -0.016  -0.0141  -0.0114 -0.00805   -0.004        0
        2|        0 -0.00302 -0.00619 -0.00909  -0.0116  -0.0137  -0.0154  -0.0166  -0.0175  -0.0181  -0.0184  -0.0185  -0.0181  -0.0175  -0.0165   -0.015  -0.0129  -0.0103 -0.00715 -0.00351        0
        1|        0 -0.00296 -0.00623 -0.00918  -0.0117  -0.0138  -0.0154  -0.0166  -0.0175  -0.0179  -0.0181  -0.0179  -0.0174  -0.0166  -0.0154  -0.0138  -0.0118 -0.00929 -0.00634 -0.00305        0
        0|        0        0        0        0        0        0        0        0        0        0        0        0        0        0        0        0        0        0        0        0        0

G (22x12): 
         |        0        1        2        3        4        5        6        7        8        9       10       11       12       13       14       15       16       17       18       19       20       21
-------------------------------------------------------------------------------------------------------------------------------------------------------------------------------------------------------------------------
       10|        0        0        0        0        0        0        0        0        0        0        0        0        0        0        0        0        0        0        0        0        0        0
        9|  -0.0795   0.0786   0.0429   0.0237    0.014  0.00875  0.00566  0.00374   0.0025  0.00165  0.00103 0.000515 1.04e-06 -0.00052 -0.00119 -0.00224 -0.00426 -0.00867  -0.0192  -0.0456  -0.0981      0.1
        8|  -0.0492   0.0487   0.0404   0.0274   0.0182   0.0122  0.00824   0.0056  0.00377  0.00244  0.00142 0.000555 -0.00027  -0.0012 -0.00239 -0.00413 -0.00696  -0.0121  -0.0225  -0.0441  -0.0769   0.0769
        7|  -0.0339   0.0337   0.0318   0.0244   0.0178   0.0128  0.00905  0.00634  0.00432  0.00278  0.00151 0.000395-0.000731 -0.00201 -0.00366 -0.00596 -0.00941  -0.0148  -0.0236  -0.0369   -0.049   0.0488
        6|  -0.0246   0.0245   0.0246   0.0203   0.0159    0.012  0.00883  0.00635   0.0044  0.00281  0.00146 0.000215 -0.00106 -0.00252 -0.00433 -0.00676  -0.0101  -0.0148  -0.0212  -0.0289  -0.0322   0.0322
        5|  -0.0182   0.0181   0.0188   0.0163   0.0133   0.0104  0.00794  0.00584  0.00409  0.00261   0.0013 6.84e-05 -0.00121 -0.00266 -0.00441 -0.00663  -0.0095  -0.0131  -0.0175  -0.0219  -0.0224   0.0225
        4|  -0.0135   0.0134   0.0142   0.0126   0.0106  0.00854  0.00665  0.00497  0.00352  0.00224  0.00108-4.08e-05  -0.0012 -0.00249 -0.00402 -0.00587 -0.00811  -0.0108  -0.0136  -0.0162  -0.0159   0.0159
        3| -0.00959  0.00953   0.0102  0.00921   0.0079   0.0065  0.00514  0.00389  0.00276  0.00175  0.00081-0.000104 -0.00106  -0.0021  -0.0033  -0.0047 -0.00633 -0.00812 -0.00995  -0.0114   -0.011    0.011
        2| -0.00626  0.00623  0.00673  0.00613  0.00531  0.00442  0.00352  0.00268   0.0019  0.00119 0.000521-0.000138-0.000813 -0.00155 -0.00238 -0.00332 -0.00436 -0.00548 -0.00655 -0.00739 -0.00699  0.00701
        1| -0.00325   0.0033  0.00363   0.0033  0.00286  0.00238  0.00189  0.00143 0.000998 0.000601 0.000222-0.000143-0.000521-0.000918 -0.00136 -0.00184 -0.00236 -0.00289 -0.00339 -0.00376 -0.00352  0.00351
        0|  -0.0144        0        0        0        0        0        0        0        0        0        0        0        0        0        0        0        0        0        0        0        0   0.0155

rhs (22x12): 
         |        0        1        2        3        4        5        6        7        8        9       10       11       12       13       14       15       16       17       18       19       20       21
-------------------------------------------------------------------------------------------------------------------------------------------------------------------------------------------------------------------------
       11|        0        0        0        0        0        0        0        0        0        0        0        0        0        0        0        0        0        0        0        0        0        0
       10|        0      1.2   -0.127    0.112   0.0992   0.0648    0.045   0.0281    0.022    0.014    0.014   0.0111   0.0123  0.00907   0.0163   0.0238   0.0495   0.0973    0.186    0.109    -3.26        0
        9|        0   -0.125    0.197    0.159    0.095   0.0618   0.0366   0.0274   0.0158   0.0147   0.0083    0.011  0.00974   0.0176   0.0204   0.0404   0.0769     0.18    0.402    0.622   0.0387        0
        8|        0  -0.0882  -0.0241  -0.0134 -0.00144 -0.00199  0.00273-0.000647  0.00305-0.000678  0.00294-0.000772  0.00336-8.18e-05  0.00389 0.000788  0.00567  0.00493   0.0115  -0.0261  -0.0506        0
        7|        0  -0.0352   -0.015 -0.00686 -0.00663-0.000636   -0.003  0.00138 -0.00192  0.00195 -0.00164  0.00207 -0.00165  0.00184 -0.00224 0.000507 -0.00528 -0.00666  -0.0221  -0.0369  -0.0371        0
        6|        0  -0.0219 -0.00504 -0.00688 -0.00129  -0.0036 0.000927 -0.00223  0.00175 -0.00177  0.00198 -0.00168  0.00192 -0.00193  0.00137 -0.00307-0.000938 -0.00763 -0.00923   -0.018 -0.00151        0
        5|        0  -0.0122 -0.00587  -0.0013  -0.0039 0.000615 -0.00247  0.00159 -0.00185  0.00196 -0.00166  0.00203 -0.00172  0.00181 -0.00216 0.000963 -0.00371 -0.00171 -0.00782 -0.00613  0.00344        0
        4|        0  -0.0115-0.000773 -0.00394 0.000412 -0.00269  0.00143 -0.00195  0.00192 -0.00164  0.00209 -0.00159  0.00203 -0.00176  0.00169  -0.0024 0.000599  -0.0041 -0.00177 -0.00643  0.00736        0
        3|        0 -0.00678 -0.00371 0.000324 -0.00288  0.00124 -0.00209  0.00185 -0.00166  0.00212  -0.0015  0.00218 -0.00155  0.00203 -0.00184  0.00151 -0.00267  0.00029 -0.00426 -0.00116  0.00452        0
        2|        0  -0.0328  -0.0272  -0.0284  -0.0211  -0.0207  -0.0129  -0.0126 -0.00532  -0.0058 0.000646-0.000733  0.00496  0.00303  0.00814  0.00551  0.00977   0.0062  0.00961  0.00563   0.0165        0
        1|        0    0.131    0.136    0.135    0.123    0.115   0.0984   0.0865   0.0656   0.0505   0.0269  0.00952  -0.0168  -0.0375  -0.0671  -0.0905   -0.121   -0.144    -0.17   -0.183   -0.182        0
        0|        0        0        0        0        0        0        0        0        0        0        0        0        0        0        0        0        0        0        0        0        0        0

