t: 0.917096
nCells: 20x10, dx: 0.1, dy: 0.1

u (22x12): 
         |        0        1        2        3        4        5        6        7        8        9       10       11       12       13       14       15       16       17       18       19       20
-------------------------------------------------------------------------------------------------------------------------------------------------------------------------------------------------------------------------
       11|        0     1.93      1.9     1.88     1.87     1.87     1.87     1.86     1.86     1.86     1.86     1.86     1.86     1.86     1.86     1.86     1.87     1.88     1.89     1.92        0
       10|        0    0.068    0.101    0.119    0.128    0.134    0.137     0.14    0.141    0.142    0.143    0.143    0.143    0.142    0.141    0.139    0.135    0.128    0.113   0.0779        0
        9|        0  -0.0262  -0.0277  -0.0242  -0.0205  -0.0177  -0.0156  -0.0142  -0.0133  -0.0127  -0.0125  -0.0125  -0.0128  -0.0135  -0.0146  -0.0163  -0.0187  -0.0219   -0.025  -0.0231        0
        8|        0  -0.0135  -0.0202   -0.022  -0.0219  -0.0211  -0.0203  -0.0196  -0.0191  -0.0188  -0.0187  -0.0188  -0.0192  -0.0198  -0.0207   -0.022  -0.0236  -0.0252  -0.0255    -0.02        0
        7|        0 -0.00798  -0.0137  -0.0167   -0.018  -0.0184  -0.0184  -0.0183  -0.0182  -0.0181  -0.0181  -0.0182  -0.0184  -0.0187  -0.0191  -0.0196  -0.0198  -0.0194  -0.0172  -0.0112        0
        6|        0 -0.00536 -0.00995   -0.013  -0.0149   -0.016  -0.0165  -0.0168   -0.017  -0.0171  -0.0171  -0.0172  -0.0172  -0.0173  -0.0172   -0.017  -0.0164  -0.0149   -0.012 -0.00686        0
        5|        0 -0.00397 -0.00769  -0.0106  -0.0126   -0.014  -0.0149  -0.0155  -0.0158   -0.016  -0.0162  -0.0162  -0.0161  -0.0159  -0.0156  -0.0149  -0.0137  -0.0118 -0.00891 -0.00475        0
        4|        0 -0.00317  -0.0063 -0.00891  -0.0109  -0.0125  -0.0136  -0.0143  -0.0148  -0.0152  -0.0153  -0.0153  -0.0151  -0.0148  -0.0142  -0.0132  -0.0118 -0.00981 -0.00708 -0.00363        0
        3|        0  -0.0027 -0.00543 -0.00783 -0.00981  -0.0114  -0.0126  -0.0134  -0.0141  -0.0144  -0.0146  -0.0146  -0.0143  -0.0139  -0.0131   -0.012  -0.0105  -0.0085 -0.00598   -0.003        0
        2|        0 -0.00243 -0.00492 -0.00717 -0.00909  -0.0107  -0.0119  -0.0128  -0.0135  -0.0139  -0.0141   -0.014  -0.0138  -0.0132  -0.0124  -0.0112 -0.00968 -0.00772 -0.00535 -0.00265        0
        1|        0 -0.00233 -0.00481 -0.00704 -0.00896  -0.0105  -0.0118  -0.0127  -0.0133  -0.0137  -0.0138  -0.0137  -0.0133  -0.0127  -0.0118  -0.0106 -0.00903 -0.00712 -0.00488 -0.00238        0
        0|        0 -0.00192 -0.00394 -0.00582 -0.00747 -0.00887    -0.01  -0.0109  -0.0115  -0.0119  -0.0121   -0.012  -0.0117  -0.0111  -0.0103  -0.0092  -0.0078 -0.00612 -0.00418 -0.00206        0

v (22x12): 
         |        0        1        2        3        4        5        6        7        8        9       10       11       12       13       14       15       16       17       18       19       20       21
-------------------------------------------------------------------------------------------------------------------------------------------------------------------------------------------------------------------------
       10|        0        0        0        0        0        0        0        0        0        0        0        0        0        0        0        0        0        0        0        0        0        0
        9|  -0.0668    0.068   0.0335   0.0171  0.00954  0.00572  0.00359  0.00232   0.0015 0.000936 0.000509 0.000134-0.000242-0.000656 -0.00122 -0.00211 -0.00375 -0.00714   -0.015  -0.0347   -0.078    0.076
        8|   -0.041   0.0418   0.0319   0.0206   0.0132  0.00856  0.00564  0.00374  0.00244  0.00149 0.000754 0.000104 -0.00055 -0.00132 -0.00233 -0.00381 -0.00619  -0.0103   -0.018  -0.0328  -0.0549   0.0532
        7|  -0.0277   0.0283   0.0252   0.0188   0.0133  0.00933  0.00647  0.00443  0.00293  0.00179 0.000844-1.12e-05-0.000894 -0.00192 -0.00325 -0.00509 -0.00782   -0.012  -0.0183  -0.0273  -0.0349   0.0338
        6|  -0.0199   0.0203   0.0195   0.0158   0.0121  0.00893  0.00646  0.00455  0.00307  0.00187 0.000846-0.000111  -0.0011 -0.00224 -0.00366 -0.00554 -0.00809  -0.0116  -0.0161  -0.0213  -0.0237    0.023
        5|  -0.0146   0.0149   0.0149   0.0127   0.0102  0.00788   0.0059  0.00426  0.00291  0.00178 0.000777-0.000173 -0.00116 -0.00228 -0.00363 -0.00531 -0.00745  -0.0101  -0.0132  -0.0162  -0.0168   0.0164
        4|  -0.0107    0.011   0.0112   0.0098  0.00815   0.0065  0.00499  0.00368  0.00254  0.00156 0.000662-0.000202 -0.00109 -0.00209 -0.00325 -0.00464  -0.0063 -0.00821  -0.0102   -0.012  -0.0121   0.0118
        3| -0.00763   0.0078  0.00804  0.00719  0.00611  0.00498   0.0039  0.00291  0.00203  0.00124 0.000512-0.000195 -0.00093 -0.00173 -0.00264  -0.0037  -0.0049 -0.00621 -0.00751 -0.00858 -0.00845  0.00823
        2| -0.00499   0.0051   0.0053   0.0048  0.00413  0.00341   0.0027  0.00203  0.00142 0.000866 0.000345-0.000168-0.000693 -0.00126 -0.00189  -0.0026 -0.00339 -0.00421 -0.00499  -0.0056 -0.00545  0.00532
        1| -0.00262  0.00267  0.00281  0.00255  0.00221  0.00184  0.00146   0.0011 0.000767 0.000459 0.000165-0.000121-0.000416-0.000727 -0.00107 -0.00144 -0.00184 -0.00224 -0.00262  -0.0029  -0.0028  0.00274
        0|  -0.0112   0.0115   0.0122   0.0115   0.0104  0.00911  0.00765  0.00607  0.00443  0.00275  0.00104-0.000677  -0.0024 -0.00414 -0.00586 -0.00753 -0.00912  -0.0105  -0.0117  -0.0125  -0.0119   0.0116

p (22x12): 
         |        0        1        2        3        4        5        6        7        8        9       10       11       12       13       14       15       16       17       18       19       20       21
-------------------------------------------------------------------------------------------------------------------------------------------------------------------------------------------------------------------------
       11|    -0.65    -0.65   -0.643   -0.639   -0.636   -0.633    -0.63   -0.628   -0.625   -0.623   -0.621   -0.619   -0.617   -0.615   -0.613   -0.611   -0.608   -0.605     -0.6   -0.592   -0.578   -0.578
       10|    -0.65    -0.65   -0.643   -0.639   -0.636   -0.633    -0.63   -0.628   -0.625   -0.623   -0.621   -0.619   -0.617   -0.615   -0.613   -0.611   -0.608   -0.605     -0.6   -0.592   -0.578   -0.578
        9|   -0.642   -0.642    -0.64   -0.638   -0.635   -0.632    -0.63   -0.627   -0.625   -0.623   -0.621   -0.619   -0.617   -0.615   -0.613   -0.611   -0.608   -0.606   -0.602   -0.597   -0.591   -0.591
        8|   -0.638   -0.638   -0.637   -0.635   -0.633   -0.631   -0.629   -0.627   -0.625   -0.623   -0.621   -0.619   -0.617   -0.615   -0.613   -0.611   -0.609   -0.606   -0.603     -0.6   -0.597   -0.597
        7|   -0.635   -0.635   -0.634   -0.633   -0.632    -0.63   -0.628   -0.626   -0.624   -0.623   -0.621   -0.619   -0.617   -0.615   -0.613   -0.611   -0.609   -0.607   -0.605   -0.603   -0.601   -0.601
        6|   -0.633   -0.633   -0.632   -0.631    -0.63   -0.629   -0.627   -0.626   -0.624   -0.622   -0.621   -0.619   -0.617   -0.615   -0.614   -0.612    -0.61   -0.608   -0.606   -0.605   -0.604   -0.604
        5|   -0.631   -0.631   -0.631    -0.63   -0.629   -0.628   -0.627   -0.625   -0.624   -0.622    -0.62   -0.619   -0.617   -0.615   -0.614   -0.612   -0.611   -0.609   -0.608   -0.607   -0.606   -0.606
        4|    -0.63    -0.63    -0.63   -0.629   -0.628   -0.627   -0.626   -0.625   -0.623   -0.622    -0.62   -0.619   -0.617   -0.616   -0.614   -0.613   -0.611    -0.61   -0.609   -0.608   -0.608   -0.608
        3|   -0.629   -0.629   -0.629   -0.628   -0.628   -0.627   -0.626   -0.624   -0.623   -0.622    -0.62   -0.619   -0.617   -0.616   -0.614   -0.613   -0.612    -0.61   -0.609   -0.609   -0.609   -0.609
        2|   -0.629   -0.629   -0.628   -0.628   -0.627   -0.626   -0.625   -0.624   -0.623   -0.622    -0.62   -0.619   -0.617   -0.616   -0.614   -0.613   -0.612   -0.611    -0.61   -0.609   -0.609   -0.609
        1|   -0.628   -0.628   -0.628   -0.628   -0.627   -0.626   -0.625   -0.624   -0.623   -0.622    -0.62   -0.619   -0.617   -0.616   -0.614   -0.613   -0.612   -0.611    -0.61    -0.61   -0.609   -0.609
        0|   -0.627   -0.627   -0.627   -0.627   -0.626   -0.625   -0.625   -0.624   -0.622   -0.621    -0.62   -0.619   -0.618   -0.616   -0.615   -0.614   -0.613   -0.612   -0.612   -0.611   -0.611   -0.611

F (22x12): 
         |        0        1        2        3        4        5        6        7        8        9       10       11       12       13       14       15       16       17       18       19       20
-------------------------------------------------------------------------------------------------------------------------------------------------------------------------------------------------------------------------
       11|        0     1.93      1.9     1.88     1.87     1.87     1.87     1.86     1.86     1.86     1.86     1.86     1.86     1.86     1.86     1.86     1.87     1.88     1.89     1.92        0
       10|        0   0.0698    0.102    0.119    0.129    0.134    0.138     0.14    0.142    0.143    0.143    0.143    0.143    0.142    0.141    0.139    0.136    0.129    0.115   0.0816        0
        9|        0  -0.0257   -0.027  -0.0235  -0.0199  -0.0171   -0.015  -0.0136  -0.0127  -0.0122  -0.0119   -0.012  -0.0123  -0.0129   -0.014  -0.0156   -0.018   -0.021  -0.0237  -0.0214        0
        8|        0  -0.0133  -0.0198  -0.0215  -0.0213  -0.0206  -0.0198  -0.0191  -0.0186  -0.0183  -0.0182  -0.0183  -0.0187  -0.0193  -0.0201  -0.0214  -0.0229  -0.0245  -0.0247  -0.0193        0
        7|        0 -0.00783  -0.0134  -0.0164  -0.0176   -0.018   -0.018  -0.0178  -0.0177  -0.0176  -0.0176  -0.0177  -0.0179  -0.0182  -0.0186   -0.019  -0.0193  -0.0189  -0.0167  -0.0109        0
        6|        0 -0.00526 -0.00974  -0.0127  -0.0145  -0.0156  -0.0161  -0.0164  -0.0165  -0.0166  -0.0167  -0.0167  -0.0168  -0.0168  -0.0168  -0.0165  -0.0159  -0.0145  -0.0116 -0.00666        0
        5|        0 -0.00389 -0.00752  -0.0103  -0.0123  -0.0136  -0.0145  -0.0151  -0.0154  -0.0156  -0.0157  -0.0158  -0.0157  -0.0155  -0.0151  -0.0145  -0.0133  -0.0115 -0.00865 -0.00461        0
        4|        0 -0.00311 -0.00616  -0.0087  -0.0107  -0.0122  -0.0132   -0.014  -0.0145  -0.0148  -0.0149  -0.0149  -0.0147  -0.0144  -0.0138  -0.0128  -0.0115 -0.00953 -0.00687 -0.00353        0
        3|        0 -0.00264 -0.00531 -0.00764 -0.00957  -0.0111  -0.0123  -0.0131  -0.0137   -0.014  -0.0142  -0.0142  -0.0139  -0.0135  -0.0127  -0.0117  -0.0102 -0.00826 -0.00581 -0.00292        0
        2|        0 -0.00238 -0.00481   -0.007 -0.00887  -0.0104  -0.0116  -0.0125  -0.0131  -0.0135  -0.0137  -0.0137  -0.0134  -0.0129  -0.0121  -0.0109 -0.00941  -0.0075 -0.00519 -0.00258        0
        1|        0 -0.00228  -0.0047 -0.00688 -0.00875  -0.0103  -0.0115  -0.0124   -0.013  -0.0133  -0.0134  -0.0133   -0.013  -0.0123  -0.0115  -0.0103 -0.00877 -0.00691 -0.00474 -0.00232        0
        0|        0        0        0        0        0        0        0        0        0        0        0        0        0        0        0        0        0        0        0        0        0

G (22x12): 
         |        0        1        2        3        4        5        6        7        8        9       10       11       12       13       14       15       16       17       18       19       20       21
-------------------------------------------------------------------------------------------------------------------------------------------------------------------------------------------------------------------------
       10|        0        0        0        0        0        0        0        0        0        0        0        0        0        0        0        0        0        0        0        0        0        0
        9|  -0.0668    0.066   0.0328   0.0167  0.00929  0.00555  0.00348  0.00224  0.00144 0.000898 0.000484 0.000119-0.000246 -0.00065  -0.0012 -0.00207 -0.00365 -0.00691  -0.0144  -0.0334  -0.0746    0.076
        8|   -0.041   0.0406    0.031     0.02   0.0128  0.00826  0.00544   0.0036  0.00234  0.00143 0.000709 7.57e-05-0.000564 -0.00132 -0.00231 -0.00377 -0.00611  -0.0102  -0.0177  -0.0321  -0.0532   0.0532
        7|  -0.0277   0.0275   0.0246   0.0182   0.0129  0.00904  0.00625  0.00427  0.00282  0.00171 0.000796 -3.7e-05-0.000899  -0.0019  -0.0032 -0.00501 -0.00767  -0.0117  -0.0179  -0.0266  -0.0339   0.0338
        6|  -0.0199   0.0197    0.019   0.0153   0.0117  0.00867  0.00626  0.00441  0.00296   0.0018   0.0008-0.000132  -0.0011 -0.00221  -0.0036 -0.00543 -0.00792  -0.0113  -0.0157  -0.0207   -0.023    0.023
        5|  -0.0146   0.0145   0.0145   0.0123  0.00991  0.00766  0.00572  0.00413  0.00282  0.00171 0.000737-0.000189 -0.00115 -0.00224 -0.00356  -0.0052 -0.00728 -0.00985  -0.0128  -0.0158  -0.0163   0.0164
        4|  -0.0107   0.0107   0.0109  0.00955  0.00793  0.00632  0.00485  0.00357  0.00246   0.0015  0.00063-0.000212 -0.00108 -0.00205 -0.00318 -0.00454 -0.00615 -0.00801 -0.00997  -0.0117  -0.0117   0.0118
        3| -0.00763  0.00759  0.00784  0.00701  0.00595  0.00485  0.00379  0.00283  0.00197   0.0012 0.000488-0.000201-0.000917  -0.0017 -0.00259 -0.00361 -0.00478 -0.00605 -0.00732 -0.00835  -0.0082  0.00823
        2| -0.00499  0.00496  0.00517  0.00468  0.00403  0.00332  0.00263  0.00198  0.00138 0.000839  0.00033 -0.00017-0.000682 -0.00124 -0.00185 -0.00255 -0.00331  -0.0041 -0.00486 -0.00546 -0.00529  0.00532
        1| -0.00262  0.00265  0.00279  0.00253  0.00219  0.00182  0.00145  0.00109 0.000761 0.000455 0.000163-0.000121-0.000414-0.000722 -0.00106 -0.00142 -0.00182 -0.00221 -0.00258 -0.00286 -0.00275  0.00274
        0|  -0.0112        0        0        0        0        0        0        0        0        0        0        0        0        0        0        0        0        0        0        0        0   0.0116

rhs (22x12): 
         |        0        1        2        3        4        5        6        7        8        9       10       11       12       13       14       15       16       17       18       19       20       21
-------------------------------------------------------------------------------------------------------------------------------------------------------------------------------------------------------------------------
       11|        0        0        0        0        0        0        0        0        0        0        0        0        0        0        0        0        0        0        0        0        0        0
       10|        0     1.45  -0.0423   0.0915   0.0638   0.0366   0.0233   0.0138   0.0108  0.00705  0.00762  0.00593  0.00599   0.0062   0.0109   0.0159   0.0306   0.0575     0.11   0.0922    -2.71        0
        9|        0  -0.0902     0.15    0.105   0.0558   0.0332   0.0185   0.0135   0.0076  0.00728  0.00422  0.00629  0.00682   0.0104   0.0127    0.024   0.0435   0.0973    0.218    0.361   0.0286        0
        8|        0  -0.0707  -0.0176 -0.00897 -0.00168 -0.00161  0.00107-0.000606  0.00142-0.000506  0.00143-0.000425  0.00167-0.000225  0.00178-0.000118  0.00172-0.000967 -0.00358  -0.0286  -0.0289        0
        7|        0  -0.0283 -0.00981 -0.00451 -0.00389-0.000495 -0.00166 0.000696 -0.00103  0.00102-0.000881  0.00108-0.000908  0.00092 -0.00127 0.000132 -0.00298 -0.00368  -0.0113  -0.0173  -0.0101        0
        6|        0  -0.0167 -0.00347 -0.00407-0.000894   -0.002  0.00045 -0.00119 0.000915-0.000941  0.00104-0.000902 0.000998 -0.00105 0.000686 -0.00166-0.000511  -0.0039 -0.00436 -0.00872  0.00405        0
        5|        0 -0.00982  -0.0035-0.000929 -0.00219 0.000262 -0.00133 0.000829-0.000985  0.00103-0.000883  0.00106-0.000926 0.000935 -0.00117  0.00048 -0.00197-0.000837 -0.00392 -0.00298  0.00451        0
        4|        0 -0.00855 -0.00064 -0.00223 0.000134 -0.00146 0.000737 -0.00104  0.00101 -0.00087   0.0011 -0.00085  0.00106 -0.00095 0.000867 -0.00129 0.000303 -0.00215-0.000849  -0.0033  0.00584        0
        3|        0  -0.0056 -0.00212 7.09e-05 -0.00158 0.000629 -0.00111 0.000975-0.000877  0.00112-0.000797  0.00114-0.000832  0.00106-0.000995 0.000776 -0.00143 0.000156 -0.00221-0.000571  0.00399        0
        2|        0  -0.0233  -0.0183  -0.0186  -0.0142  -0.0135  -0.0089 -0.00824  -0.0039 -0.00367 0.000181-0.000111  0.00333  0.00273  0.00585  0.00485  0.00747  0.00593  0.00803  0.00612   0.0132        0
        1|        0    0.141    0.143    0.138    0.125    0.114   0.0961   0.0805   0.0597   0.0418   0.0194 0.000296  -0.0236  -0.0445  -0.0698  -0.0916   -0.117   -0.136   -0.157   -0.168   -0.168        0
        0|        0        0        0        0        0        0        0        0        0        0        0        0        0        0        0        0        0        0        0        0        0        0

