t: 1.69841
nCells: 20x10, dx: 0.1, dy: 0.1

u (22x12): 
         |        0        1        2        3        4        5        6        7        8        9       10       11       12       13       14       15       16       17       18       19       20
-------------------------------------------------------------------------------------------------------------------------------------------------------------------------------------------------------------------------
       11|        0 -0.00368 -0.00805   -0.012  -0.0154  -0.0182  -0.0204  -0.0221  -0.0232  -0.0239  -0.0241  -0.0239  -0.0233  -0.0222  -0.0206  -0.0185  -0.0158  -0.0124 -0.00845 -0.00399        0
       10|        0 -0.00286 -0.00623 -0.00941  -0.0123  -0.0147  -0.0168  -0.0185  -0.0197  -0.0206   -0.021  -0.0211  -0.0207  -0.0198  -0.0185  -0.0166  -0.0141  -0.0111 -0.00757 -0.00374        0
        9|        0 -0.00249 -0.00537  -0.0081  -0.0106  -0.0128  -0.0146  -0.0161  -0.0173   -0.018  -0.0184  -0.0184   -0.018  -0.0172   -0.016  -0.0142   -0.012 -0.00939 -0.00635 -0.00305        0
        8|        0 -0.00219 -0.00467 -0.00706 -0.00924  -0.0112  -0.0128  -0.0142  -0.0152  -0.0159  -0.0162  -0.0162  -0.0158   -0.015  -0.0138  -0.0123  -0.0103 -0.00799 -0.00536 -0.00255        0
        7|        0 -0.00192 -0.00412 -0.00621 -0.00815 -0.00987  -0.0114  -0.0126  -0.0135  -0.0141  -0.0143  -0.0143  -0.0139  -0.0132  -0.0121  -0.0107 -0.00893 -0.00688 -0.00461 -0.00217        0
        6|        0 -0.00172 -0.00367 -0.00554 -0.00727 -0.00882  -0.0101  -0.0112   -0.012  -0.0126  -0.0128  -0.0128  -0.0124  -0.0117  -0.0107 -0.00941 -0.00784 -0.00603 -0.00402 -0.00189        0
        5|        0 -0.00155 -0.00332   -0.005 -0.00658 -0.00798 -0.00919  -0.0102  -0.0109  -0.0114  -0.0116  -0.0115  -0.0112  -0.0105  -0.0096 -0.00842   -0.007 -0.00536 -0.00357 -0.00167        0
        4|        0 -0.00142 -0.00304  -0.0046 -0.00604 -0.00734 -0.00844 -0.00936    -0.01  -0.0105  -0.0106  -0.0106  -0.0102 -0.00963 -0.00876 -0.00767 -0.00636 -0.00487 -0.00323 -0.00152        0
        3|        0 -0.00133 -0.00285  -0.0043 -0.00566 -0.00687 -0.00791 -0.00876  -0.0094  -0.0098 -0.00997 -0.00988 -0.00955 -0.00897 -0.00817 -0.00713 -0.00591 -0.00452   -0.003  -0.0014        0
        2|        0 -0.00126  -0.0027 -0.00409 -0.00537 -0.00652 -0.00751 -0.00832 -0.00892 -0.00931 -0.00946 -0.00938 -0.00905 -0.00851 -0.00773 -0.00675 -0.00558 -0.00427 -0.00283 -0.00133        0
        1|        0 -0.00105 -0.00226 -0.00342  -0.0045 -0.00547  -0.0063 -0.00698  -0.0075 -0.00782 -0.00795 -0.00788 -0.00762 -0.00715  -0.0065 -0.00567  -0.0047 -0.00358 -0.00238  -0.0011        0
        0|        0  0.00104  0.00224  0.00339  0.00446  0.00541  0.00624  0.00691  0.00742  0.00773  0.00787  0.00779  0.00753  0.00707  0.00643  0.00561  0.00464  0.00354  0.00235  0.00109        0

v (22x12): 
         |        0        1        2        3        4        5        6        7        8        9       10       11       12       13       14       15       16       17       18       19       20       21
-------------------------------------------------------------------------------------------------------------------------------------------------------------------------------------------------------------------------
       10|  -0.0177   0.0178   0.0205   0.0195   0.0179   0.0159   0.0136    0.011  0.00833  0.00549  0.00256-0.000453 -0.00353 -0.00667 -0.00984   -0.013   -0.016  -0.0188  -0.0211  -0.0225  -0.0204   0.0201
        9|  -0.0148    0.015   0.0171   0.0164   0.0151   0.0134   0.0115  0.00938  0.00707  0.00464   0.0021-0.000495 -0.00315 -0.00583  -0.0085  -0.0111  -0.0136  -0.0157  -0.0175  -0.0186  -0.0167   0.0164
        8|  -0.0123   0.0125   0.0142   0.0136   0.0126   0.0113  0.00967  0.00787  0.00593  0.00386  0.00171 -0.00051 -0.00276 -0.00502 -0.00724 -0.00938  -0.0113  -0.0131  -0.0145  -0.0153  -0.0136   0.0134
        7|  -0.0102   0.0103   0.0117   0.0112   0.0104  0.00932  0.00801  0.00653  0.00491  0.00318  0.00137-0.000482 -0.00237 -0.00424 -0.00607  -0.0078  -0.0094  -0.0108  -0.0119  -0.0125  -0.0111   0.0109
        6| -0.00827  0.00835  0.00953  0.00914  0.00847  0.00759  0.00653  0.00532    0.004  0.00258  0.00109-0.000439 -0.00198 -0.00351 -0.00499 -0.00639 -0.00765 -0.00874 -0.00959  -0.0101 -0.00889  0.00879
        5| -0.00657  0.00664  0.00756  0.00727  0.00674  0.00604   0.0052  0.00424  0.00318  0.00205 0.000849-0.000371 -0.00161 -0.00282   -0.004 -0.00509 -0.00609 -0.00693 -0.00759 -0.00796 -0.00701  0.00693
        4| -0.00503  0.00508   0.0058  0.00557  0.00517  0.00463  0.00399  0.00325  0.00244  0.00156 0.000644-0.000304 -0.00125 -0.00219 -0.00308 -0.00392 -0.00466  -0.0053 -0.00579 -0.00607 -0.00534  0.00528
        3| -0.00362  0.00366  0.00417  0.00402  0.00372  0.00334  0.00288  0.00235  0.00175  0.00112 0.000456-0.000222-0.000912 -0.00158 -0.00223 -0.00282 -0.00336 -0.00381 -0.00416 -0.00435 -0.00383  0.00379
        2|  -0.0023  0.00232  0.00266  0.00255  0.00237  0.00212  0.00184  0.00149  0.00112 0.000713 0.000293-0.000146-0.000579 -0.00101 -0.00142  -0.0018 -0.00213 -0.00242 -0.00264 -0.00277 -0.00242   0.0024
        1| -0.00105  0.00106  0.00121  0.00117  0.00108 0.000976 0.000837 0.000688 0.000512 0.000332 0.000133-6.09e-05-0.000265-0.000457-0.000649-0.000818-0.000978  -0.0011 -0.00121 -0.00126  -0.0011  0.00109
        0|        0        0        0        0        0        0        0        0        0        0        0        0        0        0        0        0        0        0        0        0        0        0

p (22x12): 
         |        0        1        2        3        4        5        6        7        8        9       10       11       12       13       14       15       16       17       18       19       20       21
-------------------------------------------------------------------------------------------------------------------------------------------------------------------------------------------------------------------------
       11|    -3.94    -3.94    -3.94    -3.94    -3.94    -3.94    -3.94    -3.94    -3.94    -3.94    -3.94    -3.94    -3.94    -3.93    -3.93    -3.93    -3.93    -3.93    -3.93    -3.93    -3.93    -3.93
       10|    -3.94    -3.94    -3.94    -3.94    -3.94    -3.94    -3.94    -3.94    -3.94    -3.94    -3.94    -3.94    -3.94    -3.93    -3.93    -3.93    -3.93    -3.93    -3.93    -3.93    -3.93    -3.93
        9|    -3.94    -3.94    -3.94    -3.94    -3.94    -3.94    -3.94    -3.94    -3.94    -3.94    -3.94    -3.94    -3.94    -3.94    -3.93    -3.93    -3.93    -3.93    -3.93    -3.93    -3.93    -3.93
        8|    -3.94    -3.94    -3.94    -3.94    -3.94    -3.94    -3.94    -3.94    -3.94    -3.94    -3.94    -3.94    -3.94    -3.94    -3.93    -3.93    -3.93    -3.93    -3.93    -3.93    -3.93    -3.93
        7|    -3.94    -3.94    -3.94    -3.94    -3.94    -3.94    -3.94    -3.94    -3.94    -3.94    -3.94    -3.94    -3.94    -3.94    -3.93    -3.93    -3.93    -3.93    -3.93    -3.93    -3.93    -3.93
        6|    -3.94    -3.94    -3.94    -3.94    -3.94    -3.94    -3.94    -3.94    -3.94    -3.94    -3.94    -3.94    -3.94    -3.94    -3.93    -3.93    -3.93    -3.93    -3.93    -3.93    -3.93    -3.93
        5|    -3.94    -3.94    -3.94    -3.94    -3.94    -3.94    -3.94    -3.94    -3.94    -3.94    -3.94    -3.94    -3.94    -3.94    -3.94    -3.93    -3.93    -3.93    -3.93    -3.93    -3.93    -3.93
        4|    -3.94    -3.94    -3.94    -3.94    -3.94    -3.94    -3.94    -3.94    -3.94    -3.94    -3.94    -3.94    -3.94    -3.94    -3.94    -3.93    -3.93    -3.93    -3.93    -3.93    -3.93    -3.93
        3|    -3.94    -3.94    -3.94    -3.94    -3.94    -3.94    -3.94    -3.94    -3.94    -3.94    -3.94    -3.94    -3.94    -3.94    -3.94    -3.93    -3.93    -3.93    -3.93    -3.93    -3.93    -3.93
        2|    -3.94    -3.94    -3.94    -3.94    -3.94    -3.94    -3.94    -3.94    -3.94    -3.94    -3.94    -3.94    -3.94    -3.94    -3.94    -3.94    -3.93    -3.93    -3.93    -3.93    -3.93    -3.93
        1|    -3.94    -3.94    -3.94    -3.94    -3.94    -3.94    -3.94    -3.94    -3.94    -3.94    -3.94    -3.94    -3.94    -3.94    -3.94    -3.94    -3.93    -3.93    -3.93    -3.93    -3.93    -3.93
        0|    -3.94    -3.94    -3.94    -3.94    -3.94    -3.94    -3.94    -3.94    -3.94    -3.94    -3.94    -3.94    -3.94    -3.94    -3.94    -3.94    -3.93    -3.93    -3.93    -3.93    -3.93    -3.93

F (22x12): 
         |        0        1        2        3        4        5        6        7        8        9       10       11       12       13       14       15       16       17       18       19       20
-------------------------------------------------------------------------------------------------------------------------------------------------------------------------------------------------------------------------
       11|        0        0        0        0        0        0        0        0        0        0        0        0        0        0        0        0        0        0        0        0        0
       10|        0 -0.00284 -0.00618 -0.00931  -0.0121  -0.0146  -0.0166  -0.0182  -0.0195  -0.0203  -0.0207  -0.0208  -0.0204  -0.0196  -0.0182  -0.0164  -0.0139  -0.0109 -0.00745 -0.00368        0
        9|        0 -0.00248 -0.00532 -0.00801  -0.0105  -0.0126  -0.0145  -0.0159  -0.0171  -0.0178  -0.0182  -0.0182  -0.0178   -0.017  -0.0157   -0.014  -0.0119 -0.00925 -0.00626 -0.00301        0
        8|        0 -0.00217 -0.00463 -0.00699 -0.00914  -0.0111  -0.0127   -0.014   -0.015  -0.0157   -0.016   -0.016  -0.0156  -0.0148  -0.0136  -0.0121  -0.0102 -0.00787 -0.00529 -0.00252        0
        7|        0 -0.00191 -0.00408 -0.00615 -0.00806 -0.00976  -0.0112  -0.0124  -0.0133  -0.0139  -0.0142  -0.0141  -0.0137   -0.013  -0.0119  -0.0105  -0.0088 -0.00679 -0.00454 -0.00214        0
        6|        0  -0.0017 -0.00363 -0.00548 -0.00719 -0.00872    -0.01  -0.0111  -0.0119  -0.0124  -0.0127  -0.0126  -0.0122  -0.0115  -0.0105 -0.00928 -0.00773 -0.00595 -0.00396 -0.00187        0
        5|        0 -0.00153 -0.00328 -0.00495  -0.0065 -0.00788 -0.00908    -0.01  -0.0108  -0.0112  -0.0114  -0.0114   -0.011  -0.0104 -0.00947  -0.0083  -0.0069 -0.00529 -0.00352 -0.00165        0
        4|        0 -0.00141 -0.00301 -0.00455 -0.00597 -0.00725 -0.00834 -0.00924  -0.0099  -0.0103  -0.0105  -0.0104  -0.0101  -0.0095 -0.00864 -0.00757 -0.00627 -0.00481 -0.00319  -0.0015        0
        3|        0 -0.00132 -0.00282 -0.00425 -0.00559 -0.00678 -0.00782 -0.00865 -0.00928 -0.00967 -0.00984 -0.00975 -0.00943 -0.00885 -0.00806 -0.00704 -0.00583 -0.00446 -0.00296 -0.00139        0
        2|        0 -0.00125 -0.00267 -0.00404  -0.0053 -0.00644 -0.00742 -0.00822 -0.00881 -0.00919 -0.00933 -0.00925 -0.00893 -0.00839 -0.00762 -0.00666 -0.00551 -0.00421 -0.00279 -0.00131        0
        1|        0 -0.00103 -0.00223 -0.00337 -0.00444 -0.00539 -0.00621 -0.00688 -0.00738  -0.0077 -0.00783 -0.00776  -0.0075 -0.00703  -0.0064 -0.00558 -0.00462 -0.00352 -0.00234 -0.00109        0
        0|        0  0.00104  0.00224  0.00339  0.00446  0.00541  0.00624  0.00691  0.00742  0.00773  0.00787  0.00779  0.00753  0.00707  0.00643  0.00561  0.00464  0.00354  0.00235  0.00109        0

G (22x12): 
         |        0        1        2        3        4        5        6        7        8        9       10       11       12       13       14       15       16       17       18       19       20       21
-------------------------------------------------------------------------------------------------------------------------------------------------------------------------------------------------------------------------
       10|  -0.0177   0.0176   0.0202   0.0193   0.0177   0.0157   0.0134   0.0109  0.00817  0.00536  0.00247-0.000494 -0.00352  -0.0066  -0.0097  -0.0128  -0.0157  -0.0184  -0.0206   -0.022  -0.0199   0.0201
        9|  -0.0148   0.0148   0.0169   0.0162   0.0149   0.0133   0.0113  0.00923  0.00694  0.00454  0.00204-0.000525 -0.00315 -0.00578 -0.00841   -0.011  -0.0134  -0.0155  -0.0173  -0.0184  -0.0164   0.0164
        8|  -0.0123   0.0123    0.014   0.0135   0.0124   0.0111  0.00953  0.00775  0.00583  0.00379  0.00166 -0.00053 -0.00275 -0.00498 -0.00716 -0.00927  -0.0112  -0.0129  -0.0143  -0.0151  -0.0134   0.0134
        7|  -0.0102   0.0101   0.0116   0.0111   0.0103  0.00919  0.00789  0.00643  0.00483  0.00312  0.00133-0.000495 -0.00236  -0.0042 -0.00601 -0.00771 -0.00928  -0.0106  -0.0117  -0.0123  -0.0109   0.0109
        6| -0.00827  0.00823   0.0094  0.00903  0.00836  0.00749  0.00644  0.00524  0.00394  0.00253  0.00107-0.000447 -0.00197 -0.00348 -0.00493 -0.00631 -0.00755 -0.00863 -0.00946 -0.00996 -0.00875  0.00879
        5| -0.00657  0.00654  0.00747  0.00718  0.00665  0.00596  0.00513  0.00418  0.00313  0.00201 0.000827-0.000377  -0.0016 -0.00279 -0.00396 -0.00503 -0.00601 -0.00684 -0.00749 -0.00786  -0.0069  0.00693
        4| -0.00503    0.005  0.00573   0.0055   0.0051  0.00457  0.00394  0.00321   0.0024  0.00153 0.000629-0.000307 -0.00124 -0.00217 -0.00305 -0.00387 -0.00461 -0.00523 -0.00571 -0.00599 -0.00525  0.00528
        3| -0.00362   0.0036  0.00412  0.00397  0.00367   0.0033  0.00284  0.00231  0.00173  0.00111 0.000445-0.000224-0.000905 -0.00156  -0.0022 -0.00279 -0.00332 -0.00376 -0.00411  -0.0043 -0.00377  0.00379
        2|  -0.0023  0.00229  0.00263  0.00252  0.00234   0.0021  0.00181  0.00147   0.0011 0.000701 0.000287-0.000147-0.000574   -0.001  -0.0014 -0.00178 -0.00211 -0.00239 -0.00261 -0.00273 -0.00239   0.0024
        1| -0.00105  0.00104   0.0012  0.00116  0.00107 0.000965 0.000828 0.000679 0.000505 0.000327 0.000131-6.18e-05-0.000264-0.000454-0.000643-0.000811-0.000968 -0.00109 -0.00119 -0.00125 -0.00109  0.00109
        0|        0        0        0        0        0        0        0        0        0        0        0        0        0        0        0        0        0        0        0        0        0        0

rhs (22x12): 
         |        0        1        2        3        4        5        6        7        8        9       10       11       12       13       14       15       16       17       18       19       20       21
-------------------------------------------------------------------------------------------------------------------------------------------------------------------------------------------------------------------------
       11|        0        0        0        0        0        0        0        0        0        0        0        0        0        0        0        0        0        0        0        0        0        0
       10|        0 -0.00476  0.00946  0.00114  0.00531 -0.00367 0.000779 -0.00721 -0.00126 -0.00742 0.000572 -0.00343  0.00726  0.00677   0.0212   0.0244    0.042   0.0472   0.0647   0.0658   0.0695        0
        9|        0 -0.00216 -0.00398  0.00253 -0.00394  0.00271 -0.00374   0.0029 -0.00359  0.00301 -0.00354  0.00294 -0.00371  0.00274 -0.00395  0.00243 -0.00432  0.00203 -0.00468  0.00204  0.00358        0
        8|        0 -0.00616  0.00297 -0.00362    0.003 -0.00348  0.00316 -0.00333  0.00329 -0.00323  0.00334 -0.00329   0.0032 -0.00343  0.00302 -0.00366  0.00274 -0.00395  0.00249 -0.00396  0.00801        0
        7|        0-0.000485 -0.00334  0.00321 -0.00329  0.00334 -0.00315  0.00348 -0.00303  0.00357 -0.00298  0.00353 -0.00308  0.00342 -0.00322  0.00323 -0.00344  0.00301 -0.00363    0.003  0.00266        0
        6|        0 -0.00484  0.00342 -0.00315  0.00347 -0.00303   0.0036  -0.0029  0.00371 -0.00282  0.00377 -0.00284  0.00369 -0.00293  0.00357 -0.00308  0.00339 -0.00327  0.00322 -0.00331  0.00724        0
        5|        0 0.000539 -0.00303  0.00355 -0.00296  0.00367 -0.00283  0.00379 -0.00272  0.00388 -0.00267  0.00388 -0.00272   0.0038 -0.00283  0.00366 -0.00299  0.00349 -0.00314  0.00345  0.00202        0
        4|        0 -0.00407  0.00364 -0.00292   0.0037 -0.00281  0.00383 -0.00268  0.00394 -0.00259    0.004 -0.00259  0.00395 -0.00266  0.00385 -0.00279   0.0037 -0.00295  0.00356 -0.00301  0.00673        0
        3|        0  0.00111 -0.00288  0.00372 -0.00281  0.00383 -0.00268  0.00395 -0.00257  0.00404 -0.00251  0.00405 -0.00254  0.00398 -0.00264  0.00386 -0.00279  0.00371 -0.00292  0.00366  0.00163        0
        2|        0 -0.00365  0.00377  -0.0028  0.00382 -0.00271  0.00393  -0.0026  0.00403 -0.00252  0.00408  -0.0025  0.00406 -0.00256  0.00397 -0.00267  0.00384 -0.00281  0.00372 -0.00287  0.00647        0
        1|        0  0.00392  0.00135  0.00622  0.00114   0.0059 0.000733   0.0054 0.000158  0.00475-0.000555  0.00397 -0.00137  0.00314 -0.00221  0.00233 -0.00297  0.00165 -0.00353  0.00129 0.000594        0
        0|        0        0        0        0        0        0        0        0        0        0        0        0        0        0        0        0        0        0        0        0        0        0

