t: 0.633598
nCells: 20x10, dx: 0.1, dy: 0.1

u (22x12): 
         |        0        1        2        3        4        5        6        7        8        9       10       11       12       13       14       15       16       17       18       19       20
-------------------------------------------------------------------------------------------------------------------------------------------------------------------------------------------------------------------------
       11|        0 -0.00169 -0.00342 -0.00498 -0.00631  -0.0074 -0.00826  -0.0089 -0.00933 -0.00958 -0.00967 -0.00958 -0.00933  -0.0089 -0.00827 -0.00742 -0.00634   -0.005 -0.00344  -0.0017        0
       10|        0  -0.0014 -0.00284 -0.00416 -0.00531 -0.00629 -0.00708 -0.00768 -0.00811 -0.00837 -0.00846  -0.0084 -0.00817 -0.00776 -0.00718  -0.0064 -0.00542 -0.00426 -0.00291 -0.00145        0
        9|        0 -0.00119 -0.00241 -0.00355 -0.00456 -0.00543 -0.00614  -0.0067  -0.0071 -0.00734 -0.00742 -0.00736 -0.00714 -0.00676 -0.00622 -0.00551 -0.00464 -0.00362 -0.00247 -0.00122        0
        8|        0 -0.00103 -0.00208 -0.00307 -0.00395 -0.00473 -0.00537 -0.00587 -0.00623 -0.00646 -0.00654 -0.00647 -0.00627 -0.00592 -0.00542 -0.00479 -0.00401 -0.00312 -0.00212 -0.00105        0
        7|        0-0.000894 -0.00181 -0.00268 -0.00346 -0.00415 -0.00473 -0.00519 -0.00552 -0.00572 -0.00579 -0.00573 -0.00554 -0.00522 -0.00477  -0.0042 -0.00351 -0.00272 -0.00184-0.000909        0
        6|        0 -0.00079  -0.0016 -0.00237 -0.00307 -0.00369 -0.00421 -0.00463 -0.00493 -0.00511 -0.00518 -0.00512 -0.00494 -0.00465 -0.00424 -0.00372  -0.0031  -0.0024 -0.00162-0.000801        0
        5|        0-0.000708 -0.00144 -0.00213 -0.00276 -0.00332  -0.0038 -0.00418 -0.00445 -0.00462 -0.00468 -0.00463 -0.00447  -0.0042 -0.00382 -0.00335 -0.00279 -0.00215 -0.00145-0.000716        0
        4|        0-0.000647 -0.00131 -0.00195 -0.00253 -0.00304 -0.00348 -0.00383 -0.00409 -0.00425  -0.0043 -0.00425  -0.0041 -0.00385  -0.0035 -0.00306 -0.00255 -0.00196 -0.00132-0.000653        0
        3|        0-0.000602 -0.00122 -0.00181 -0.00236 -0.00284 -0.00325 -0.00358 -0.00382 -0.00397 -0.00402 -0.00397 -0.00383 -0.00359 -0.00327 -0.00286 -0.00237 -0.00183 -0.00123-0.000607        0
        2|        0-0.000573 -0.00116 -0.00173 -0.00225 -0.00271  -0.0031 -0.00342 -0.00365 -0.00379 -0.00384 -0.00379 -0.00365 -0.00343 -0.00311 -0.00272 -0.00226 -0.00174 -0.00117-0.000577        0
        1|        0-0.000527 -0.00107 -0.00159 -0.00207  -0.0025 -0.00286 -0.00315 -0.00337  -0.0035 -0.00354  -0.0035 -0.00337 -0.00316 -0.00287 -0.00251 -0.00208  -0.0016 -0.00108-0.000531        0
        0|        0 0.000509  0.00103  0.00153  0.00199   0.0024  0.00275  0.00303  0.00324  0.00337  0.00341  0.00337  0.00325  0.00304  0.00276  0.00241    0.002  0.00154  0.00104 0.000512        0

v (22x12): 
         |        0        1        2        3        4        5        6        7        8        9       10       11       12       13       14       15       16       17       18       19       20       21
-------------------------------------------------------------------------------------------------------------------------------------------------------------------------------------------------------------------------
       10| -0.00806  0.00837   0.0086  0.00807  0.00731  0.00637  0.00533   0.0042  0.00304  0.00186 0.000662 -0.00054 -0.00174 -0.00294 -0.00413 -0.00528 -0.00637 -0.00735 -0.00815 -0.00871 -0.00851  0.00818
        9| -0.00671  0.00697  0.00717  0.00675  0.00615   0.0054  0.00454   0.0036  0.00261   0.0016 0.000566-0.000473 -0.00151 -0.00254 -0.00355 -0.00451  -0.0054 -0.00618 -0.00681 -0.00725 -0.00706  0.00679
        8| -0.00556  0.00577  0.00595  0.00562  0.00513  0.00453  0.00382  0.00305  0.00222  0.00136 0.000479-0.000409 -0.00129 -0.00216 -0.00301  -0.0038 -0.00453 -0.00516 -0.00566   -0.006 -0.00584  0.00562
        7| -0.00457  0.00474  0.00489  0.00463  0.00424  0.00375  0.00318  0.00254  0.00185  0.00114 0.000399-0.000346 -0.00109 -0.00181 -0.00251 -0.00316 -0.00375 -0.00426 -0.00466 -0.00493 -0.00479  0.00461
        6| -0.00371  0.00385  0.00397  0.00377  0.00346  0.00307   0.0026  0.00208  0.00152 0.000934 0.000327-0.000288-0.000897 -0.00149 -0.00206 -0.00259 -0.00307 -0.00347 -0.00379   -0.004 -0.00388  0.00373
        5| -0.00295  0.00306  0.00316    0.003  0.00276  0.00245  0.00208  0.00167  0.00122 0.000749 0.000261-0.000232-0.000723  -0.0012 -0.00165 -0.00207 -0.00245 -0.00276 -0.00301 -0.00318 -0.00308  0.00297
        4| -0.00226  0.00235  0.00243  0.00231  0.00212  0.00189  0.00161  0.00129 0.000945 0.000579 0.000202-0.000181 -0.00056-0.000929 -0.00128  -0.0016 -0.00189 -0.00213 -0.00232 -0.00244 -0.00236  0.00228
        3| -0.00164   0.0017  0.00176  0.00167  0.00154  0.00137  0.00117 0.000939 0.000688 0.000422 0.000146-0.000132-0.000409-0.000676-0.000931 -0.00116 -0.00137 -0.00154 -0.00168 -0.00177 -0.00171  0.00165
        2| -0.00106   0.0011  0.00114  0.00108 0.000998 0.000888 0.000757 0.000608 0.000446 0.000273 9.54e-05 -8.6e-05-0.000265-0.000439-0.000603-0.000754-0.000887-0.000999 -0.00109 -0.00114 -0.00111  0.00107
        1| -0.00051 0.000529 0.000546  0.00052 0.000479 0.000427 0.000363 0.000293 0.000214 0.000132 4.56e-05-4.07e-05-0.000127 -0.00021 -0.00029-0.000362-0.000426-0.000479-0.000521-0.000548-0.000531 0.000512
        0|        0        0        0        0        0        0        0        0        0        0        0        0        0        0        0        0        0        0        0        0        0        0

p (22x12): 
         |        0        1        2        3        4        5        6        7        8        9       10       11       12       13       14       15       16       17       18       19       20       21
-------------------------------------------------------------------------------------------------------------------------------------------------------------------------------------------------------------------------
       11|     -0.2     -0.2     -0.2   -0.199   -0.198   -0.197   -0.196   -0.195   -0.194   -0.192   -0.191   -0.189   -0.188   -0.186   -0.185   -0.184   -0.182   -0.181    -0.18    -0.18    -0.18    -0.18
       10|   -0.198   -0.198   -0.198   -0.198   -0.197   -0.196   -0.195   -0.194   -0.193   -0.192   -0.191   -0.189   -0.188   -0.187   -0.186   -0.184   -0.183   -0.183   -0.182   -0.181   -0.181   -0.181
        9|   -0.197   -0.197   -0.197   -0.197   -0.196   -0.196   -0.195   -0.194   -0.193   -0.192   -0.191   -0.189   -0.188   -0.187   -0.186   -0.185   -0.184   -0.183   -0.183   -0.183   -0.182   -0.182
        8|   -0.196   -0.196   -0.196   -0.196   -0.195   -0.195   -0.194   -0.193   -0.192   -0.191    -0.19   -0.189   -0.188   -0.187   -0.187   -0.186   -0.185   -0.184   -0.184   -0.183   -0.183   -0.183
        7|   -0.196   -0.196   -0.195   -0.195   -0.195   -0.194   -0.194   -0.193   -0.192   -0.191    -0.19   -0.189   -0.189   -0.188   -0.187   -0.186   -0.185   -0.185   -0.185   -0.184   -0.184   -0.184
        6|   -0.195   -0.195   -0.195   -0.195   -0.194   -0.194   -0.193   -0.193   -0.192   -0.191    -0.19   -0.189   -0.189   -0.188   -0.187   -0.187   -0.186   -0.185   -0.185   -0.185   -0.185   -0.185
        5|   -0.194   -0.194   -0.194   -0.194   -0.194   -0.193   -0.193   -0.192   -0.192   -0.191    -0.19    -0.19   -0.189   -0.188   -0.187   -0.187   -0.186   -0.186   -0.186   -0.185   -0.185   -0.185
        4|   -0.194   -0.194   -0.194   -0.194   -0.193   -0.193   -0.193   -0.192   -0.191   -0.191    -0.19    -0.19   -0.189   -0.188   -0.188   -0.187   -0.187   -0.186   -0.186   -0.186   -0.186   -0.186
        3|   -0.194   -0.194   -0.194   -0.193   -0.193   -0.193   -0.192   -0.192   -0.191   -0.191    -0.19    -0.19   -0.189   -0.188   -0.188   -0.187   -0.187   -0.186   -0.186   -0.186   -0.186   -0.186
        2|   -0.194   -0.194   -0.193   -0.193   -0.193   -0.193   -0.192   -0.192   -0.191   -0.191    -0.19    -0.19   -0.189   -0.188   -0.188   -0.187   -0.187   -0.187   -0.186   -0.186   -0.186   -0.186
        1|   -0.194   -0.194   -0.193   -0.193   -0.193   -0.193   -0.192   -0.192   -0.191   -0.191    -0.19    -0.19   -0.189   -0.188   -0.188   -0.187   -0.187   -0.187   -0.186   -0.186   -0.186   -0.186
        0|   -0.194   -0.194   -0.193   -0.193   -0.193   -0.193   -0.192   -0.192   -0.191   -0.191    -0.19    -0.19   -0.189   -0.188   -0.188   -0.187   -0.187   -0.187   -0.186   -0.186   -0.186   -0.186

F (22x12): 
         |        0        1        2        3        4        5        6        7        8        9       10       11       12       13       14       15       16       17       18       19       20
-------------------------------------------------------------------------------------------------------------------------------------------------------------------------------------------------------------------------
       11|        0        0        0        0        0        0        0        0        0        0        0        0        0        0        0        0        0        0        0        0        0
       10|        0 -0.00135 -0.00273   -0.004 -0.00511 -0.00605  -0.0068 -0.00738 -0.00779 -0.00804 -0.00813 -0.00806 -0.00784 -0.00745 -0.00689 -0.00614 -0.00521 -0.00408  -0.0028 -0.00139        0
        9|        0 -0.00115 -0.00232 -0.00341 -0.00439 -0.00522  -0.0059 -0.00644 -0.00682 -0.00705 -0.00713 -0.00706 -0.00685 -0.00649 -0.00597 -0.00529 -0.00446 -0.00348 -0.00237 -0.00118        0
        8|        0 -0.00099   -0.002 -0.00295  -0.0038 -0.00454 -0.00516 -0.00564 -0.00599  -0.0062 -0.00628 -0.00622 -0.00602 -0.00568 -0.00521  -0.0046 -0.00385 -0.00299 -0.00203 -0.00101        0
        7|        0-0.000861 -0.00174 -0.00258 -0.00333 -0.00399 -0.00454 -0.00498  -0.0053 -0.00549 -0.00556  -0.0055 -0.00532 -0.00501 -0.00458 -0.00403 -0.00337 -0.00261 -0.00177-0.000874        0
        6|        0-0.000761 -0.00154 -0.00228 -0.00295 -0.00355 -0.00405 -0.00444 -0.00473 -0.00491 -0.00497 -0.00492 -0.00475 -0.00447 -0.00407 -0.00357 -0.00298  -0.0023 -0.00156 -0.00077        0
        5|        0-0.000682 -0.00138 -0.00205 -0.00266 -0.00319 -0.00365 -0.00401 -0.00428 -0.00444  -0.0045 -0.00445 -0.00429 -0.00403 -0.00367 -0.00321 -0.00268 -0.00206  -0.0014-0.000689        0
        4|        0-0.000623 -0.00126 -0.00187 -0.00243 -0.00292 -0.00334 -0.00368 -0.00393 -0.00408 -0.00413 -0.00408 -0.00394 -0.00369 -0.00336 -0.00294 -0.00244 -0.00188 -0.00127-0.000628        0
        3|        0-0.000579 -0.00118 -0.00174 -0.00227 -0.00273 -0.00312 -0.00344 -0.00367 -0.00381 -0.00386 -0.00382 -0.00368 -0.00345 -0.00314 -0.00274 -0.00228 -0.00175 -0.00119-0.000584        0
        2|        0-0.000552 -0.00112 -0.00166 -0.00216  -0.0026 -0.00298 -0.00328  -0.0035 -0.00364 -0.00368 -0.00364 -0.00351 -0.00329 -0.00299 -0.00261 -0.00217 -0.00167 -0.00113-0.000556        0
        1|        0-0.000506 -0.00103 -0.00153 -0.00198 -0.00239 -0.00274 -0.00302 -0.00322 -0.00335 -0.00339 -0.00335 -0.00323 -0.00303 -0.00275  -0.0024 -0.00199 -0.00153 -0.00104 -0.00051        0
        0|        0 0.000509  0.00103  0.00153  0.00199   0.0024  0.00275  0.00303  0.00324  0.00337  0.00341  0.00337  0.00325  0.00304  0.00276  0.00241    0.002  0.00154  0.00104 0.000512        0

G (22x12): 
         |        0        1        2        3        4        5        6        7        8        9       10       11       12       13       14       15       16       17       18       19       20       21
-------------------------------------------------------------------------------------------------------------------------------------------------------------------------------------------------------------------------
       10| -0.00806  0.00801  0.00825  0.00774    0.007  0.00611   0.0051  0.00402  0.00291  0.00177 0.000627-0.000525 -0.00168 -0.00282 -0.00396 -0.00506  -0.0061 -0.00703 -0.00779 -0.00833 -0.00811  0.00818
        9| -0.00671  0.00667  0.00688  0.00648   0.0059  0.00518  0.00435  0.00345  0.00251  0.00153 0.000538 -0.00046 -0.00146 -0.00244 -0.00341 -0.00433 -0.00518 -0.00593 -0.00654 -0.00696 -0.00676  0.00679
        8| -0.00556  0.00553  0.00571  0.00539  0.00493  0.00434  0.00367  0.00292  0.00213   0.0013 0.000456-0.000397 -0.00125 -0.00208 -0.00289 -0.00365 -0.00435 -0.00495 -0.00543 -0.00576 -0.00559  0.00562
        7| -0.00457  0.00455   0.0047  0.00445  0.00407   0.0036  0.00305  0.00244  0.00178  0.00109  0.00038-0.000335 -0.00105 -0.00174 -0.00241 -0.00304 -0.00361 -0.00409 -0.00448 -0.00474 -0.00459  0.00461
        6| -0.00371  0.00369  0.00382  0.00362  0.00332  0.00294   0.0025    0.002  0.00146 0.000894 0.000312-0.000279-0.000864 -0.00144 -0.00198 -0.00249 -0.00294 -0.00333 -0.00364 -0.00384 -0.00372  0.00373
        5| -0.00295  0.00293  0.00303  0.00288  0.00265  0.00235    0.002   0.0016  0.00117 0.000718 0.000249-0.000224-0.000696 -0.00115 -0.00159 -0.00199 -0.00235 -0.00265 -0.00289 -0.00305 -0.00295  0.00297
        4| -0.00226  0.00225  0.00233  0.00221  0.00204  0.00181  0.00154  0.00124 0.000907 0.000555 0.000193-0.000175-0.000539-0.000893 -0.00123 -0.00154 -0.00181 -0.00204 -0.00222 -0.00235 -0.00227  0.00228
        3| -0.00164  0.00163  0.00169  0.00161  0.00148  0.00132  0.00112 0.000901  0.00066 0.000405  0.00014-0.000127-0.000393 -0.00065-0.000895 -0.00112 -0.00132 -0.00148 -0.00161  -0.0017 -0.00164  0.00165
        2| -0.00106  0.00106  0.00109  0.00104 0.000959 0.000853 0.000728 0.000584 0.000429 0.000262 9.12e-05-8.32e-05-0.000255-0.000422 -0.00058-0.000725-0.000852 -0.00096 -0.00104  -0.0011 -0.00106  0.00107
        1| -0.00051 0.000508 0.000526   0.0005 0.000461 0.000411  0.00035 0.000282 0.000206 0.000127 4.36e-05-3.95e-05-0.000123-0.000203-0.000279-0.000348 -0.00041-0.000461-0.000502-0.000528 -0.00051 0.000512
        0|        0        0        0        0        0        0        0        0        0        0        0        0        0        0        0        0        0        0        0        0        0        0

rhs (22x12): 
         |        0        1        2        3        4        5        6        7        8        9       10       11       12       13       14       15       16       17       18       19       20       21
-------------------------------------------------------------------------------------------------------------------------------------------------------------------------------------------------------------------------
       11|        0        0        0        0        0        0        0        0        0        0        0        0        0        0        0        0        0        0        0        0        0        0
       10|        0 -0.00668  -0.0033 -0.00421 -0.00333 -0.00408 -0.00296  -0.0034 -0.00195 -0.00205-0.000255-2.93e-05  0.00217  0.00289  0.00556   0.0067  0.00968   0.0109   0.0136   0.0142   0.0174        0
        9|        0 -0.00205-0.000596 0.000274 -0.00057 0.000312-0.000531 0.000349  -0.0005 0.000371-0.000488 0.000362-0.000509 0.000342-0.000537 0.000305-0.000581 0.000258-0.000625 0.000238  0.00199        0
        8|        0  -0.0023 0.000339-0.000519 0.000358 -0.00049 0.000388-0.000461 0.000412-0.000444 0.000423-0.000451 0.000406-0.000466 0.000384-0.000494 0.000352-0.000529  0.00032-0.000544  0.00237        0
        7|        0 -0.00134-0.000476 0.000393-0.000459 0.000417-0.000434 0.000441-0.000413 0.000457-0.000404 0.000451-0.000417 0.000439-0.000435 0.000415-0.000462 0.000388-0.000487 0.000375   0.0015        0
        6|        0 -0.00175 0.000423-0.000436 0.000437-0.000415  0.00046-0.000393 0.000479-0.000379 0.000487-0.000383 0.000477-0.000393 0.000461-0.000414 0.000437-0.000438 0.000415-0.000451  0.00198        0
        5|        0-0.000923-0.000418 0.000451-0.000403 0.000471-0.000382 0.000491-0.000364 0.000505-0.000356 0.000503-0.000364 0.000493-0.000379 0.000474-0.000401 0.000452-0.000421  0.00044  0.00119        0
        4|        0 -0.00144 0.000463-0.000396 0.000476-0.000377 0.000497-0.000357 0.000514-0.000344 0.000523-0.000345 0.000516-0.000354 0.000501-0.000373  0.00048-0.000394 0.000461-0.000407  0.00173        0
        3|        0-0.000691-0.000391 0.000478-0.000377 0.000497-0.000357 0.000516 -0.00034  0.00053-0.000331  0.00053-0.000337 0.000521-0.000352 0.000502-0.000372 0.000482-0.000391  0.00047    0.001        0
        2|        0 -0.00128 0.000482-0.000379 0.000494-0.000361 0.000513-0.000343 0.000529 -0.00033 0.000537-0.000328 0.000533-0.000337 0.000519-0.000355   0.0005-0.000375 0.000482-0.000387   0.0016        0
        1|        0 0.000493 0.000899   0.0015  0.00078  0.00134 0.000573  0.00109 0.000299 0.000792-1.93e-05 0.000461-0.000357 0.000125-0.000684-0.000184-0.000966-0.000429 -0.00117-0.000575 5.78e-05        0
        0|        0        0        0        0        0        0        0        0        0        0        0        0        0        0        0        0        0        0        0        0        0        0

