t: 0.301991
nCells: 20x10, dx: 0.1, dy: 0.1

u (22x12): 
         |        0        1        2        3        4        5        6        7        8        9       10       11       12       13       14       15       16       17       18       19       20
-------------------------------------------------------------------------------------------------------------------------------------------------------------------------------------------------------------------------
       11|        0-0.000825 -0.00164 -0.00237 -0.00299  -0.0035  -0.0039  -0.0042  -0.0044 -0.00452 -0.00456 -0.00452  -0.0044  -0.0042 -0.00391 -0.00351   -0.003 -0.00237 -0.00164-0.000827        0
       10|        0-0.000691 -0.00137 -0.00199 -0.00254   -0.003 -0.00336 -0.00364 -0.00384 -0.00395 -0.00399 -0.00396 -0.00384 -0.00365 -0.00337 -0.00301 -0.00255   -0.002 -0.00138-0.000695        0
        9|        0-0.000586 -0.00117  -0.0017 -0.00218 -0.00259 -0.00292 -0.00318 -0.00336 -0.00347  -0.0035 -0.00347 -0.00336 -0.00318 -0.00293 -0.00259 -0.00219 -0.00171 -0.00117-0.000589        0
        8|        0-0.000503   -0.001 -0.00147 -0.00189 -0.00225 -0.00255 -0.00278 -0.00295 -0.00305 -0.00309 -0.00305 -0.00295 -0.00279 -0.00255 -0.00226 -0.00189 -0.00147 -0.00101-0.000505        0
        7|        0-0.000438-0.000873 -0.00128 -0.00165 -0.00198 -0.00225 -0.00246 -0.00261  -0.0027 -0.00274 -0.00271 -0.00261 -0.00246 -0.00225 -0.00198 -0.00166 -0.00129-0.000876-0.000439        0
        6|        0-0.000386-0.000771 -0.00113 -0.00146 -0.00175   -0.002 -0.00219 -0.00233 -0.00242 -0.00245 -0.00242 -0.00233 -0.00219   -0.002 -0.00176 -0.00147 -0.00114-0.000773-0.000387        0
        5|        0-0.000346-0.000692 -0.00102 -0.00132 -0.00158  -0.0018 -0.00198 -0.00211 -0.00219 -0.00221 -0.00219 -0.00211 -0.00198  -0.0018 -0.00158 -0.00132 -0.00102-0.000693-0.000347        0
        4|        0-0.000316-0.000631-0.000929  -0.0012 -0.00145 -0.00165 -0.00182 -0.00193 -0.00201 -0.00203 -0.00201 -0.00194 -0.00182 -0.00165 -0.00145  -0.0012-0.000931-0.000632-0.000316        0
        3|        0-0.000294-0.000587-0.000866 -0.00112 -0.00135 -0.00154  -0.0017 -0.00181 -0.00188  -0.0019 -0.00188 -0.00181  -0.0017 -0.00154 -0.00135 -0.00112-0.000867-0.000588-0.000294        0
        2|        0 -0.00028-0.000559-0.000824 -0.00107 -0.00129 -0.00147 -0.00162 -0.00173 -0.00179 -0.00181 -0.00179 -0.00173 -0.00162 -0.00147 -0.00129 -0.00107-0.000825 -0.00056 -0.00028        0
        1|        0-0.000266-0.000532-0.000784 -0.00102 -0.00122  -0.0014 -0.00154 -0.00164 -0.00171 -0.00173 -0.00171 -0.00164 -0.00154  -0.0014 -0.00122 -0.00102-0.000785-0.000532-0.000266        0
        0|        0 0.000243 0.000486 0.000717 0.000929  0.00112  0.00128  0.00141   0.0015  0.00156  0.00158  0.00156   0.0015  0.00141  0.00128  0.00112  0.00093 0.000718 0.000487 0.000244        0

v (22x12): 
         |        0        1        2        3        4        5        6        7        8        9       10       11       12       13       14       15       16       17       18       19       20       21
-------------------------------------------------------------------------------------------------------------------------------------------------------------------------------------------------------------------------
       10| -0.00375  0.00411  0.00408  0.00382  0.00345    0.003   0.0025  0.00196  0.00141 0.000851 0.000288-0.000276 -0.00084  -0.0014 -0.00196 -0.00249   -0.003 -0.00345 -0.00382 -0.00409 -0.00412  0.00376
        9| -0.00312  0.00342   0.0034  0.00319   0.0029  0.00254  0.00213  0.00168  0.00122 0.000736 0.000249 -0.00024-0.000727 -0.00121 -0.00168 -0.00213 -0.00254  -0.0029  -0.0032 -0.00341 -0.00342  0.00313
        8| -0.00259  0.00283  0.00282  0.00266  0.00242  0.00213   0.0018  0.00143  0.00103 0.000627 0.000212-0.000205-0.000621 -0.00103 -0.00142 -0.00179 -0.00213 -0.00243 -0.00266 -0.00283 -0.00283  0.00259
        7| -0.00213  0.00233  0.00232  0.00219  0.00201  0.00177   0.0015  0.00119 0.000866 0.000526 0.000178-0.000173-0.000521-0.000862 -0.00119 -0.00149 -0.00177 -0.00201 -0.00219 -0.00232 -0.00233  0.00213
        6| -0.00173  0.00189  0.00189  0.00178  0.00164  0.00145  0.00123 0.000979 0.000713 0.000434 0.000147-0.000143 -0.00043 -0.00071-0.000977 -0.00122 -0.00145 -0.00164 -0.00178 -0.00189 -0.00189  0.00173
        5| -0.00137   0.0015   0.0015  0.00142   0.0013  0.00116 0.000982 0.000785 0.000573 0.000349 0.000118-0.000115-0.000346 -0.00057-0.000784-0.000981 -0.00116  -0.0013 -0.00142  -0.0015  -0.0015  0.00137
        4| -0.00106  0.00116  0.00115  0.00109  0.00101 0.000893 0.000759 0.000608 0.000444  0.00027 9.15e-05-8.93e-05-0.000268-0.000442-0.000607-0.000758-0.000893 -0.00101  -0.0011 -0.00116 -0.00116  0.00106
        3|-0.000768 0.000839 0.000839 0.000796 0.000732 0.000651 0.000553 0.000444 0.000324 0.000198 6.68e-05-6.52e-05-0.000196-0.000323-0.000443-0.000553 -0.00065-0.000732-0.000796 -0.00084 -0.00084 0.000768
        2|-0.000499 0.000545 0.000546 0.000518 0.000476 0.000423 0.000361 0.000289 0.000211 0.000129 4.37e-05-4.26e-05-0.000128-0.000211-0.000288 -0.00036-0.000423-0.000476-0.000518-0.000546-0.000546 0.000499
        1|-0.000244 0.000266 0.000266 0.000252 0.000232 0.000207 0.000176 0.000141 0.000103  6.3e-05 2.13e-05-2.07e-05-6.25e-05-0.000103-0.000141-0.000176-0.000207-0.000232-0.000252-0.000266-0.000266 0.000244
        0|        0        0        0        0        0        0        0        0        0        0        0        0        0        0        0        0        0        0        0        0        0        0

p (22x12): 
         |        0        1        2        3        4        5        6        7        8        9       10       11       12       13       14       15       16       17       18       19       20       21
-------------------------------------------------------------------------------------------------------------------------------------------------------------------------------------------------------------------------
       11|   -0.024   -0.024  -0.0238  -0.0232  -0.0224  -0.0214  -0.0201  -0.0188  -0.0173  -0.0158  -0.0142  -0.0126   -0.011 -0.00949 -0.00801 -0.00664 -0.00541 -0.00436 -0.00353 -0.00295 -0.00267 -0.00267
       10|  -0.0226  -0.0226  -0.0223  -0.0218  -0.0212  -0.0203  -0.0192  -0.0181  -0.0168  -0.0155  -0.0141  -0.0127  -0.0113 -0.00999 -0.00871 -0.00754 -0.00649  -0.0056  -0.0049 -0.00443 -0.00419 -0.00419
        9|  -0.0213  -0.0213  -0.0211  -0.0207  -0.0201  -0.0194  -0.0185  -0.0175  -0.0164  -0.0152   -0.014  -0.0128  -0.0116  -0.0104  -0.0093 -0.00828 -0.00737 -0.00661 -0.00602 -0.00561 -0.00541 -0.00541
        8|  -0.0203  -0.0203  -0.0202  -0.0198  -0.0193  -0.0186  -0.0179   -0.017   -0.016   -0.015  -0.0139  -0.0129  -0.0118  -0.0108 -0.00979  -0.0089 -0.00811 -0.00746 -0.00694  -0.0066 -0.00642 -0.00642
        7|  -0.0195  -0.0195  -0.0193   -0.019  -0.0186   -0.018  -0.0173  -0.0166  -0.0157  -0.0148  -0.0139  -0.0129   -0.012  -0.0111  -0.0102 -0.00942 -0.00873 -0.00815 -0.00771 -0.00741 -0.00726 -0.00726
        6|  -0.0188  -0.0188  -0.0187  -0.0184   -0.018  -0.0175  -0.0169  -0.0162  -0.0155  -0.0147  -0.0138   -0.013  -0.0121  -0.0113  -0.0105 -0.00985 -0.00923 -0.00872 -0.00833 -0.00806 -0.00793 -0.00793
        5|  -0.0183  -0.0183  -0.0182  -0.0179  -0.0176  -0.0171  -0.0166   -0.016  -0.0153  -0.0145  -0.0138   -0.013  -0.0122  -0.0115  -0.0108  -0.0102 -0.00964 -0.00918 -0.00882 -0.00859 -0.00847 -0.00847
        4|  -0.0179  -0.0179  -0.0178  -0.0175  -0.0172  -0.0168  -0.0163  -0.0157  -0.0151  -0.0144  -0.0137   -0.013  -0.0123  -0.0117   -0.011  -0.0104 -0.00995 -0.00953  -0.0092 -0.00899 -0.00888 -0.00888
        3|  -0.0176  -0.0176  -0.0175  -0.0173   -0.017  -0.0166  -0.0161  -0.0156   -0.015  -0.0144  -0.0137  -0.0131  -0.0124  -0.0118  -0.0112  -0.0106  -0.0102 -0.00978 -0.00948 -0.00928 -0.00918 -0.00918
        2|  -0.0174  -0.0174  -0.0173  -0.0171  -0.0168  -0.0164   -0.016  -0.0155  -0.0149  -0.0143  -0.0137  -0.0131  -0.0124  -0.0118  -0.0113  -0.0108  -0.0103 -0.00995 -0.00966 -0.00947 -0.00937 -0.00937
        1|  -0.0173  -0.0173  -0.0172   -0.017  -0.0167  -0.0164  -0.0159  -0.0154  -0.0149  -0.0143  -0.0137  -0.0131  -0.0125  -0.0119  -0.0113  -0.0108  -0.0104    -0.01 -0.00974 -0.00956 -0.00946 -0.00946
        0|  -0.0173  -0.0173  -0.0172   -0.017  -0.0167  -0.0164  -0.0159  -0.0154  -0.0149  -0.0143  -0.0137  -0.0131  -0.0125  -0.0119  -0.0113  -0.0108  -0.0104    -0.01 -0.00974 -0.00956 -0.00946 -0.00946

F (22x12): 
         |        0        1        2        3        4        5        6        7        8        9       10       11       12       13       14       15       16       17       18       19       20
-------------------------------------------------------------------------------------------------------------------------------------------------------------------------------------------------------------------------
       11|        0        0        0        0        0        0        0        0        0        0        0        0        0        0        0        0        0        0        0        0        0
       10|        0-0.000632 -0.00125 -0.00182 -0.00232 -0.00273 -0.00307 -0.00332  -0.0035 -0.00361 -0.00364 -0.00361  -0.0035 -0.00333 -0.00308 -0.00274 -0.00233 -0.00183 -0.00126-0.000635        0
        9|        0-0.000536 -0.00106 -0.00155 -0.00199 -0.00236 -0.00266  -0.0029 -0.00306 -0.00316 -0.00319 -0.00316 -0.00307  -0.0029 -0.00267 -0.00237 -0.00199 -0.00156 -0.00107-0.000538        0
        8|        0 -0.00046-0.000916 -0.00134 -0.00172 -0.00205 -0.00233 -0.00254 -0.00269 -0.00278 -0.00281 -0.00278 -0.00269 -0.00254 -0.00233 -0.00206 -0.00173 -0.00134-0.000918-0.000462        0
        7|        0  -0.0004-0.000798 -0.00117 -0.00151  -0.0018 -0.00205 -0.00224 -0.00238 -0.00247 -0.00249 -0.00247 -0.00238 -0.00224 -0.00205 -0.00181 -0.00151 -0.00117-0.000799-0.000401        0
        6|        0-0.000353-0.000704 -0.00103 -0.00134  -0.0016 -0.00182   -0.002 -0.00213  -0.0022 -0.00223 -0.00221 -0.00213   -0.002 -0.00183  -0.0016 -0.00134 -0.00104-0.000706-0.000354        0
        5|        0-0.000316-0.000631-0.000929  -0.0012 -0.00144 -0.00164 -0.00181 -0.00192 -0.00199 -0.00202 -0.00199 -0.00192 -0.00181 -0.00165 -0.00144  -0.0012 -0.00093-0.000632-0.000317        0
        4|        0-0.000289-0.000576-0.000848  -0.0011 -0.00132 -0.00151 -0.00166 -0.00176 -0.00183 -0.00185 -0.00183 -0.00177 -0.00166 -0.00151 -0.00132  -0.0011-0.000849-0.000577-0.000289        0
        3|        0-0.000268-0.000536 -0.00079 -0.00102 -0.00123 -0.00141 -0.00155 -0.00165 -0.00171 -0.00173 -0.00171 -0.00165 -0.00155 -0.00141 -0.00123 -0.00102-0.000791-0.000537-0.000269        0
        2|        0-0.000256 -0.00051-0.000752-0.000975 -0.00117 -0.00134 -0.00148 -0.00157 -0.00163 -0.00165 -0.00163 -0.00157 -0.00148 -0.00134 -0.00117-0.000975-0.000753-0.000511-0.000256        0
        1|        0-0.000242-0.000484-0.000713-0.000925 -0.00111 -0.00127  -0.0014 -0.00149 -0.00155 -0.00157 -0.00155 -0.00149  -0.0014 -0.00127 -0.00111-0.000925-0.000714-0.000485-0.000243        0
        0|        0 0.000243 0.000486 0.000717 0.000929  0.00112  0.00128  0.00141   0.0015  0.00156  0.00158  0.00156   0.0015  0.00141  0.00128  0.00112  0.00093 0.000718 0.000487 0.000244        0

G (22x12): 
         |        0        1        2        3        4        5        6        7        8        9       10       11       12       13       14       15       16       17       18       19       20       21
-------------------------------------------------------------------------------------------------------------------------------------------------------------------------------------------------------------------------
       10| -0.00375  0.00373  0.00371  0.00347  0.00314  0.00273  0.00227  0.00178  0.00128 0.000773  0.00026-0.000253-0.000765 -0.00128 -0.00178 -0.00227 -0.00272 -0.00314 -0.00348 -0.00372 -0.00373  0.00376
        9| -0.00312  0.00311   0.0031  0.00291  0.00264  0.00232  0.00194  0.00153  0.00111  0.00067 0.000226 -0.00022-0.000664  -0.0011 -0.00153 -0.00194 -0.00232 -0.00265 -0.00292 -0.00311 -0.00311  0.00313
        8| -0.00259  0.00257  0.00257  0.00242  0.00221  0.00194  0.00164   0.0013 0.000942 0.000571 0.000193-0.000188-0.000566-0.000938  -0.0013 -0.00164 -0.00194 -0.00221 -0.00243 -0.00258 -0.00258  0.00259
        7| -0.00213  0.00212  0.00212    0.002  0.00183  0.00161  0.00136  0.00109 0.000789 0.000479 0.000162-0.000158-0.000476-0.000786 -0.00108 -0.00136 -0.00161 -0.00183   -0.002 -0.00212 -0.00212  0.00213
        6| -0.00173  0.00172  0.00172  0.00163  0.00149  0.00132  0.00112 0.000892  0.00065 0.000395 0.000133-0.000131-0.000392-0.000647-0.000891 -0.00112 -0.00132 -0.00149 -0.00163 -0.00172 -0.00172  0.00173
        5| -0.00137  0.00137  0.00137   0.0013  0.00119  0.00105 0.000895 0.000716 0.000522 0.000318 0.000107-0.000105-0.000316 -0.00052-0.000715-0.000894 -0.00105 -0.00119  -0.0013 -0.00137 -0.00137  0.00137
        4| -0.00106  0.00105  0.00105 0.000998 0.000918 0.000814 0.000692 0.000554 0.000404 0.000246 8.32e-05-8.17e-05-0.000245-0.000403-0.000553-0.000692-0.000814-0.000918-0.000999 -0.00105 -0.00105  0.00106
        3|-0.000768 0.000764 0.000766 0.000726 0.000668 0.000593 0.000505 0.000405 0.000295  0.00018 6.07e-05-5.97e-05-0.000179-0.000295-0.000404-0.000504-0.000593-0.000668-0.000726-0.000766-0.000764 0.000768
        2|-0.000499 0.000497 0.000498 0.000472 0.000435 0.000386 0.000329 0.000264 0.000193 0.000117 3.97e-05 -3.9e-05-0.000117-0.000192-0.000263-0.000329-0.000386-0.000435-0.000473-0.000498-0.000497 0.000499
        1|-0.000244 0.000242 0.000243 0.000231 0.000212 0.000189 0.000161 0.000129 9.42e-05 5.75e-05 1.94e-05 -1.9e-05-5.71e-05-9.39e-05-0.000129-0.000161-0.000189-0.000212-0.000231-0.000243-0.000243 0.000244
        0|        0        0        0        0        0        0        0        0        0        0        0        0        0        0        0        0        0        0        0        0        0        0

rhs (22x12): 
         |        0        1        2        3        4        5        6        7        8        9       10       11       12       13       14       15       16       17       18       19       20       21
-------------------------------------------------------------------------------------------------------------------------------------------------------------------------------------------------------------------------
       11|        0        0        0        0        0        0        0        0        0        0        0        0        0        0        0        0        0        0        0        0        0        0
       10|        0 -0.00387  -0.0025 -0.00251 -0.00222 -0.00211 -0.00171 -0.00151 -0.00103-0.000753-0.000197  0.00014 0.000773   0.0012  0.00192  0.00242  0.00317  0.00364  0.00429  0.00455    0.006        0
        9|        0 -0.00106-0.000103  2.4e-05-9.68e-05  3.2e-05-8.86e-05 3.96e-05-8.23e-05 4.42e-05-7.96e-05 4.22e-05-8.37e-05 3.87e-05-8.91e-05 3.15e-05-9.76e-05 2.24e-05-0.000106 1.66e-05  0.00101        0
        8|        0-0.000982 3.66e-05-8.64e-05 4.11e-05-8.04e-05 4.73e-05-7.46e-05 5.23e-05-7.09e-05 5.44e-05-7.24e-05 5.12e-05-7.52e-05  4.7e-05-8.07e-05 4.06e-05-8.74e-05 3.43e-05-9.16e-05 0.000962        0
        7|        0-0.000758 -7.8e-05 4.82e-05-7.42e-05 5.31e-05 -6.9e-05  5.8e-05-6.48e-05 6.11e-05-6.29e-05    6e-05-6.55e-05 5.77e-05 -6.9e-05 5.31e-05-7.43e-05 4.77e-05-7.93e-05 4.44e-05 0.000758        0
        6|        0-0.000749 5.38e-05-6.96e-05 5.71e-05-6.53e-05 6.17e-05-6.09e-05 6.55e-05 -5.8e-05 6.73e-05-5.87e-05 6.52e-05-6.08e-05  6.2e-05-6.49e-05 5.74e-05-6.96e-05 5.31e-05-7.26e-05 0.000763        0
        5|        0-0.000576-6.61e-05 5.99e-05-6.29e-05 6.39e-05-5.86e-05 6.81e-05 -5.5e-05 7.08e-05-5.33e-05 7.04e-05 -5.5e-05 6.84e-05 -5.8e-05 6.46e-05-6.23e-05 6.03e-05-6.63e-05 5.75e-05   0.0006        0
        4|        0-0.000611 6.21e-05-6.15e-05  6.5e-05-5.76e-05 6.92e-05-5.36e-05 7.27e-05-5.09e-05 7.43e-05-5.11e-05 7.29e-05 -5.3e-05    7e-05-5.67e-05 6.59e-05-6.09e-05 6.21e-05-6.36e-05 0.000641        0
        3|        0-0.000475-6.05e-05 6.54e-05-5.75e-05 6.92e-05-5.35e-05 7.31e-05   -5e-05 7.58e-05-4.84e-05 7.58e-05-4.96e-05 7.39e-05-5.25e-05 7.03e-05-5.65e-05 6.63e-05-6.01e-05 6.36e-05  0.00051        0
        2|        0-0.000541 6.58e-05-5.79e-05 6.86e-05-5.43e-05 7.25e-05-5.05e-05 7.58e-05-4.79e-05 7.74e-05-4.76e-05 7.65e-05-4.95e-05 7.37e-05 -5.3e-05 6.98e-05 -5.7e-05 6.62e-05-5.96e-05 0.000579        0
        1|        0 6.68e-05 0.000461  0.00053 0.000402  0.00045 0.000302 0.000333 0.000172 0.000193 2.34e-05 3.98e-05-0.000131-0.000112-0.000277-0.000249-0.000401-0.000357-0.000489-0.000421 4.06e-06        0
        0|        0        0        0        0        0        0        0        0        0        0        0        0        0        0        0        0        0        0        0        0        0        0

