t: 0.0500311
nCells: 20x10, dx: 0.1, dy: 0.1

u (22x12): 
         |        0        1        2        3        4        5        6        7        8        9       10       11       12       13       14       15       16       17       18       19       20
-------------------------------------------------------------------------------------------------------------------------------------------------------------------------------------------------------------------------
       11|        0        2        2        2        2        2        2        2        2        2        2        2        2        2        2        2        2        2        2        2        0
       10|        0  0.00494  0.00688  0.00778  0.00825  0.00852  0.00869   0.0088  0.00887  0.00891  0.00892  0.00891  0.00887   0.0088  0.00869  0.00852  0.00825  0.00778  0.00688  0.00494        0
        9|        0   -0.002 -0.00203 -0.00176 -0.00152 -0.00133  -0.0012 -0.00111 -0.00106 -0.00103 -0.00102 -0.00103 -0.00106 -0.00111  -0.0012 -0.00133 -0.00152 -0.00176 -0.00203   -0.002        0
        8|        0-0.000962  -0.0013 -0.00133 -0.00127 -0.00119 -0.00111 -0.00105 -0.00102-0.000992-0.000985-0.000992 -0.00102 -0.00105 -0.00111 -0.00119 -0.00127 -0.00133  -0.0013-0.000962        0
        7|        0-0.000541-0.000858-0.000993 -0.00103 -0.00102-0.000991-0.000964-0.000944-0.000931-0.000926-0.000931-0.000944-0.000964-0.000991 -0.00102 -0.00103-0.000993-0.000858-0.000541        0
        6|        0-0.000346-0.000599-0.000752-0.000829-0.000862-0.000871-0.000869-0.000864 -0.00086-0.000858 -0.00086-0.000864-0.000869-0.000871-0.000862-0.000829-0.000752  -0.0006-0.000346        0
        5|        0-0.000242-0.000442-0.000585-0.000677-0.000731-0.000761-0.000777-0.000784-0.000787-0.000788-0.000787-0.000784-0.000777-0.000761-0.000731-0.000677-0.000585-0.000443-0.000243        0
        4|        0-0.000182-0.000343-0.000469-0.000562-0.000625-0.000667-0.000693-0.000708-0.000716-0.000718-0.000716-0.000708-0.000693-0.000667-0.000625-0.000562 -0.00047-0.000343-0.000182        0
        3|        0-0.000145-0.000277-0.000388-0.000476-0.000541-0.000587-0.000619-0.000639 -0.00065-0.000654 -0.00065-0.000639-0.000619-0.000587-0.000541-0.000476-0.000388-0.000277-0.000145        0
        2|        0 -0.00012-0.000233-0.000331-0.000412-0.000475-0.000523-0.000557 -0.00058-0.000593-0.000597-0.000593 -0.00058-0.000557-0.000523-0.000475-0.000412-0.000331-0.000233 -0.00012        0
        1|        0-0.000104-0.000202 -0.00029-0.000365-0.000425-0.000472-0.000507 -0.00053-0.000544-0.000548-0.000544 -0.00053-0.000507-0.000472-0.000425-0.000365 -0.00029-0.000202-0.000104        0
        0|        0-8.64e-05-0.000169-0.000244 -0.00031-0.000364-0.000408 -0.00044-0.000463-0.000476-0.000481-0.000476-0.000463 -0.00044-0.000408-0.000364 -0.00031-0.000244-0.000169-8.64e-05        0

v (22x12): 
         |        0        1        2        3        4        5        6        7        8        9       10       11       12       13       14       15       16       17       18       19       20       21
-------------------------------------------------------------------------------------------------------------------------------------------------------------------------------------------------------------------------
       10|        0        0        0        0        0        0        0        0        0        0        0        0        0        0        0        0        0        0        0        0        0        0
        9| -0.00249  0.00494  0.00194 0.000893 0.000472 0.000275 0.000171 0.000109 6.73e-05 3.69e-05 1.18e-05-1.17e-05-3.68e-05-6.72e-05-0.000109-0.000171-0.000275-0.000471-0.000893 -0.00194 -0.00494  0.00249
        8| -0.00148  0.00295  0.00191  0.00116 0.000719 0.000459   0.0003 0.000196 0.000124 6.85e-05  2.2e-05-2.19e-05-6.84e-05-0.000124-0.000196  -0.0003-0.000459-0.000719 -0.00116 -0.00191 -0.00295  0.00148
        7| -0.00101  0.00198  0.00157  0.00113 0.000785 0.000543 0.000374 0.000253 0.000163 9.14e-05 2.95e-05-2.94e-05-9.13e-05-0.000163-0.000253-0.000374-0.000543-0.000785 -0.00113 -0.00157 -0.00198  0.00101
        6| -0.00074  0.00144  0.00125 0.000992 0.000751 0.000554 0.000399 0.000279 0.000184 0.000104 3.39e-05-3.38e-05-0.000104-0.000184-0.000279-0.000399-0.000554-0.000751-0.000992 -0.00125 -0.00144  0.00074
        5|-0.000571   0.0011 0.000997  0.00084 0.000673 0.000521  0.00039 0.000281 0.000189 0.000109 3.54e-05-3.54e-05-0.000109-0.000189-0.000281 -0.00039-0.000521-0.000673 -0.00084-0.000997  -0.0011 0.000571
        4|-0.000455 0.000855 0.000797 0.000697 0.000582 0.000467  0.00036 0.000266 0.000182 0.000106 3.47e-05-3.46e-05-0.000106-0.000182-0.000266 -0.00036-0.000467-0.000582-0.000697-0.000797-0.000855 0.000455
        3|-0.000369 0.000672 0.000636 0.000571 0.000489 0.000403 0.000319  0.00024 0.000166 9.76e-05 3.22e-05-3.21e-05-9.76e-05-0.000166 -0.00024-0.000319-0.000403-0.000489-0.000571-0.000636-0.000672 0.000369
        2|-0.000303 0.000527 0.000504  0.00046 0.000402 0.000338 0.000272 0.000208 0.000146 8.64e-05 2.86e-05-2.86e-05-8.64e-05-0.000146-0.000208-0.000272-0.000338-0.000402 -0.00046-0.000504-0.000527 0.000303
        1|-0.000251 0.000407 0.000392 0.000362 0.000321 0.000274 0.000225 0.000174 0.000123 7.36e-05 2.44e-05-2.44e-05-7.35e-05-0.000123-0.000174-0.000225-0.000274-0.000321-0.000362-0.000392-0.000407 0.000251
        0|-0.000208 0.000511 0.000494 0.000461 0.000415  0.00036 0.000299 0.000234 0.000168 0.000101 3.36e-05-3.36e-05-0.000101-0.000168-0.000234-0.000299 -0.00036-0.000415-0.000461-0.000494-0.000511 0.000208

p (22x12): 
         |        0        1        2        3        4        5        6        7        8        9       10       11       12       13       14       15       16       17       18       19       20       21
-------------------------------------------------------------------------------------------------------------------------------------------------------------------------------------------------------------------------
       11|  -0.0378  -0.0378  -0.0277  -0.0215   -0.017  -0.0135  -0.0106 -0.00797 -0.00556 -0.00327 -0.00106  0.00114  0.00335  0.00563  0.00805   0.0107   0.0136   0.0171   0.0216   0.0278   0.0378   0.0378
       10|  -0.0378  -0.0378  -0.0277  -0.0215   -0.017  -0.0135  -0.0106 -0.00797 -0.00556 -0.00327 -0.00106  0.00114  0.00335  0.00563  0.00805   0.0107   0.0136   0.0171   0.0216   0.0278   0.0378   0.0378
        9|  -0.0278  -0.0278  -0.0238  -0.0197  -0.0161   -0.013  -0.0103 -0.00776 -0.00543  -0.0032 -0.00103  0.00111  0.00328  0.00551  0.00784   0.0103   0.0131   0.0162   0.0198   0.0239   0.0279   0.0279
        8|   -0.022   -0.022    -0.02  -0.0174  -0.0147  -0.0121 -0.00968 -0.00738 -0.00519 -0.00307-0.000992  0.00107  0.00315  0.00527  0.00746  0.00976   0.0122   0.0148   0.0175   0.0201   0.0221   0.0221
        7|   -0.018   -0.018   -0.017  -0.0152  -0.0132  -0.0111 -0.00896  -0.0069 -0.00488  -0.0029-0.000937  0.00102  0.00298  0.00496  0.00698  0.00905   0.0111   0.0133   0.0153    0.017   0.0181   0.0181
        6|  -0.0152  -0.0152  -0.0145  -0.0133  -0.0117    -0.01 -0.00821 -0.00638 -0.00454  -0.0027-0.000874 0.000955  0.00279  0.00462  0.00646  0.00829   0.0101   0.0118   0.0134   0.0146   0.0153   0.0153
        5|  -0.0131  -0.0131  -0.0126  -0.0117  -0.0105 -0.00903 -0.00748 -0.00586 -0.00419 -0.00251-0.000809  0.00089  0.00259  0.00427  0.00594  0.00756  0.00911   0.0105   0.0118   0.0127   0.0132   0.0132
        4|  -0.0115  -0.0115  -0.0111  -0.0104 -0.00938 -0.00818 -0.00683 -0.00538 -0.00387 -0.00232-0.000747 0.000829   0.0024  0.00395  0.00546  0.00691  0.00826  0.00947   0.0105   0.0112   0.0116   0.0116
        3|  -0.0103  -0.0103 -0.00997 -0.00937 -0.00851 -0.00746 -0.00627 -0.00496 -0.00358 -0.00215-0.000692 0.000774  0.00223  0.00366  0.00504  0.00635  0.00755   0.0086  0.00945   0.0101   0.0104   0.0104
        2| -0.00939 -0.00939 -0.00912 -0.00859 -0.00784  -0.0069 -0.00582 -0.00462 -0.00334 -0.00201-0.000646 0.000728  0.00209  0.00342   0.0047   0.0059  0.00698  0.00792  0.00867   0.0092  0.00947  0.00947
        1| -0.00876 -0.00876 -0.00851 -0.00804 -0.00735 -0.00649 -0.00548 -0.00436 -0.00316  -0.0019 -0.00061 0.000691  0.00198  0.00324  0.00444  0.00556  0.00657  0.00743  0.00812   0.0086  0.00884  0.00884
        0| -0.00755 -0.00755 -0.00734 -0.00694 -0.00637 -0.00563 -0.00477  -0.0038 -0.00276 -0.00166 -0.00053 0.000611  0.00174  0.00284  0.00389  0.00485  0.00571  0.00645  0.00703  0.00743  0.00763  0.00763

F (22x12): 
         |        0        1        2        3        4        5        6        7        8        9       10       11       12       13       14       15       16       17       18       19       20
-------------------------------------------------------------------------------------------------------------------------------------------------------------------------------------------------------------------------
       11|        0        2        2        2        2        2        2        2        2        2        2        2        2        2        2        2        2        2        2        2        0
       10|        0  0.00747  0.00844  0.00888  0.00912  0.00926  0.00935  0.00941  0.00944  0.00946  0.00947  0.00946  0.00944  0.00941  0.00935  0.00926  0.00912  0.00889  0.00844  0.00747        0
        9|        0 -0.00099   -0.001-0.000865-0.000738-0.000644-0.000576-0.000531-0.000501-0.000484-0.000479-0.000484-0.000501-0.000531-0.000576-0.000643-0.000738-0.000865   -0.001-0.000988        0
        8|        0-0.000478-0.000643-0.000656 -0.00062-0.000575-0.000536-0.000506-0.000485-0.000472-0.000468-0.000472-0.000485-0.000506-0.000536-0.000575 -0.00062-0.000656-0.000643-0.000478        0
        7|        0-0.000267-0.000421-0.000485-0.000498 -0.00049-0.000474-0.000459-0.000447 -0.00044-0.000437 -0.00044-0.000447-0.000459-0.000474 -0.00049-0.000498-0.000485-0.000421-0.000267        0
        6|        0-0.000169-0.000291-0.000363-0.000398-0.000411-0.000412-0.000409-0.000405-0.000402-0.000401-0.000402-0.000405-0.000409-0.000412-0.000411-0.000398-0.000363-0.000291-0.000169        0
        5|        0-0.000116-0.000211-0.000278-0.000319-0.000343-0.000355 -0.00036-0.000362-0.000362-0.000362-0.000362-0.000362 -0.00036-0.000355-0.000343-0.000319-0.000278-0.000211-0.000116        0
        4|        0-8.56e-05 -0.00016-0.000218-0.000259-0.000287-0.000304-0.000314 -0.00032-0.000323-0.000324-0.000323 -0.00032-0.000314-0.000304-0.000287-0.000259-0.000218 -0.00016-8.55e-05        0
        3|        0-6.58e-05-0.000125-0.000175-0.000213-0.000241 -0.00026-0.000273-0.000281-0.000286-0.000287-0.000286-0.000281-0.000273 -0.00026-0.000241-0.000213-0.000175-0.000125-6.58e-05        0
        2|        0-5.23e-05-0.000101-0.000143-0.000177-0.000204-0.000223-0.000237-0.000246-0.000251-0.000253-0.000251-0.000246-0.000237-0.000223-0.000204-0.000177-0.000143-0.000101-5.23e-05        0
        1|        0-4.26e-05-8.27e-05-0.000118-0.000149-0.000173-0.000192-0.000206-0.000215-0.000221-0.000222-0.000221-0.000215-0.000206-0.000192-0.000173-0.000149-0.000118-8.27e-05-4.26e-05        0
        0|        0        0        0        0        0        0        0        0        0        0        0        0        0        0        0        0        0        0        0        0        0

G (22x12): 
         |        0        1        2        3        4        5        6        7        8        9       10       11       12       13       14       15       16       17       18       19       20       21
-------------------------------------------------------------------------------------------------------------------------------------------------------------------------------------------------------------------------
       10|        0        0        0        0        0        0        0        0        0        0        0        0        0        0        0        0        0        0        0        0        0        0
        9| -0.00249  0.00246 0.000975 0.000451 0.000239 0.000141 8.81e-05 5.64e-05 3.51e-05 1.93e-05 6.18e-06-6.17e-06-1.93e-05-3.51e-05-5.63e-05 -8.8e-05-0.000141-0.000239 -0.00045-0.000974 -0.00246  0.00249
        8| -0.00148  0.00148 0.000961 0.000588 0.000366 0.000236 0.000155 0.000102 6.48e-05  3.6e-05 1.16e-05-1.16e-05 -3.6e-05-6.48e-05-0.000102-0.000155-0.000236-0.000366-0.000588-0.000961 -0.00148  0.00148
        7| -0.00101    0.001 0.000796 0.000574 0.000403  0.00028 0.000194 0.000133 8.59e-05 4.83e-05 1.56e-05-1.56e-05-4.83e-05-8.59e-05-0.000133-0.000195 -0.00028-0.000403-0.000574-0.000796   -0.001  0.00101
        6| -0.00074 0.000736 0.000641 0.000511 0.000389 0.000289  0.00021 0.000148 9.79e-05 5.58e-05 1.81e-05-1.81e-05-5.58e-05-9.79e-05-0.000148 -0.00021-0.000289-0.000389-0.000511-0.000641-0.000736  0.00074
        5|-0.000571 0.000568 0.000519 0.000439 0.000354 0.000276 0.000208 0.000151 0.000102 5.89e-05 1.92e-05-1.93e-05-5.89e-05-0.000102-0.000151-0.000208-0.000276-0.000354-0.000439-0.000519-0.000568 0.000571
        4|-0.000455 0.000452 0.000424 0.000373 0.000313 0.000253 0.000196 0.000146   0.0001 5.85e-05 1.92e-05-1.92e-05-5.85e-05  -0.0001-0.000146-0.000196-0.000253-0.000313-0.000373-0.000424-0.000452 0.000455
        3|-0.000369 0.000367 0.000349 0.000315 0.000271 0.000225 0.000179 0.000135 9.44e-05 5.56e-05 1.84e-05-1.84e-05-5.56e-05-9.44e-05-0.000135-0.000179-0.000225-0.000271-0.000315-0.000349-0.000367 0.000369
        2|-0.000303 0.000302  0.00029 0.000265 0.000233 0.000197  0.00016 0.000123 8.64e-05 5.13e-05  1.7e-05 -1.7e-05-5.13e-05-8.64e-05-0.000123 -0.00016-0.000197-0.000233-0.000265 -0.00029-0.000302 0.000303
        1|-0.000251  0.00025 0.000241 0.000223 0.000199 0.000171  0.00014 0.000109 7.73e-05 4.62e-05 1.54e-05-1.54e-05-4.62e-05-7.73e-05-0.000109 -0.00014-0.000171-0.000199-0.000223-0.000241 -0.00025 0.000251
        0|-0.000208        0        0        0        0        0        0        0        0        0        0        0        0        0        0        0        0        0        0        0        0 0.000208

rhs (22x12): 
         |        0        1        2        3        4        5        6        7        8        9       10       11       12       13       14       15       16       17       18       19       20       21
-------------------------------------------------------------------------------------------------------------------------------------------------------------------------------------------------------------------------
       11|        0        0        0        0        0        0        0        0        0        0        0        0        0        0        0        0        0        0        0        0        0        0
       10|        0        2 -0.00178-0.000743-0.000379 -0.00024-0.000139-9.84e-05-5.15e-05-3.04e-05-2.77e-06 1.73e-05 3.97e-05  7.8e-05 0.000112 0.000192 0.000289 0.000521 0.000956  0.00201       -2        0
        9|        0 -0.00202 0.000212 0.000127 4.07e-05 3.99e-05 7.62e-06 1.91e-05 2.53e-06 9.71e-06 3.77e-06 6.62e-06 1.12e-05 4.33e-06 2.11e-05 1.25e-05 5.07e-05 6.93e-05 0.000203 0.000379  0.00197        0
        8|        0 -0.00102-7.91e-06-2.17e-05 1.05e-05-1.08e-05 1.05e-05-6.37e-06 6.56e-06-2.82e-06 1.36e-06 5.84e-07 -4.2e-06  3.6e-06-9.89e-06 5.42e-06-1.67e-05 2.12e-06-3.47e-05-3.17e-05 0.000858        0
        7|        0-0.000533-2.05e-05 1.13e-05-1.24e-05 1.19e-05-8.04e-06 8.67e-06-4.54e-06 3.91e-06-1.16e-06-1.46e-06 2.07e-06-6.98e-06 4.73e-06-1.25e-05 5.84e-06-1.93e-05 2.29e-06-3.07e-05 0.000518        0
        6|        0-0.000347 1.34e-05-1.31e-05 1.33e-05-9.41e-06 1.06e-05-6.12e-06 6.31e-06-2.83e-06 1.18e-06 4.51e-07-4.23e-06 3.47e-06-9.56e-06 5.77e-06-1.48e-05 6.57e-06-2.02e-05 5.08e-06 0.000312        0
        5|        0-0.000217-1.29e-05 1.47e-05-1.04e-05 1.24e-05 -7.5e-06 8.56e-06-4.41e-06 3.75e-06-1.17e-06-1.53e-06    2e-06-6.84e-06 4.79e-06-1.18e-05 6.83e-06-1.63e-05 7.73e-06-2.01e-05 0.000233        0
        4|        0-0.000176 1.61e-05-1.09e-05  1.4e-05-8.63e-06 1.07e-05-5.84e-06 6.22e-06-2.74e-06 1.12e-06 4.55e-07-4.17e-06 3.49e-06-9.25e-06 6.08e-06-1.38e-05 7.92e-06-1.74e-05 8.91e-06 0.000152        0
        3|        0-0.000115-1.12e-05 1.55e-05-9.52e-06 1.26e-05 -7.1e-06 8.55e-06-4.22e-06 3.71e-06-1.08e-06-1.51e-06 2.05e-06-6.68e-06 4.93e-06-1.14e-05 7.29e-06-1.53e-05 8.93e-06 -1.8e-05 0.000134        0
        2|        0-0.000109 1.67e-05-1.02e-05 1.43e-05 -8.2e-06 1.07e-05 -5.6e-06 6.21e-06 -2.6e-06 1.14e-06  5.5e-07-4.09e-06  3.6e-06-9.03e-06 6.29e-06-1.33e-05 8.39e-06-1.65e-05 9.77e-06 8.62e-05        0
        1|        0   0.0828   0.0804   0.0749   0.0674   0.0584   0.0484   0.0379   0.0271   0.0163  0.00543 -0.00543  -0.0163  -0.0271  -0.0379  -0.0484  -0.0584  -0.0674  -0.0749  -0.0804  -0.0828        0
        0|        0        0        0        0        0        0        0        0        0        0        0        0        0        0        0        0        0        0        0        0        0        0

