t: 1.35884
nCells: 20x10, dx: 0.1, dy: 0.1

u (22x12): 
         |        0        1        2        3        4        5        6        7        8        9       10       11       12       13       14       15       16       17       18       19       20
-------------------------------------------------------------------------------------------------------------------------------------------------------------------------------------------------------------------------
       11|        0     1.92     1.87     1.85     1.83     1.82     1.82     1.81     1.81     1.81      1.8      1.8      1.8      1.8     1.81     1.81     1.81     1.82     1.84     1.89        0
       10|        0   0.0829    0.129    0.155    0.171    0.181    0.188    0.192    0.195    0.197    0.198    0.199    0.199    0.199    0.198    0.196    0.191    0.182     0.16    0.109        0
        9|        0  -0.0314  -0.0337  -0.0296  -0.0251  -0.0213  -0.0184  -0.0163  -0.0148  -0.0139  -0.0134  -0.0133  -0.0135  -0.0141  -0.0153  -0.0171  -0.0196  -0.0226  -0.0252  -0.0226        0
        8|        0  -0.0157  -0.0251  -0.0287  -0.0294  -0.0289  -0.0282  -0.0274  -0.0269  -0.0265  -0.0264  -0.0266  -0.0271   -0.028  -0.0294  -0.0315  -0.0343  -0.0376  -0.0392  -0.0314        0
        7|        0 -0.00965  -0.0174   -0.022  -0.0243  -0.0253  -0.0257  -0.0257  -0.0257  -0.0257  -0.0258   -0.026  -0.0264   -0.027  -0.0278  -0.0288  -0.0298  -0.0301  -0.0278  -0.0191        0
        6|        0 -0.00668  -0.0129  -0.0173  -0.0202  -0.0219   -0.023  -0.0236   -0.024  -0.0243  -0.0245  -0.0247  -0.0249  -0.0251  -0.0252  -0.0252  -0.0247   -0.023   -0.019  -0.0112        0
        5|        0 -0.00505  -0.0101  -0.0141  -0.0171  -0.0192  -0.0207  -0.0217  -0.0224  -0.0228  -0.0231  -0.0233  -0.0233  -0.0232  -0.0228   -0.022  -0.0206   -0.018  -0.0138 -0.00738        0
        4|        0  -0.0041 -0.00837   -0.012   -0.015  -0.0172  -0.0189  -0.0201   -0.021  -0.0216  -0.0219   -0.022  -0.0219  -0.0215  -0.0208  -0.0195  -0.0176  -0.0148  -0.0107 -0.00546        0
        3|        0 -0.00353 -0.00729  -0.0106  -0.0135  -0.0158  -0.0176  -0.0189  -0.0199  -0.0205  -0.0209   -0.021  -0.0208  -0.0202  -0.0192  -0.0177  -0.0156  -0.0127 -0.00894 -0.00442        0
        2|        0 -0.00322 -0.00664 -0.00979  -0.0125  -0.0148  -0.0167  -0.0181  -0.0191  -0.0198  -0.0202  -0.0202  -0.0199  -0.0193  -0.0182  -0.0165  -0.0143  -0.0115 -0.00792 -0.00387        0
        1|        0 -0.00317 -0.00675 -0.00998  -0.0128  -0.0151  -0.0169  -0.0182  -0.0191  -0.0196  -0.0198  -0.0196  -0.0191  -0.0182   -0.017  -0.0152   -0.013  -0.0102 -0.00697 -0.00333        0
        0|        0 -0.00254 -0.00538 -0.00803  -0.0104  -0.0124  -0.0141  -0.0154  -0.0164   -0.017  -0.0173  -0.0173  -0.0169  -0.0162   -0.015  -0.0134  -0.0114 -0.00896  -0.0061   -0.003        0

v (22x12): 
         |        0        1        2        3        4        5        6        7        8        9       10       11       12       13       14       15       16       17       18       19       20       21
-------------------------------------------------------------------------------------------------------------------------------------------------------------------------------------------------------------------------
       10|        0        0        0        0        0        0        0        0        0        0        0        0        0        0        0        0        0        0        0        0        0        0
        9|  -0.0823   0.0829    0.046   0.0261   0.0158   0.0101  0.00661  0.00443    0.003  0.00202   0.0013 0.000732 0.000166-0.000409 -0.00111 -0.00224 -0.00443 -0.00935  -0.0213  -0.0512   -0.109    0.107
        8|   -0.051   0.0514   0.0437   0.0302   0.0204   0.0139   0.0095  0.00653  0.00446  0.00295   0.0018 0.000843-4.81e-05 -0.00103 -0.00226 -0.00404 -0.00695  -0.0124  -0.0239  -0.0485  -0.0867   0.0847
        7|  -0.0354   0.0357   0.0343   0.0267   0.0197   0.0143   0.0102  0.00725  0.00501   0.0033  0.00189 0.000666-0.000552 -0.00192 -0.00367  -0.0061 -0.00979  -0.0157  -0.0255  -0.0408  -0.0553   0.0539
        6|  -0.0258   0.0261   0.0266   0.0221   0.0174   0.0133  0.00988  0.00718  0.00503  0.00329  0.00181 0.000442 -0.00094 -0.00252 -0.00447  -0.0071  -0.0108   -0.016  -0.0232  -0.0321  -0.0361   0.0353
        5|  -0.0192   0.0194   0.0204   0.0177   0.0145   0.0115  0.00882  0.00655  0.00464  0.00303  0.00159 0.000246 -0.00115 -0.00272 -0.00463 -0.00706  -0.0102  -0.0143  -0.0193  -0.0243  -0.0249   0.0244
        4|  -0.0142   0.0143   0.0153   0.0137   0.0116  0.00938  0.00736  0.00554  0.00397  0.00257  0.00131 8.48e-05 -0.00118 -0.00259 -0.00426 -0.00629 -0.00878  -0.0117   -0.015  -0.0179  -0.0175   0.0172
        3|  -0.0101   0.0102    0.011     0.01  0.00862  0.00713  0.00566  0.00432   0.0031    0.002  0.00097-2.52e-05 -0.00106  -0.0022 -0.00352 -0.00506 -0.00687 -0.00889   -0.011  -0.0126  -0.0121   0.0119
        2|  -0.0066  0.00668  0.00729  0.00666  0.00579  0.00483  0.00387  0.00295  0.00212  0.00134 0.000613-0.000104-0.000839 -0.00164 -0.00255 -0.00358 -0.00474 -0.00599  -0.0072 -0.00814 -0.00765  0.00752
        1| -0.00342  0.00347  0.00386  0.00351  0.00305  0.00254  0.00202  0.00153  0.00107 0.000646 0.000243-0.000146-0.000549-0.000973 -0.00145 -0.00196 -0.00253 -0.00311 -0.00366 -0.00408 -0.00379  0.00374
        0|  -0.0153   0.0155   0.0172   0.0163   0.0149   0.0131   0.0111  0.00891  0.00662  0.00424  0.00181-0.000671 -0.00318 -0.00572 -0.00826  -0.0108  -0.0131  -0.0153  -0.0171  -0.0182  -0.0169   0.0166

p (22x12): 
         |        0        1        2        3        4        5        6        7        8        9       10       11       12       13       14       15       16       17       18       19       20       21
-------------------------------------------------------------------------------------------------------------------------------------------------------------------------------------------------------------------------
       11|    -2.07    -2.07    -2.07    -2.06    -2.06    -2.06    -2.06    -2.06    -2.05    -2.05    -2.05    -2.05    -2.05    -2.04    -2.04    -2.04    -2.04    -2.03    -2.03    -2.02       -2       -2
       10|    -2.07    -2.07    -2.07    -2.06    -2.06    -2.06    -2.06    -2.06    -2.05    -2.05    -2.05    -2.05    -2.05    -2.04    -2.04    -2.04    -2.04    -2.03    -2.03    -2.02       -2       -2
        9|    -2.07    -2.07    -2.07    -2.06    -2.06    -2.06    -2.06    -2.06    -2.05    -2.05    -2.05    -2.05    -2.05    -2.04    -2.04    -2.04    -2.04    -2.04    -2.03    -2.03    -2.02    -2.02
        8|    -2.06    -2.06    -2.06    -2.06    -2.06    -2.06    -2.06    -2.05    -2.05    -2.05    -2.05    -2.05    -2.05    -2.04    -2.04    -2.04    -2.04    -2.04    -2.03    -2.03    -2.02    -2.02
        7|    -2.06    -2.06    -2.06    -2.06    -2.06    -2.06    -2.06    -2.05    -2.05    -2.05    -2.05    -2.05    -2.05    -2.04    -2.04    -2.04    -2.04    -2.04    -2.03    -2.03    -2.03    -2.03
        6|    -2.06    -2.06    -2.06    -2.06    -2.06    -2.06    -2.05    -2.05    -2.05    -2.05    -2.05    -2.05    -2.05    -2.04    -2.04    -2.04    -2.04    -2.04    -2.03    -2.03    -2.03    -2.03
        5|    -2.06    -2.06    -2.06    -2.06    -2.06    -2.05    -2.05    -2.05    -2.05    -2.05    -2.05    -2.05    -2.05    -2.04    -2.04    -2.04    -2.04    -2.04    -2.04    -2.03    -2.03    -2.03
        4|    -2.06    -2.06    -2.06    -2.06    -2.06    -2.05    -2.05    -2.05    -2.05    -2.05    -2.05    -2.05    -2.05    -2.04    -2.04    -2.04    -2.04    -2.04    -2.04    -2.04    -2.04    -2.04
        3|    -2.06    -2.06    -2.06    -2.06    -2.05    -2.05    -2.05    -2.05    -2.05    -2.05    -2.05    -2.05    -2.05    -2.04    -2.04    -2.04    -2.04    -2.04    -2.04    -2.04    -2.04    -2.04
        2|    -2.06    -2.06    -2.05    -2.05    -2.05    -2.05    -2.05    -2.05    -2.05    -2.05    -2.05    -2.05    -2.05    -2.04    -2.04    -2.04    -2.04    -2.04    -2.04    -2.04    -2.04    -2.04
        1|    -2.06    -2.06    -2.05    -2.05    -2.05    -2.05    -2.05    -2.05    -2.05    -2.05    -2.05    -2.05    -2.05    -2.04    -2.04    -2.04    -2.04    -2.04    -2.04    -2.04    -2.04    -2.04
        0|    -2.05    -2.05    -2.05    -2.05    -2.05    -2.05    -2.05    -2.05    -2.05    -2.05    -2.05    -2.05    -2.05    -2.04    -2.04    -2.04    -2.04    -2.04    -2.04    -2.04    -2.04    -2.04

F (22x12): 
         |        0        1        2        3        4        5        6        7        8        9       10       11       12       13       14       15       16       17       18       19       20
-------------------------------------------------------------------------------------------------------------------------------------------------------------------------------------------------------------------------
       11|        0     1.92     1.87     1.85     1.83     1.82     1.82     1.81     1.81     1.81      1.8      1.8      1.8      1.8     1.81     1.81     1.81     1.82     1.84     1.89        0
       10|        0   0.0843    0.129    0.156    0.171    0.182    0.188    0.193    0.196    0.198    0.199      0.2      0.2    0.199    0.198    0.196    0.192    0.183    0.163    0.114        0
        9|        0  -0.0312  -0.0333  -0.0291  -0.0245  -0.0207  -0.0179  -0.0158  -0.0143  -0.0134  -0.0129  -0.0128   -0.013  -0.0136  -0.0148  -0.0165  -0.0189  -0.0217  -0.0236  -0.0203        0
        8|        0  -0.0156  -0.0249  -0.0283  -0.0289  -0.0285  -0.0277   -0.027  -0.0264  -0.0261   -0.026  -0.0262  -0.0266  -0.0275  -0.0289  -0.0309  -0.0337  -0.0368  -0.0382  -0.0305        0
        7|        0 -0.00959  -0.0173  -0.0217   -0.024  -0.0249  -0.0253  -0.0253  -0.0253  -0.0253  -0.0254  -0.0256   -0.026  -0.0265  -0.0273  -0.0283  -0.0292  -0.0294  -0.0272  -0.0187        0
        6|        0 -0.00662  -0.0127  -0.0171  -0.0199  -0.0216  -0.0226  -0.0232  -0.0236  -0.0239  -0.0241  -0.0242  -0.0244  -0.0246  -0.0248  -0.0247  -0.0242  -0.0225  -0.0186   -0.011        0
        5|        0 -0.00501 -0.00999   -0.014  -0.0169   -0.019  -0.0204  -0.0214   -0.022  -0.0225  -0.0227  -0.0229  -0.0229  -0.0228  -0.0224  -0.0216  -0.0202  -0.0176  -0.0135 -0.00722        0
        4|        0 -0.00406 -0.00827  -0.0119  -0.0147   -0.017  -0.0186  -0.0198  -0.0207  -0.0212  -0.0215  -0.0216  -0.0215  -0.0211  -0.0204  -0.0192  -0.0173  -0.0145  -0.0105 -0.00535        0
        3|        0  -0.0035  -0.0072  -0.0105  -0.0133  -0.0155  -0.0173  -0.0186  -0.0196  -0.0202  -0.0206  -0.0206  -0.0204  -0.0198  -0.0189  -0.0174  -0.0153  -0.0124 -0.00875 -0.00434        0
        2|        0 -0.00318 -0.00656 -0.00966  -0.0124  -0.0146  -0.0164  -0.0178  -0.0188  -0.0195  -0.0198  -0.0199  -0.0196  -0.0189  -0.0178  -0.0162   -0.014  -0.0112 -0.00776 -0.00379        0
        1|        0 -0.00314 -0.00667 -0.00985  -0.0126  -0.0148  -0.0166  -0.0179  -0.0188  -0.0193  -0.0195  -0.0193  -0.0188  -0.0179  -0.0166  -0.0149  -0.0127 -0.00999 -0.00681 -0.00326        0
        0|        0        0        0        0        0        0        0        0        0        0        0        0        0        0        0        0        0        0        0        0        0

G (22x12): 
         |        0        1        2        3        4        5        6        7        8        9       10       11       12       13       14       15       16       17       18       19       20       21
-------------------------------------------------------------------------------------------------------------------------------------------------------------------------------------------------------------------------
       10|        0        0        0        0        0        0        0        0        0        0        0        0        0        0        0        0        0        0        0        0        0        0
        9|  -0.0823   0.0813   0.0456   0.0259   0.0156  0.00989  0.00647  0.00432  0.00291  0.00195  0.00126 0.000695 0.000139-0.000424 -0.00112 -0.00222 -0.00435  -0.0091  -0.0206  -0.0494   -0.105    0.107
        8|   -0.051   0.0505   0.0429   0.0296   0.0199   0.0135  0.00922  0.00632  0.00431  0.00284  0.00172 0.000776-0.000102 -0.00108  -0.0023 -0.00408   -0.007  -0.0124  -0.0238  -0.0479  -0.0848   0.0847
        7|  -0.0354   0.0351   0.0337   0.0262   0.0193    0.014  0.00998  0.00705  0.00486  0.00318  0.00181 0.000601  -0.0006 -0.00196 -0.00369  -0.0061 -0.00976  -0.0156  -0.0252  -0.0401  -0.0541   0.0539
        6|  -0.0258   0.0256   0.0261   0.0217   0.0171    0.013  0.00965    0.007  0.00489  0.00318  0.00173 0.000385-0.000977 -0.00253 -0.00447 -0.00706  -0.0107  -0.0158  -0.0229  -0.0315  -0.0353   0.0353
        5|  -0.0192    0.019     0.02   0.0174   0.0143   0.0113  0.00863  0.00639  0.00452  0.00293  0.00153   0.0002 -0.00117 -0.00272  -0.0046   -0.007  -0.0101  -0.0141  -0.0189  -0.0238  -0.0244   0.0244
        4|  -0.0142   0.0141   0.0151   0.0134   0.0113   0.0092   0.0072  0.00542  0.00387   0.0025  0.00125 5.13e-05 -0.00119 -0.00258 -0.00422 -0.00622 -0.00867  -0.0116  -0.0147  -0.0176  -0.0172   0.0172
        3|  -0.0101     0.01   0.0109  0.00984  0.00847  0.00699  0.00555  0.00422  0.00302  0.00194 0.000932-4.72e-05 -0.00107 -0.00219 -0.00348   -0.005 -0.00677 -0.00875  -0.0108  -0.0124  -0.0118   0.0119
        2|  -0.0066  0.00657  0.00717  0.00655  0.00569  0.00474  0.00379  0.00289  0.00207   0.0013 0.000591-0.000114-0.000838 -0.00163 -0.00252 -0.00353 -0.00467 -0.00589 -0.00708   -0.008  -0.0075  0.00752
        1| -0.00342  0.00347  0.00387  0.00353  0.00306  0.00255  0.00203  0.00153  0.00107 0.000646 0.000241-0.000148-0.000551-0.000974 -0.00144 -0.00196 -0.00252 -0.00309 -0.00364 -0.00404 -0.00375  0.00374
        0|  -0.0153        0        0        0        0        0        0        0        0        0        0        0        0        0        0        0        0        0        0        0        0   0.0166

rhs (22x12): 
         |        0        1        2        3        4        5        6        7        8        9       10       11       12       13       14       15       16       17       18       19       20       21
-------------------------------------------------------------------------------------------------------------------------------------------------------------------------------------------------------------------------
       11|        0        0        0        0        0        0        0        0        0        0        0        0        0        0        0        0        0        0        0        0        0        0
       10|        0     1.13   -0.161    0.109    0.107   0.0729   0.0523   0.0333   0.0262   0.0168   0.0164   0.0126   0.0154  0.00997   0.0178   0.0262   0.0557    0.111    0.212     0.11    -3.46        0
        9|        0   -0.135    0.206    0.173    0.107   0.0715   0.0433   0.0328   0.0192   0.0176  0.00994   0.0129  0.00993   0.0201   0.0227   0.0457   0.0884     0.21    0.469    0.712   0.0433        0
        8|        0  -0.0912  -0.0254  -0.0145 -0.00118 -0.00202  0.00341 -0.00058   0.0037-0.000688  0.00351 -0.00084  0.00388 -8.7e-06  0.00467  0.00118  0.00738  0.00829   0.0209  -0.0189  -0.0562        0
        7|        0  -0.0364  -0.0164 -0.00745  -0.0075-0.000643 -0.00347  0.00162 -0.00223  0.00229  -0.0019  0.00243  -0.0019  0.00219 -0.00256 0.000678 -0.00604 -0.00768  -0.0261   -0.045  -0.0494        0
        6|        0  -0.0231  -0.0054 -0.00776 -0.00137 -0.00415   0.0011  -0.0026  0.00204 -0.00206  0.00232 -0.00195  0.00225 -0.00224  0.00162 -0.00357 -0.00111 -0.00907  -0.0113   -0.022 -0.00478        0
        5|        0  -0.0127 -0.00661 -0.00137 -0.00448 0.000754 -0.00287  0.00186 -0.00216  0.00229 -0.00194  0.00237 -0.00201  0.00212 -0.00251  0.00113 -0.00434 -0.00208 -0.00936 -0.00747  0.00265        0
        4|        0  -0.0123-0.000761 -0.00451  0.00053 -0.00312  0.00167 -0.00228  0.00225 -0.00192  0.00245 -0.00185  0.00238 -0.00205  0.00198 -0.00279 0.000696 -0.00484 -0.00217 -0.00764  0.00772        0
        3|        0 -0.00701 -0.00425  0.00044 -0.00333  0.00146 -0.00244  0.00216 -0.00195  0.00248 -0.00176  0.00255 -0.00181  0.00238 -0.00214  0.00178 -0.00312  0.00032 -0.00503 -0.00142  0.00458        0
        2|        0  -0.0356    -0.03  -0.0316  -0.0233  -0.0231  -0.0142  -0.0141 -0.00577 -0.00653 0.000805 -0.00099  0.00548  0.00305  0.00885  0.00559   0.0104  0.00607   0.0099  0.00516   0.0173        0
        1|        0    0.128    0.133    0.133    0.122    0.116    0.099   0.0884   0.0675   0.0534   0.0295   0.0128  -0.0143  -0.0349  -0.0659  -0.0899   -0.123   -0.146   -0.175   -0.188   -0.186        0
        0|        0        0        0        0        0        0        0        0        0        0        0        0        0        0        0        0        0        0        0        0        0        0

