t: 1.80306
nCells: 20x10, dx: 0.1, dy: 0.1

u (22x12): 
         |        0        1        2        3        4        5        6        7        8        9       10       11       12       13       14       15       16       17       18       19       20
-------------------------------------------------------------------------------------------------------------------------------------------------------------------------------------------------------------------------
       11|        0 -0.00381 -0.00841  -0.0126  -0.0162  -0.0191  -0.0215  -0.0232  -0.0244  -0.0251  -0.0253  -0.0251  -0.0245  -0.0233  -0.0217  -0.0195  -0.0167  -0.0131 -0.00889 -0.00418        0
       10|        0 -0.00293 -0.00645 -0.00977  -0.0128  -0.0154  -0.0176  -0.0193  -0.0207  -0.0216  -0.0221  -0.0222  -0.0218  -0.0209  -0.0195  -0.0176   -0.015  -0.0118 -0.00802 -0.00397        0
        9|        0 -0.00257 -0.00557 -0.00842   -0.011  -0.0133  -0.0153  -0.0169  -0.0181  -0.0189  -0.0194  -0.0194   -0.019  -0.0182  -0.0169  -0.0151  -0.0127 -0.00994 -0.00673 -0.00323        0
        8|        0 -0.00226 -0.00486 -0.00735 -0.00964  -0.0117  -0.0134  -0.0149  -0.0159  -0.0167   -0.017   -0.017  -0.0166  -0.0158  -0.0146   -0.013  -0.0109 -0.00845 -0.00567 -0.00268        0
        7|        0 -0.00199 -0.00429 -0.00648 -0.00852  -0.0103  -0.0119  -0.0132  -0.0141  -0.0148  -0.0151   -0.015  -0.0147  -0.0139  -0.0128  -0.0113 -0.00943 -0.00727 -0.00486 -0.00228        0
        6|        0 -0.00178 -0.00382 -0.00579  -0.0076 -0.00923  -0.0106  -0.0118  -0.0126  -0.0132  -0.0135  -0.0134   -0.013  -0.0123  -0.0113 -0.00992 -0.00827 -0.00636 -0.00423 -0.00198        0
        5|        0  -0.0016 -0.00346 -0.00523 -0.00688 -0.00835 -0.00963  -0.0107  -0.0115   -0.012  -0.0122  -0.0121  -0.0118  -0.0111  -0.0101 -0.00887 -0.00738 -0.00565 -0.00376 -0.00175        0
        4|        0 -0.00148 -0.00317 -0.00481 -0.00632 -0.00769 -0.00885 -0.00982  -0.0105   -0.011  -0.0112  -0.0111  -0.0108  -0.0101 -0.00923 -0.00808  -0.0067 -0.00513  -0.0034 -0.00159        0
        3|        0 -0.00138 -0.00298  -0.0045 -0.00593  -0.0072  -0.0083 -0.00919 -0.00987  -0.0103  -0.0105  -0.0104  -0.0101 -0.00944  -0.0086 -0.00751 -0.00622 -0.00475 -0.00315 -0.00147        0
        2|        0 -0.00131 -0.00282 -0.00427 -0.00562 -0.00683 -0.00787 -0.00873 -0.00936 -0.00977 -0.00993 -0.00986 -0.00952 -0.00894 -0.00813  -0.0071 -0.00587 -0.00449 -0.00297 -0.00139        0
        1|        0 -0.00107 -0.00233 -0.00354 -0.00467 -0.00567 -0.00655 -0.00726  -0.0078 -0.00813 -0.00828 -0.00821 -0.00794 -0.00745 -0.00678 -0.00591  -0.0049 -0.00373 -0.00247 -0.00114        0
        0|        0  0.00107  0.00232  0.00351  0.00463  0.00562  0.00649  0.00719  0.00772  0.00806   0.0082  0.00813  0.00786  0.00738  0.00671  0.00585  0.00485  0.00369  0.00245  0.00113        0

v (22x12): 
         |        0        1        2        3        4        5        6        7        8        9       10       11       12       13       14       15       16       17       18       19       20       21
-------------------------------------------------------------------------------------------------------------------------------------------------------------------------------------------------------------------------
       10|  -0.0183   0.0184   0.0214   0.0205   0.0188   0.0167   0.0143   0.0117  0.00886  0.00589  0.00282-0.000346 -0.00359 -0.00692  -0.0103  -0.0136  -0.0169  -0.0198  -0.0222  -0.0237  -0.0214   0.0212
        9|  -0.0154   0.0155   0.0179   0.0171   0.0158   0.0141   0.0121  0.00992  0.00751  0.00497  0.00231-0.000421 -0.00322 -0.00605 -0.00888  -0.0116  -0.0143  -0.0166  -0.0185  -0.0197  -0.0175   0.0173
        8|  -0.0128   0.0129   0.0149   0.0143   0.0132   0.0118   0.0102  0.00832  0.00629  0.00413  0.00187-0.000462 -0.00283 -0.00522 -0.00757 -0.00984  -0.0119  -0.0138  -0.0153  -0.0162  -0.0142   0.0141
        7|  -0.0106   0.0107   0.0123   0.0118   0.0109  0.00979  0.00843   0.0069   0.0052   0.0034   0.0015-0.000451 -0.00244 -0.00441 -0.00636  -0.0082 -0.00989  -0.0114  -0.0125  -0.0132  -0.0116   0.0114
        6| -0.00858  0.00865  0.00997  0.00958  0.00889  0.00797  0.00688  0.00562  0.00424  0.00275  0.00119-0.000421 -0.00204 -0.00366 -0.00522 -0.00671 -0.00805 -0.00921  -0.0101  -0.0106 -0.00929  0.00919
        5| -0.00682  0.00688  0.00792  0.00762  0.00707  0.00635  0.00547  0.00447  0.00336  0.00218 0.000921-0.000361 -0.00167 -0.00295 -0.00419 -0.00535  -0.0064 -0.00729   -0.008 -0.00838 -0.00732  0.00724
        4| -0.00522  0.00526  0.00607  0.00584  0.00542  0.00487   0.0042  0.00343  0.00258  0.00166 0.000698-0.000299 -0.00129 -0.00228 -0.00323 -0.00411  -0.0049 -0.00558  -0.0061 -0.00639 -0.00556  0.00551
        3| -0.00376  0.00379  0.00436  0.00421   0.0039  0.00351  0.00302  0.00247  0.00185  0.00119 0.000492-0.000219-0.000945 -0.00165 -0.00233 -0.00296 -0.00353   -0.004 -0.00438 -0.00458 -0.00399  0.00395
        2| -0.00238   0.0024  0.00277  0.00267  0.00248  0.00223  0.00193  0.00157  0.00118 0.000755 0.000317-0.000144-0.000598 -0.00105 -0.00148 -0.00189 -0.00224 -0.00254 -0.00277  -0.0029 -0.00252  0.00249
        1| -0.00108  0.00109  0.00126  0.00122  0.00113  0.00102 0.000874  0.00072 0.000537  0.00035 0.000143-5.88e-05-0.000273-0.000473-0.000675-0.000853 -0.00102 -0.00115 -0.00126 -0.00132 -0.00114  0.00113
        0|        0        0        0        0        0        0        0        0        0        0        0        0        0        0        0        0        0        0        0        0        0        0

p (22x12): 
         |        0        1        2        3        4        5        6        7        8        9       10       11       12       13       14       15       16       17       18       19       20       21
-------------------------------------------------------------------------------------------------------------------------------------------------------------------------------------------------------------------------
       11|    -4.68    -4.68    -4.68    -4.68    -4.68    -4.68    -4.68    -4.68    -4.68    -4.68    -4.68    -4.68    -4.68    -4.68    -4.67    -4.67    -4.67    -4.67    -4.67    -4.67    -4.67    -4.67
       10|    -4.68    -4.68    -4.68    -4.68    -4.68    -4.68    -4.68    -4.68    -4.68    -4.68    -4.68    -4.68    -4.68    -4.68    -4.67    -4.67    -4.67    -4.67    -4.67    -4.67    -4.67    -4.67
        9|    -4.68    -4.68    -4.68    -4.68    -4.68    -4.68    -4.68    -4.68    -4.68    -4.68    -4.68    -4.68    -4.68    -4.68    -4.68    -4.67    -4.67    -4.67    -4.67    -4.67    -4.67    -4.67
        8|    -4.68    -4.68    -4.68    -4.68    -4.68    -4.68    -4.68    -4.68    -4.68    -4.68    -4.68    -4.68    -4.68    -4.68    -4.68    -4.67    -4.67    -4.67    -4.67    -4.67    -4.67    -4.67
        7|    -4.68    -4.68    -4.68    -4.68    -4.68    -4.68    -4.68    -4.68    -4.68    -4.68    -4.68    -4.68    -4.68    -4.68    -4.68    -4.67    -4.67    -4.67    -4.67    -4.67    -4.67    -4.67
        6|    -4.68    -4.68    -4.68    -4.68    -4.68    -4.68    -4.68    -4.68    -4.68    -4.68    -4.68    -4.68    -4.68    -4.68    -4.68    -4.68    -4.67    -4.67    -4.67    -4.67    -4.67    -4.67
        5|    -4.68    -4.68    -4.68    -4.68    -4.68    -4.68    -4.68    -4.68    -4.68    -4.68    -4.68    -4.68    -4.68    -4.68    -4.68    -4.68    -4.67    -4.67    -4.67    -4.67    -4.67    -4.67
        4|    -4.68    -4.68    -4.68    -4.68    -4.68    -4.68    -4.68    -4.68    -4.68    -4.68    -4.68    -4.68    -4.68    -4.68    -4.68    -4.68    -4.68    -4.67    -4.67    -4.67    -4.67    -4.67
        3|    -4.68    -4.68    -4.68    -4.68    -4.68    -4.68    -4.68    -4.68    -4.68    -4.68    -4.68    -4.68    -4.68    -4.68    -4.68    -4.68    -4.68    -4.68    -4.67    -4.67    -4.67    -4.67
        2|    -4.68    -4.68    -4.68    -4.68    -4.68    -4.68    -4.68    -4.68    -4.68    -4.68    -4.68    -4.68    -4.68    -4.68    -4.68    -4.68    -4.68    -4.68    -4.67    -4.67    -4.67    -4.67
        1|    -4.68    -4.68    -4.68    -4.68    -4.68    -4.68    -4.68    -4.68    -4.68    -4.68    -4.68    -4.68    -4.68    -4.68    -4.68    -4.68    -4.68    -4.68    -4.67    -4.67    -4.67    -4.67
        0|    -4.68    -4.68    -4.68    -4.68    -4.68    -4.68    -4.68    -4.68    -4.68    -4.68    -4.68    -4.68    -4.68    -4.68    -4.68    -4.68    -4.68    -4.68    -4.67    -4.67    -4.67    -4.67

F (22x12): 
         |        0        1        2        3        4        5        6        7        8        9       10       11       12       13       14       15       16       17       18       19       20
-------------------------------------------------------------------------------------------------------------------------------------------------------------------------------------------------------------------------
       11|        0        0        0        0        0        0        0        0        0        0        0        0        0        0        0        0        0        0        0        0        0
       10|        0 -0.00292  -0.0064 -0.00969  -0.0126  -0.0152  -0.0174  -0.0191  -0.0204  -0.0213  -0.0218  -0.0219  -0.0215  -0.0207  -0.0193  -0.0173  -0.0148  -0.0116  -0.0079 -0.00391        0
        9|        0 -0.00255 -0.00552 -0.00834  -0.0109  -0.0132  -0.0151  -0.0167  -0.0179  -0.0187  -0.0191  -0.0192  -0.0188  -0.0179  -0.0166  -0.0148  -0.0126  -0.0098 -0.00664 -0.00318        0
        8|        0 -0.00224 -0.00481 -0.00728 -0.00955  -0.0116  -0.0133  -0.0147  -0.0158  -0.0165  -0.0168  -0.0168  -0.0164  -0.0156  -0.0144  -0.0128  -0.0107 -0.00833 -0.00559 -0.00265        0
        7|        0 -0.00197 -0.00425 -0.00642 -0.00843  -0.0102  -0.0118   -0.013   -0.014  -0.0146  -0.0149  -0.0149  -0.0145  -0.0137  -0.0126  -0.0111  -0.0093 -0.00717  -0.0048 -0.00225        0
        6|        0 -0.00176 -0.00378 -0.00573 -0.00752 -0.00913  -0.0105  -0.0116  -0.0125  -0.0131  -0.0133  -0.0133  -0.0129  -0.0122  -0.0111 -0.00979 -0.00816 -0.00627 -0.00417 -0.00196        0
        5|        0 -0.00159 -0.00342 -0.00517 -0.00681 -0.00826 -0.00952  -0.0105  -0.0113  -0.0118   -0.012   -0.012  -0.0116  -0.0109 -0.00999 -0.00876 -0.00728 -0.00558 -0.00371 -0.00173        0
        4|        0 -0.00147 -0.00314 -0.00476 -0.00625  -0.0076 -0.00875  -0.0097  -0.0104  -0.0109  -0.0111   -0.011  -0.0106    -0.01 -0.00911 -0.00798 -0.00661 -0.00507 -0.00336 -0.00157        0
        3|        0 -0.00137 -0.00295 -0.00445 -0.00586 -0.00712 -0.00821 -0.00909 -0.00975  -0.0102  -0.0104  -0.0103 -0.00993 -0.00933 -0.00849 -0.00742 -0.00615 -0.00469 -0.00312 -0.00145        0
        2|        0  -0.0013 -0.00279 -0.00423 -0.00556 -0.00676 -0.00778 -0.00863 -0.00925 -0.00965 -0.00981 -0.00973  -0.0094 -0.00883 -0.00802 -0.00701  -0.0058 -0.00443 -0.00293 -0.00137        0
        1|        0 -0.00106 -0.00231 -0.00349 -0.00461  -0.0056 -0.00646 -0.00716 -0.00769 -0.00802 -0.00816 -0.00809 -0.00782 -0.00734 -0.00668 -0.00582 -0.00482 -0.00368 -0.00243 -0.00113        0
        0|        0  0.00107  0.00232  0.00351  0.00463  0.00562  0.00649  0.00719  0.00772  0.00806   0.0082  0.00813  0.00786  0.00738  0.00671  0.00585  0.00485  0.00369  0.00245  0.00113        0

G (22x12): 
         |        0        1        2        3        4        5        6        7        8        9       10       11       12       13       14       15       16       17       18       19       20       21
-------------------------------------------------------------------------------------------------------------------------------------------------------------------------------------------------------------------------
       10|  -0.0183   0.0182   0.0212   0.0202   0.0186   0.0165   0.0141   0.0115   0.0087  0.00576  0.00273-0.000394 -0.00358 -0.00685  -0.0101  -0.0134  -0.0166  -0.0194  -0.0218  -0.0232  -0.0209   0.0212
        9|  -0.0154   0.0153   0.0176   0.0169   0.0156    0.014    0.012  0.00977  0.00738  0.00487  0.00224-0.000456 -0.00322 -0.00601 -0.00881  -0.0115  -0.0141  -0.0164  -0.0183  -0.0194  -0.0172   0.0173
        8|  -0.0128   0.0127   0.0147   0.0141   0.0131   0.0117     0.01   0.0082  0.00619  0.00405  0.00182-0.000486 -0.00283 -0.00518  -0.0075 -0.00974  -0.0118  -0.0136  -0.0151   -0.016   -0.014   0.0141
        7|  -0.0106   0.0105   0.0121   0.0116   0.0108  0.00967  0.00832   0.0068  0.00512  0.00334  0.00146-0.000468 -0.00243 -0.00438 -0.00629 -0.00811 -0.00978  -0.0112  -0.0124   -0.013  -0.0114   0.0114
        6| -0.00858  0.00854  0.00985  0.00947  0.00878  0.00787  0.00679  0.00554  0.00417   0.0027  0.00116-0.000432 -0.00203 -0.00363 -0.00517 -0.00664 -0.00796  -0.0091 -0.00999  -0.0105 -0.00915  0.00919
        5| -0.00682  0.00678  0.00782  0.00753  0.00698  0.00627   0.0054  0.00441  0.00331  0.00214 0.000898-0.000368 -0.00166 -0.00292 -0.00415 -0.00529 -0.00633 -0.00721  -0.0079 -0.00828 -0.00721  0.00724
        4| -0.00522  0.00519    0.006  0.00577  0.00536  0.00481  0.00415  0.00338  0.00254  0.00163 0.000681-0.000303 -0.00129 -0.00226 -0.00319 -0.00407 -0.00485 -0.00551 -0.00602 -0.00631 -0.00548  0.00551
        3| -0.00376  0.00374  0.00431  0.00416  0.00385  0.00347  0.00298  0.00244  0.00183  0.00117 0.000481-0.000222-0.000939 -0.00163 -0.00231 -0.00293 -0.00349 -0.00396 -0.00433 -0.00452 -0.00393  0.00395
        2| -0.00238  0.00237  0.00274  0.00264  0.00245   0.0022   0.0019  0.00155  0.00117 0.000744  0.00031-0.000146-0.000595 -0.00104 -0.00147 -0.00187 -0.00221 -0.00251 -0.00274 -0.00287 -0.00248  0.00249
        1| -0.00108  0.00107  0.00125  0.00121  0.00112  0.00101 0.000865 0.000712  0.00053 0.000345 0.000141   -6e-05-0.000272 -0.00047 -0.00067-0.000845 -0.00101 -0.00114 -0.00125  -0.0013 -0.00113  0.00113
        0|        0        0        0        0        0        0        0        0        0        0        0        0        0        0        0        0        0        0        0        0        0        0

rhs (22x12): 
         |        0        1        2        3        4        5        6        7        8        9       10       11       12       13       14       15       16       17       18       19       20       21
-------------------------------------------------------------------------------------------------------------------------------------------------------------------------------------------------------------------------
       11|        0        0        0        0        0        0        0        0        0        0        0        0        0        0        0        0        0        0        0        0        0        0
       10|        0 -0.00423   0.0114   0.0022  0.00683 -0.00322  0.00165 -0.00739 -0.00093 -0.00799 0.000705 -0.00397   0.0077  0.00693   0.0229   0.0263   0.0458   0.0516   0.0712   0.0724   0.0755        0
        9|        0 -0.00193 -0.00439  0.00286 -0.00436  0.00304 -0.00415  0.00324 -0.00398  0.00336 -0.00393  0.00329 -0.00413  0.00305  -0.0044   0.0027 -0.00482  0.00224 -0.00524  0.00226  0.00365        0
        8|        0 -0.00647  0.00334 -0.00401  0.00336 -0.00386  0.00353  -0.0037  0.00367  -0.0036  0.00372 -0.00366  0.00357 -0.00383  0.00336 -0.00409  0.00305 -0.00442  0.00276 -0.00442  0.00863        0
        7|        0-0.000207  -0.0037   0.0036 -0.00365  0.00373  -0.0035  0.00388 -0.00337  0.00398 -0.00332  0.00394 -0.00343  0.00381 -0.00359   0.0036 -0.00384  0.00335 -0.00406  0.00334   0.0027        0
        6|        0 -0.00511  0.00382  -0.0035  0.00387 -0.00337  0.00402 -0.00323  0.00414 -0.00313   0.0042 -0.00316  0.00411 -0.00326  0.00398 -0.00344  0.00377 -0.00365  0.00359 -0.00368  0.00784        0
        5|        0 0.000854 -0.00337  0.00397  -0.0033  0.00409 -0.00315  0.00423 -0.00303  0.00433 -0.00297  0.00432 -0.00303  0.00423 -0.00316  0.00407 -0.00334  0.00389 -0.00351  0.00385  0.00204        0
        4|        0 -0.00431  0.00407 -0.00325  0.00413 -0.00312  0.00427 -0.00298   0.0044 -0.00289  0.00446 -0.00288  0.00441 -0.00296  0.00429 -0.00311  0.00412 -0.00329  0.00397 -0.00335  0.00731        0
        3|        0  0.00144 -0.00321  0.00415 -0.00313  0.00427 -0.00299  0.00441 -0.00286   0.0045  -0.0028  0.00452 -0.00284  0.00444 -0.00295   0.0043 -0.00311  0.00414 -0.00326  0.00408  0.00164        0
        2|        0 -0.00387  0.00421 -0.00312  0.00427 -0.00301  0.00438  -0.0029  0.00449 -0.00281  0.00454 -0.00279  0.00452 -0.00285  0.00442 -0.00298  0.00428 -0.00313  0.00415  -0.0032  0.00703        0
        1|        0  0.00438  0.00133  0.00677  0.00112  0.00644 0.000704  0.00593  0.00011  0.00526-0.000629  0.00445 -0.00149  0.00357 -0.00237  0.00271 -0.00318    0.002 -0.00377  0.00162 0.000672        0
        0|        0        0        0        0        0        0        0        0        0        0        0        0        0        0        0        0        0        0        0        0        0        0

