t: 1.04664
nCells: 20x10, dx: 0.1, dy: 0.1

u (22x12): 
         |        0        1        2        3        4        5        6        7        8        9       10       11       12       13       14       15       16       17       18       19       20
-------------------------------------------------------------------------------------------------------------------------------------------------------------------------------------------------------------------------
       11|        0     1.93     1.89     1.87     1.86     1.85     1.85     1.85     1.85     1.84     1.84     1.84     1.84     1.84     1.85     1.85     1.85     1.86     1.88     1.91        0
       10|        0   0.0734    0.111    0.131    0.142    0.149    0.153    0.156    0.158    0.159     0.16     0.16     0.16    0.159    0.158    0.156    0.152    0.144    0.127   0.0874        0
        9|        0  -0.0281  -0.0299  -0.0262  -0.0222   -0.019  -0.0167  -0.0151   -0.014  -0.0133   -0.013   -0.013  -0.0133   -0.014  -0.0152   -0.017  -0.0195  -0.0228  -0.0259  -0.0237        0
        8|        0  -0.0144   -0.022  -0.0243  -0.0243  -0.0236  -0.0228   -0.022  -0.0215  -0.0212  -0.0211  -0.0212  -0.0216  -0.0223  -0.0234  -0.0249  -0.0268  -0.0289  -0.0294  -0.0233        0
        7|        0 -0.00861   -0.015  -0.0185  -0.0201  -0.0206  -0.0207  -0.0206  -0.0205  -0.0204  -0.0204  -0.0205  -0.0208  -0.0212  -0.0217  -0.0223  -0.0227  -0.0224  -0.0201  -0.0133        0
        6|        0 -0.00583  -0.0109  -0.0144  -0.0166  -0.0178  -0.0185  -0.0189  -0.0191  -0.0192  -0.0193  -0.0194  -0.0195  -0.0196  -0.0196  -0.0194  -0.0188  -0.0172  -0.0139 -0.00802        0
        5|        0 -0.00434 -0.00849  -0.0117   -0.014  -0.0156  -0.0167  -0.0174  -0.0178  -0.0181  -0.0183  -0.0183  -0.0183  -0.0181  -0.0177   -0.017  -0.0157  -0.0136  -0.0103 -0.00547        0
        4|        0 -0.00349 -0.00698 -0.00991  -0.0122   -0.014  -0.0152  -0.0161  -0.0167  -0.0171  -0.0173  -0.0173  -0.0172  -0.0168  -0.0161  -0.0151  -0.0135  -0.0112 -0.00811 -0.00415        0
        3|        0 -0.00297 -0.00604 -0.00873   -0.011  -0.0128  -0.0141  -0.0151  -0.0158  -0.0163  -0.0165  -0.0165  -0.0163  -0.0157  -0.0149  -0.0137   -0.012 -0.00971 -0.00683 -0.00341        0
        2|        0 -0.00269 -0.00547   -0.008  -0.0102   -0.012  -0.0134  -0.0145  -0.0152  -0.0157  -0.0159  -0.0159  -0.0156   -0.015  -0.0141  -0.0128   -0.011 -0.00881  -0.0061 -0.00301        0
        1|        0  -0.0026 -0.00541 -0.00794  -0.0101  -0.0119  -0.0133  -0.0144  -0.0151  -0.0155  -0.0156  -0.0155  -0.0151  -0.0144  -0.0134   -0.012  -0.0102 -0.00805 -0.00551 -0.00267        0
        0|        0 -0.00212  -0.0044 -0.00651 -0.00838 -0.00997  -0.0113  -0.0123   -0.013  -0.0135  -0.0137  -0.0136  -0.0133  -0.0126  -0.0117  -0.0105 -0.00887 -0.00696 -0.00475 -0.00234        0

v (22x12): 
         |        0        1        2        3        4        5        6        7        8        9       10       11       12       13       14       15       16       17       18       19       20       21
-------------------------------------------------------------------------------------------------------------------------------------------------------------------------------------------------------------------------
       10|        0        0        0        0        0        0        0        0        0        0        0        0        0        0        0        0        0        0        0        0        0        0
        9|  -0.0724   0.0734   0.0375   0.0198   0.0113  0.00687  0.00436  0.00284  0.00186  0.00119  0.00069  0.00026-0.000174-0.000631 -0.00124 -0.00222 -0.00404 -0.00788  -0.0169  -0.0396  -0.0874   0.0855
        8|  -0.0446   0.0453   0.0357   0.0235   0.0153     0.01  0.00667  0.00446  0.00295  0.00185 0.000997 0.000257-0.000469 -0.00131 -0.00241 -0.00402 -0.00661  -0.0112    -0.02  -0.0374  -0.0638   0.0619
        7|  -0.0304   0.0309   0.0282   0.0212   0.0152   0.0108  0.00752  0.00519  0.00348  0.00217  0.00109 0.000126-0.000861   -0.002 -0.00347 -0.00551 -0.00855  -0.0132  -0.0205  -0.0312  -0.0405   0.0393
        6|  -0.0219   0.0222   0.0217   0.0177   0.0137   0.0102  0.00744  0.00528   0.0036  0.00224  0.00108 -3.4e-06 -0.00111 -0.00239 -0.00398 -0.00609 -0.00898   -0.013  -0.0182  -0.0244  -0.0271   0.0264
        5|  -0.0161   0.0164   0.0166   0.0142   0.0115  0.00896  0.00675  0.00491  0.00339  0.00211 0.000976-9.52e-05 -0.00121 -0.00246 -0.00398 -0.00589 -0.00833  -0.0114   -0.015  -0.0185  -0.0191   0.0187
        4|  -0.0119   0.0121   0.0125    0.011  0.00919  0.00736  0.00569  0.00421  0.00294  0.00183 0.000822-0.000151 -0.00116 -0.00228 -0.00359 -0.00517 -0.00707 -0.00928  -0.0116  -0.0137  -0.0137   0.0133
        3| -0.00844  0.00859  0.00898  0.00806  0.00688  0.00562  0.00442  0.00332  0.00233  0.00145 0.000627-0.000168-0.000994  -0.0019 -0.00293 -0.00413  -0.0055 -0.00701 -0.00852 -0.00976 -0.00952  0.00931
        2| -0.00551  0.00561  0.00592  0.00537  0.00464  0.00384  0.00305   0.0023  0.00162 0.000997 0.000414-0.000161-0.000749 -0.00139  -0.0021 -0.00291  -0.0038 -0.00474 -0.00564 -0.00634 -0.00611  0.00598
        1| -0.00288  0.00293  0.00313  0.00284  0.00246  0.00205  0.00163  0.00123 0.000857 0.000515 0.000187-0.000129-0.000458-0.000803 -0.00118  -0.0016 -0.00205  -0.0025 -0.00293 -0.00325  -0.0031  0.00304
        0|  -0.0125   0.0128   0.0137   0.0129   0.0118   0.0103  0.00868  0.00691  0.00507  0.00317  0.00124-0.000705 -0.00267 -0.00464  -0.0066 -0.00851  -0.0103   -0.012  -0.0133  -0.0142  -0.0134   0.0131

p (22x12): 
         |        0        1        2        3        4        5        6        7        8        9       10       11       12       13       14       15       16       17       18       19       20       21
-------------------------------------------------------------------------------------------------------------------------------------------------------------------------------------------------------------------------
       11|    -0.96    -0.96   -0.954   -0.951   -0.948   -0.945   -0.942    -0.94   -0.938   -0.936   -0.934   -0.932    -0.93   -0.928   -0.926   -0.923   -0.921   -0.917   -0.912   -0.904   -0.889   -0.889
       10|    -0.96    -0.96   -0.954   -0.951   -0.948   -0.945   -0.942    -0.94   -0.938   -0.936   -0.934   -0.932    -0.93   -0.928   -0.926   -0.923   -0.921   -0.917   -0.912   -0.904   -0.889   -0.889
        9|   -0.953   -0.953   -0.952   -0.949   -0.947   -0.944   -0.942    -0.94   -0.938   -0.936   -0.934   -0.932    -0.93   -0.928   -0.926   -0.923   -0.921   -0.918   -0.915    -0.91   -0.903   -0.903
        8|   -0.949   -0.949   -0.948   -0.947   -0.945   -0.943   -0.941   -0.939   -0.937   -0.935   -0.933   -0.931    -0.93   -0.928   -0.926   -0.924   -0.921   -0.919   -0.916   -0.912   -0.909   -0.909
        7|   -0.946   -0.946   -0.946   -0.945   -0.943   -0.942    -0.94   -0.938   -0.937   -0.935   -0.933   -0.931   -0.929   -0.928   -0.926   -0.924   -0.922    -0.92   -0.917   -0.915   -0.914   -0.914
        6|   -0.944   -0.944   -0.944   -0.943   -0.942   -0.941   -0.939   -0.938   -0.936   -0.935   -0.933   -0.931   -0.929   -0.928   -0.926   -0.924   -0.922    -0.92   -0.919   -0.917   -0.916   -0.916
        5|   -0.943   -0.943   -0.942   -0.942   -0.941    -0.94   -0.939   -0.937   -0.936   -0.934   -0.933   -0.931   -0.929   -0.928   -0.926   -0.925   -0.923   -0.921    -0.92   -0.919   -0.918   -0.918
        4|   -0.942   -0.942   -0.941   -0.941    -0.94   -0.939   -0.938   -0.937   -0.935   -0.934   -0.933   -0.931   -0.929   -0.928   -0.926   -0.925   -0.923   -0.922   -0.921    -0.92    -0.92    -0.92
        3|   -0.941   -0.941   -0.941    -0.94    -0.94   -0.939   -0.938   -0.936   -0.935   -0.934   -0.932   -0.931    -0.93   -0.928   -0.927   -0.925   -0.924   -0.923   -0.922   -0.921   -0.921   -0.921
        2|    -0.94    -0.94    -0.94    -0.94   -0.939   -0.938   -0.937   -0.936   -0.935   -0.934   -0.932   -0.931    -0.93   -0.928   -0.927   -0.925   -0.924   -0.923   -0.922   -0.922   -0.921   -0.921
        1|    -0.94    -0.94    -0.94    -0.94   -0.939   -0.938   -0.937   -0.936   -0.935   -0.934   -0.932   -0.931    -0.93   -0.928   -0.927   -0.925   -0.924   -0.923   -0.922   -0.922   -0.922   -0.922
        0|   -0.939   -0.939   -0.939   -0.939   -0.938   -0.937   -0.937   -0.936   -0.934   -0.933   -0.932   -0.931    -0.93   -0.929   -0.927   -0.926   -0.925   -0.925   -0.924   -0.923   -0.923   -0.923

F (22x12): 
         |        0        1        2        3        4        5        6        7        8        9       10       11       12       13       14       15       16       17       18       19       20
-------------------------------------------------------------------------------------------------------------------------------------------------------------------------------------------------------------------------
       11|        0     1.93     1.89     1.87     1.86     1.85     1.85     1.85     1.85     1.84     1.84     1.84     1.84     1.84     1.85     1.85     1.85     1.86     1.88     1.91        0
       10|        0   0.0751    0.112    0.131    0.143     0.15    0.154    0.157    0.158     0.16     0.16    0.161     0.16     0.16    0.159    0.156    0.153    0.145    0.129   0.0913        0
        9|        0  -0.0277  -0.0293  -0.0255  -0.0215  -0.0184  -0.0161  -0.0145  -0.0135  -0.0128  -0.0125  -0.0125  -0.0128  -0.0135  -0.0146  -0.0163  -0.0188  -0.0219  -0.0245  -0.0219        0
        8|        0  -0.0142  -0.0216  -0.0238  -0.0238  -0.0231  -0.0223  -0.0215   -0.021  -0.0207  -0.0206  -0.0207  -0.0211  -0.0218  -0.0228  -0.0243  -0.0261  -0.0281  -0.0286  -0.0225        0
        7|        0 -0.00849  -0.0148  -0.0181  -0.0197  -0.0202  -0.0202  -0.0201    -0.02  -0.0199    -0.02  -0.0201  -0.0203  -0.0207  -0.0212  -0.0217  -0.0221  -0.0218  -0.0196  -0.0129        0
        6|        0 -0.00574  -0.0108  -0.0142  -0.0163  -0.0175  -0.0181  -0.0185  -0.0187  -0.0188  -0.0189   -0.019  -0.0191  -0.0191  -0.0191  -0.0189  -0.0183  -0.0167  -0.0135  -0.0078        0
        5|        0 -0.00427 -0.00834  -0.0115  -0.0138  -0.0153  -0.0163   -0.017  -0.0174  -0.0177  -0.0179  -0.0179  -0.0178  -0.0177  -0.0173  -0.0165  -0.0153  -0.0132 -0.00999 -0.00533        0
        4|        0 -0.00343 -0.00685 -0.00972   -0.012  -0.0137  -0.0149  -0.0158  -0.0164  -0.0167  -0.0169  -0.0169  -0.0167  -0.0164  -0.0157  -0.0147  -0.0132  -0.0109  -0.0079 -0.00404        0
        3|        0 -0.00292 -0.00592 -0.00856  -0.0107  -0.0125  -0.0138  -0.0148  -0.0155  -0.0159  -0.0161  -0.0161  -0.0159  -0.0154  -0.0146  -0.0134  -0.0117 -0.00947 -0.00666 -0.00333        0
        2|        0 -0.00264 -0.00537 -0.00785 -0.00997  -0.0117  -0.0131  -0.0141  -0.0149  -0.0154  -0.0156  -0.0155  -0.0152  -0.0147  -0.0138  -0.0125  -0.0108 -0.00858 -0.00594 -0.00293        0
        1|        0 -0.00256 -0.00531 -0.00779 -0.00992  -0.0117   -0.013   -0.014  -0.0147  -0.0151  -0.0153  -0.0151  -0.0147   -0.014   -0.013  -0.0117 -0.00995 -0.00784 -0.00537 -0.00261        0
        0|        0        0        0        0        0        0        0        0        0        0        0        0        0        0        0        0        0        0        0        0        0

G (22x12): 
         |        0        1        2        3        4        5        6        7        8        9       10       11       12       13       14       15       16       17       18       19       20       21
-------------------------------------------------------------------------------------------------------------------------------------------------------------------------------------------------------------------------
       10|        0        0        0        0        0        0        0        0        0        0        0        0        0        0        0        0        0        0        0        0        0        0
        9|  -0.0724   0.0716   0.0369   0.0194    0.011  0.00669  0.00424  0.00275   0.0018  0.00115 0.000658 0.000239-0.000183-0.000631 -0.00123 -0.00218 -0.00394 -0.00765  -0.0163  -0.0381  -0.0838   0.0855
        8|  -0.0446   0.0442   0.0348   0.0229   0.0148  0.00971  0.00645   0.0043  0.00284  0.00177 0.000941 0.000219-0.000494 -0.00132 -0.00241   -0.004 -0.00656  -0.0111  -0.0197  -0.0366   -0.062   0.0619
        7|  -0.0304   0.0301   0.0275   0.0207   0.0148   0.0104  0.00729  0.00502  0.00336  0.00208  0.00103 8.94e-05-0.000878   -0.002 -0.00344 -0.00545 -0.00844   -0.013  -0.0202  -0.0305  -0.0394   0.0393
        6|  -0.0219   0.0217   0.0213   0.0173   0.0133  0.00993  0.00723  0.00512  0.00348  0.00215  0.00102-3.38e-05 -0.00112 -0.00237 -0.00393   -0.006 -0.00883  -0.0127  -0.0178  -0.0238  -0.0264   0.0264
        5|  -0.0161    0.016   0.0163   0.0139   0.0112  0.00873  0.00657  0.00477  0.00328  0.00203 0.000929-0.000119 -0.00121 -0.00244 -0.00392 -0.00579 -0.00817  -0.0111  -0.0146  -0.0181  -0.0186   0.0187
        4|  -0.0119   0.0118   0.0122   0.0107  0.00897  0.00718  0.00554   0.0041  0.00285  0.00177 0.000783-0.000168 -0.00115 -0.00225 -0.00353 -0.00508 -0.00693 -0.00908  -0.0114  -0.0134  -0.0133   0.0133
        3| -0.00844  0.00839  0.00878  0.00788  0.00672  0.00549  0.00431  0.00323  0.00226   0.0014 0.000599-0.000178-0.000987 -0.00187 -0.00288 -0.00405 -0.00539 -0.00686 -0.00833 -0.00953 -0.00927  0.00931
        2| -0.00551  0.00548  0.00579  0.00525  0.00453  0.00375  0.00297  0.00224  0.00158 0.000968 0.000397-0.000165-0.000741 -0.00137 -0.00206 -0.00285 -0.00372 -0.00464 -0.00551  -0.0062 -0.00595  0.00598
        1| -0.00288  0.00291  0.00312  0.00283  0.00245  0.00204  0.00162  0.00123 0.000853 0.000511 0.000185-0.000131-0.000457  -0.0008 -0.00118 -0.00159 -0.00203 -0.00247 -0.00289 -0.00321 -0.00305  0.00304
        0|  -0.0125        0        0        0        0        0        0        0        0        0        0        0        0        0        0        0        0        0        0        0        0   0.0131

rhs (22x12): 
         |        0        1        2        3        4        5        6        7        8        9       10       11       12       13       14       15       16       17       18       19       20       21
-------------------------------------------------------------------------------------------------------------------------------------------------------------------------------------------------------------------------
       11|        0        0        0        0        0        0        0        0        0        0        0        0        0        0        0        0        0        0        0        0        0        0
       10|        0     1.35  -0.0694    0.104   0.0788   0.0473   0.0311   0.0187   0.0146  0.00942  0.00987  0.00814  0.00761   0.0073    0.013    0.019   0.0376   0.0717    0.137    0.101     -2.9        0
        9|        0   -0.104    0.172    0.127   0.0707   0.0435   0.0248   0.0182   0.0103  0.00975  0.00558  0.00759  0.00852    0.013   0.0157   0.0301   0.0555    0.126    0.283    0.455   0.0317        0
        8|        0  -0.0789  -0.0205  -0.0107 -0.00169 -0.00181   0.0016-0.000662  0.00196-0.000592  0.00195-0.000556  0.00228-0.000192   0.0025  0.00015  0.00295 0.000514-8.94e-05  -0.0306  -0.0375        0
        7|        0  -0.0315  -0.0119 -0.00546 -0.00491-0.000565 -0.00214 0.000934 -0.00135  0.00135 -0.00115  0.00143 -0.00118  0.00124 -0.00163 0.000245 -0.00382 -0.00475   -0.015  -0.0237  -0.0184        0
        6|        0  -0.0189 -0.00413 -0.00513 -0.00106 -0.00258 0.000616 -0.00156  0.00121 -0.00123  0.00137 -0.00118  0.00132 -0.00136 0.000924 -0.00216-0.000652 -0.00517 -0.00593  -0.0118  0.00266        0
        5|        0  -0.0109 -0.00439 -0.00109 -0.00281 0.000381 -0.00174   0.0011 -0.00129  0.00136 -0.00116   0.0014 -0.00121  0.00124 -0.00152 0.000651 -0.00257 -0.00112 -0.00523   -0.004  0.00433        0
        4|        0 -0.00973-0.000717 -0.00285 0.000223  -0.0019 0.000981 -0.00136  0.00134 -0.00114  0.00145 -0.00111   0.0014 -0.00124  0.00115 -0.00169 0.000411 -0.00282 -0.00114 -0.00436  0.00648        0
        3|        0 -0.00613  -0.0027 0.000148 -0.00205 0.000844 -0.00146  0.00129 -0.00115  0.00148 -0.00105  0.00151 -0.00109   0.0014  -0.0013  0.00104 -0.00187 0.000211 -0.00292-0.000757  0.00425        0
        2|        0   -0.027  -0.0217  -0.0222  -0.0168  -0.0162  -0.0104 -0.00986 -0.00444 -0.00444 0.000347-0.000312  0.00395   0.0029  0.00673  0.00517   0.0084  0.00616  0.00874  0.00612   0.0145        0
        1|        0    0.137     0.14    0.137    0.125    0.115   0.0971   0.0827   0.0619    0.045   0.0221  0.00356  -0.0212  -0.0421  -0.0689  -0.0913   -0.118   -0.139   -0.162   -0.173   -0.173        0
        0|        0        0        0        0        0        0        0        0        0        0        0        0        0        0        0        0        0        0        0        0        0        0

