t: 1.85541
nCells: 20x10, dx: 0.1, dy: 0.1

u (22x12): 
         |        0        1        2        3        4        5        6        7        8        9       10       11       12       13       14       15       16       17       18       19       20
-------------------------------------------------------------------------------------------------------------------------------------------------------------------------------------------------------------------------
       11|        0 -0.00387 -0.00859  -0.0129  -0.0165  -0.0196   -0.022  -0.0238   -0.025  -0.0257  -0.0259  -0.0257  -0.0251  -0.0239  -0.0223    -0.02  -0.0171  -0.0134 -0.00911 -0.00427        0
       10|        0 -0.00296 -0.00655 -0.00995   -0.013  -0.0157  -0.0179  -0.0197  -0.0211  -0.0221  -0.0226  -0.0227  -0.0224  -0.0215  -0.0201   -0.018  -0.0154  -0.0121 -0.00825 -0.00408        0
        9|        0  -0.0026 -0.00566 -0.00857  -0.0112  -0.0136  -0.0156  -0.0172  -0.0185  -0.0194  -0.0198  -0.0199  -0.0195  -0.0186  -0.0173  -0.0155  -0.0131  -0.0102 -0.00692 -0.00331        0
        8|        0 -0.00229 -0.00494 -0.00749 -0.00983  -0.0119  -0.0137  -0.0152  -0.0163  -0.0171  -0.0174  -0.0174   -0.017  -0.0162   -0.015  -0.0133  -0.0112 -0.00868 -0.00582 -0.00275        0
        7|        0 -0.00202 -0.00436 -0.00661 -0.00869  -0.0105  -0.0121  -0.0134  -0.0145  -0.0151  -0.0154  -0.0154   -0.015  -0.0142  -0.0131  -0.0116 -0.00967 -0.00746 -0.00498 -0.00233        0
        6|        0 -0.00181 -0.00389  -0.0059 -0.00776 -0.00943  -0.0109   -0.012  -0.0129  -0.0135  -0.0138  -0.0137  -0.0134  -0.0126  -0.0116  -0.0102 -0.00848 -0.00652 -0.00433 -0.00203        0
        5|        0 -0.00163 -0.00352 -0.00534 -0.00703 -0.00853 -0.00984  -0.0109  -0.0117  -0.0122  -0.0125  -0.0124   -0.012  -0.0114  -0.0104 -0.00909 -0.00756 -0.00579 -0.00385 -0.00179        0
        4|        0  -0.0015 -0.00323 -0.00491 -0.00646 -0.00786 -0.00905    -0.01  -0.0108  -0.0113  -0.0115  -0.0114   -0.011  -0.0104 -0.00946 -0.00828 -0.00687 -0.00526 -0.00348 -0.00162        0
        3|        0  -0.0014 -0.00304  -0.0046 -0.00606 -0.00736 -0.00849  -0.0094  -0.0101  -0.0105  -0.0107  -0.0106  -0.0103 -0.00968 -0.00881  -0.0077 -0.00638 -0.00487 -0.00323  -0.0015        0
        2|        0 -0.00134 -0.00287 -0.00436 -0.00574 -0.00698 -0.00805 -0.00893 -0.00957    -0.01  -0.0102  -0.0101 -0.00974 -0.00916 -0.00832 -0.00727 -0.00601 -0.00459 -0.00304 -0.00142        0
        1|        0 -0.00109 -0.00237  -0.0036 -0.00475 -0.00577 -0.00666 -0.00739 -0.00794 -0.00829 -0.00844 -0.00837 -0.00809  -0.0076 -0.00691 -0.00603 -0.00499  -0.0038 -0.00252 -0.00116        0
        0|        0  0.00108  0.00235  0.00357  0.00471  0.00572  0.00661  0.00732  0.00787  0.00821  0.00836  0.00829  0.00802  0.00753  0.00685  0.00597  0.00494  0.00377  0.00249  0.00115        0

v (22x12): 
         |        0        1        2        3        4        5        6        7        8        9       10       11       12       13       14       15       16       17       18       19       20       21
-------------------------------------------------------------------------------------------------------------------------------------------------------------------------------------------------------------------------
       10|  -0.0186   0.0187   0.0218   0.0209   0.0193   0.0171   0.0147    0.012  0.00912  0.00609  0.00296-0.000285 -0.00361 -0.00703  -0.0105  -0.0139  -0.0173  -0.0203  -0.0228  -0.0244  -0.0219   0.0217
        9|  -0.0156   0.0157   0.0182   0.0175   0.0162   0.0145   0.0124   0.0102  0.00773  0.00513  0.00242-0.000378 -0.00325 -0.00615 -0.00907  -0.0119  -0.0146   -0.017   -0.019  -0.0202  -0.0179   0.0177
        8|   -0.013   0.0131   0.0152   0.0146   0.0135   0.0121   0.0104  0.00854  0.00647  0.00426  0.00196-0.000434 -0.00286 -0.00532 -0.00773  -0.0101  -0.0122  -0.0142  -0.0157  -0.0166  -0.0146   0.0144
        7|  -0.0107   0.0108   0.0125   0.0121   0.0112     0.01  0.00864  0.00708  0.00535  0.00351  0.00156-0.000433 -0.00247  -0.0045 -0.00649 -0.00839  -0.0101  -0.0116  -0.0129  -0.0135  -0.0118   0.0117
        6| -0.00873   0.0088   0.0102   0.0098   0.0091  0.00816  0.00705  0.00576  0.00435  0.00283  0.00124 -0.00041 -0.00207 -0.00373 -0.00534 -0.00687 -0.00824 -0.00944  -0.0104  -0.0109 -0.00948  0.00939
        5| -0.00694  0.00699  0.00809  0.00779  0.00723   0.0065   0.0056  0.00459  0.00345  0.00224 0.000958-0.000354 -0.00169   -0.003 -0.00428 -0.00547 -0.00656 -0.00747  -0.0082 -0.00859 -0.00747  0.00739
        4| -0.00531  0.00535   0.0062  0.00597  0.00555  0.00498   0.0043  0.00351  0.00265  0.00171 0.000725-0.000295 -0.00131 -0.00233  -0.0033 -0.00421 -0.00502 -0.00572 -0.00625 -0.00655 -0.00567  0.00562
        3| -0.00382  0.00385  0.00446   0.0043  0.00399  0.00359  0.00309  0.00253   0.0019  0.00123 0.000511-0.000216 -0.00096 -0.00168 -0.00238 -0.00303 -0.00361  -0.0041 -0.00448 -0.00468 -0.00406  0.00402
        2| -0.00241  0.00243  0.00283  0.00272  0.00254  0.00227  0.00197  0.00161  0.00121 0.000776 0.000329-0.000143-0.000607 -0.00107 -0.00151 -0.00193 -0.00229  -0.0026 -0.00283 -0.00297 -0.00256  0.00254
        1| -0.00109   0.0011  0.00128  0.00124  0.00115  0.00104 0.000892 0.000735 0.000549  0.00036 0.000149-5.75e-05-0.000276-0.000481-0.000688-0.000869 -0.00104 -0.00118 -0.00129 -0.00134 -0.00116  0.00115
        0|        0        0        0        0        0        0        0        0        0        0        0        0        0        0        0        0        0        0        0        0        0        0

p (22x12): 
         |        0        1        2        3        4        5        6        7        8        9       10       11       12       13       14       15       16       17       18       19       20       21
-------------------------------------------------------------------------------------------------------------------------------------------------------------------------------------------------------------------------
       11|    -5.08    -5.08    -5.08    -5.08    -5.08    -5.08    -5.08    -5.08    -5.08    -5.08    -5.08    -5.08    -5.08    -5.08    -5.07    -5.07    -5.07    -5.07    -5.07    -5.07    -5.07    -5.07
       10|    -5.08    -5.08    -5.08    -5.08    -5.08    -5.08    -5.08    -5.08    -5.08    -5.08    -5.08    -5.08    -5.08    -5.08    -5.07    -5.07    -5.07    -5.07    -5.07    -5.07    -5.07    -5.07
        9|    -5.08    -5.08    -5.08    -5.08    -5.08    -5.08    -5.08    -5.08    -5.08    -5.08    -5.08    -5.08    -5.08    -5.08    -5.08    -5.07    -5.07    -5.07    -5.07    -5.07    -5.07    -5.07
        8|    -5.08    -5.08    -5.08    -5.08    -5.08    -5.08    -5.08    -5.08    -5.08    -5.08    -5.08    -5.08    -5.08    -5.08    -5.08    -5.07    -5.07    -5.07    -5.07    -5.07    -5.07    -5.07
        7|    -5.08    -5.08    -5.08    -5.08    -5.08    -5.08    -5.08    -5.08    -5.08    -5.08    -5.08    -5.08    -5.08    -5.08    -5.08    -5.07    -5.07    -5.07    -5.07    -5.07    -5.07    -5.07
        6|    -5.08    -5.08    -5.08    -5.08    -5.08    -5.08    -5.08    -5.08    -5.08    -5.08    -5.08    -5.08    -5.08    -5.08    -5.08    -5.08    -5.07    -5.07    -5.07    -5.07    -5.07    -5.07
        5|    -5.08    -5.08    -5.08    -5.08    -5.08    -5.08    -5.08    -5.08    -5.08    -5.08    -5.08    -5.08    -5.08    -5.08    -5.08    -5.08    -5.07    -5.07    -5.07    -5.07    -5.07    -5.07
        4|    -5.08    -5.08    -5.08    -5.08    -5.08    -5.08    -5.08    -5.08    -5.08    -5.08    -5.08    -5.08    -5.08    -5.08    -5.08    -5.08    -5.08    -5.07    -5.07    -5.07    -5.07    -5.07
        3|    -5.08    -5.08    -5.08    -5.08    -5.08    -5.08    -5.08    -5.08    -5.08    -5.08    -5.08    -5.08    -5.08    -5.08    -5.08    -5.08    -5.08    -5.08    -5.07    -5.07    -5.07    -5.07
        2|    -5.08    -5.08    -5.08    -5.08    -5.08    -5.08    -5.08    -5.08    -5.08    -5.08    -5.08    -5.08    -5.08    -5.08    -5.08    -5.08    -5.08    -5.08    -5.07    -5.07    -5.07    -5.07
        1|    -5.08    -5.08    -5.08    -5.08    -5.08    -5.08    -5.08    -5.08    -5.08    -5.08    -5.08    -5.08    -5.08    -5.08    -5.08    -5.08    -5.08    -5.08    -5.07    -5.07    -5.07    -5.07
        0|    -5.08    -5.08    -5.08    -5.08    -5.08    -5.08    -5.08    -5.08    -5.08    -5.08    -5.08    -5.08    -5.08    -5.08    -5.08    -5.08    -5.08    -5.08    -5.07    -5.07    -5.07    -5.07

F (22x12): 
         |        0        1        2        3        4        5        6        7        8        9       10       11       12       13       14       15       16       17       18       19       20
-------------------------------------------------------------------------------------------------------------------------------------------------------------------------------------------------------------------------
       11|        0        0        0        0        0        0        0        0        0        0        0        0        0        0        0        0        0        0        0        0        0
       10|        0 -0.00295  -0.0065 -0.00986  -0.0129  -0.0155  -0.0177  -0.0195  -0.0209  -0.0218  -0.0224  -0.0225  -0.0221  -0.0212  -0.0198  -0.0178  -0.0152  -0.0119 -0.00813 -0.00402        0
        9|        0 -0.00259 -0.00562  -0.0085  -0.0111  -0.0135  -0.0155  -0.0171  -0.0183  -0.0191  -0.0196  -0.0196  -0.0193  -0.0184  -0.0171  -0.0153  -0.0129  -0.0101 -0.00682 -0.00327        0
        8|        0 -0.00228  -0.0049 -0.00743 -0.00974  -0.0118  -0.0136   -0.015  -0.0161  -0.0169  -0.0172  -0.0172  -0.0168   -0.016  -0.0148  -0.0131   -0.011 -0.00856 -0.00574 -0.00272        0
        7|        0 -0.00201 -0.00433 -0.00655 -0.00861  -0.0104   -0.012  -0.0133  -0.0143  -0.0149  -0.0153  -0.0152  -0.0148  -0.0141  -0.0129  -0.0114 -0.00955 -0.00736 -0.00492 -0.00231        0
        6|        0 -0.00179 -0.00386 -0.00585 -0.00768 -0.00933  -0.0107  -0.0119  -0.0128  -0.0134  -0.0136  -0.0136  -0.0132  -0.0125  -0.0114    -0.01 -0.00837 -0.00644 -0.00428 -0.00201        0
        5|        0 -0.00162 -0.00349 -0.00528 -0.00696 -0.00844 -0.00974  -0.0108  -0.0116  -0.0121  -0.0123  -0.0123  -0.0119  -0.0112  -0.0102 -0.00898 -0.00747 -0.00572  -0.0038 -0.00177        0
        4|        0 -0.00149  -0.0032 -0.00486 -0.00639 -0.00777 -0.00896 -0.00993  -0.0107  -0.0111  -0.0113  -0.0113  -0.0109  -0.0103 -0.00934 -0.00818 -0.00678 -0.00519 -0.00344 -0.00161        0
        3|        0 -0.00139 -0.00301 -0.00455 -0.00599 -0.00728  -0.0084  -0.0093 -0.00999  -0.0104  -0.0106  -0.0105  -0.0102 -0.00956  -0.0087  -0.0076  -0.0063 -0.00481 -0.00319 -0.00148        0
        2|        0 -0.00132 -0.00284 -0.00432 -0.00568 -0.00691 -0.00796 -0.00883 -0.00947 -0.00988    -0.01 -0.00997 -0.00963 -0.00905 -0.00822 -0.00718 -0.00594 -0.00454   -0.003  -0.0014        0
        1|        0 -0.00108 -0.00234 -0.00355 -0.00469  -0.0057 -0.00658 -0.00729 -0.00783 -0.00817 -0.00832 -0.00825 -0.00798 -0.00749 -0.00681 -0.00594 -0.00492 -0.00375 -0.00248 -0.00115        0
        0|        0  0.00108  0.00235  0.00357  0.00471  0.00572  0.00661  0.00732  0.00787  0.00821  0.00836  0.00829  0.00802  0.00753  0.00685  0.00597  0.00494  0.00377  0.00249  0.00115        0

G (22x12): 
         |        0        1        2        3        4        5        6        7        8        9       10       11       12       13       14       15       16       17       18       19       20       21
-------------------------------------------------------------------------------------------------------------------------------------------------------------------------------------------------------------------------
       10|  -0.0186   0.0185   0.0216   0.0207    0.019   0.0169   0.0145   0.0118  0.00896  0.00596  0.00286-0.000336 -0.00361 -0.00697  -0.0103  -0.0137   -0.017  -0.0199  -0.0224  -0.0239  -0.0214   0.0217
        9|  -0.0156   0.0155    0.018   0.0173    0.016   0.0143   0.0123     0.01   0.0076  0.00503  0.00235-0.000415 -0.00325 -0.00612 -0.00899  -0.0118  -0.0145  -0.0168  -0.0188    -0.02  -0.0176   0.0177
        8|   -0.013   0.0129    0.015   0.0144   0.0134    0.012   0.0103  0.00842  0.00637  0.00418   0.0019 -0.00046 -0.00286 -0.00528 -0.00767 -0.00997  -0.0121   -0.014  -0.0155  -0.0164  -0.0143   0.0144
        7|  -0.0107   0.0107   0.0124   0.0119    0.011   0.0099  0.00853  0.00698  0.00527  0.00344  0.00152-0.000451 -0.00246 -0.00447 -0.00644  -0.0083    -0.01  -0.0115  -0.0127  -0.0134  -0.0116   0.0117
        6| -0.00873  0.00868   0.0101  0.00968  0.00899  0.00806  0.00696  0.00568  0.00429  0.00278  0.00121-0.000422 -0.00206  -0.0037 -0.00529  -0.0068 -0.00815 -0.00933  -0.0102  -0.0108 -0.00935  0.00939
        5| -0.00694   0.0069  0.00799   0.0077  0.00714  0.00642  0.00553  0.00453   0.0034   0.0022 0.000935-0.000362 -0.00168 -0.00298 -0.00424 -0.00542 -0.00649 -0.00739  -0.0081 -0.00849 -0.00736  0.00739
        4| -0.00531  0.00528  0.00613   0.0059  0.00548  0.00492  0.00425  0.00347  0.00261  0.00168 0.000708  -0.0003 -0.00131 -0.00231 -0.00326 -0.00417 -0.00496 -0.00565 -0.00617 -0.00647  -0.0056  0.00562
        3| -0.00382   0.0038  0.00441  0.00425  0.00394  0.00355  0.00306   0.0025  0.00187  0.00121   0.0005 -0.00022-0.000954 -0.00167 -0.00236   -0.003 -0.00357 -0.00405 -0.00443 -0.00463 -0.00401  0.00402
        2| -0.00241   0.0024   0.0028  0.00269  0.00251  0.00225  0.00195  0.00159   0.0012 0.000765 0.000321-0.000145-0.000604 -0.00107  -0.0015 -0.00191 -0.00226 -0.00257  -0.0028 -0.00294 -0.00253  0.00254
        1| -0.00109  0.00109  0.00127  0.00123  0.00114  0.00103 0.000883 0.000727 0.000543 0.000355 0.000146-5.88e-05-0.000275-0.000478-0.000682-0.000862 -0.00103 -0.00117 -0.00128 -0.00133 -0.00114  0.00115
        0|        0        0        0        0        0        0        0        0        0        0        0        0        0        0        0        0        0        0        0        0        0        0

rhs (22x12): 
         |        0        1        2        3        4        5        6        7        8        9       10       11       12       13       14       15       16       17       18       19       20       21
-------------------------------------------------------------------------------------------------------------------------------------------------------------------------------------------------------------------------
       11|        0        0        0        0        0        0        0        0        0        0        0        0        0        0        0        0        0        0        0        0        0        0
       10|        0 -0.00397   0.0125  0.00275  0.00762 -0.00298  0.00211 -0.00746-0.000747 -0.00827 0.000775 -0.00426  0.00791  0.00699   0.0237   0.0272   0.0478   0.0539   0.0745   0.0757   0.0786        0
        9|        0  -0.0018  -0.0046  0.00303 -0.00457  0.00322 -0.00435  0.00342 -0.00419  0.00354 -0.00414  0.00347 -0.00435  0.00322 -0.00463  0.00283 -0.00509  0.00234 -0.00553  0.00238  0.00368        0
        8|        0 -0.00662  0.00353 -0.00421  0.00355 -0.00405  0.00372 -0.00388  0.00387 -0.00378  0.00392 -0.00385  0.00376 -0.00403  0.00353 -0.00431   0.0032 -0.00466  0.00289 -0.00465  0.00895        0
        7|        0-5.71e-05 -0.00389   0.0038 -0.00384  0.00394 -0.00368  0.00409 -0.00355  0.00419 -0.00349  0.00415 -0.00361  0.00401 -0.00378  0.00379 -0.00404  0.00352 -0.00428  0.00352  0.00272        0
        6|        0 -0.00524  0.00403 -0.00368  0.00408 -0.00355  0.00423  -0.0034  0.00436  -0.0033  0.00442 -0.00332  0.00433 -0.00343  0.00418 -0.00362  0.00397 -0.00384  0.00377 -0.00388  0.00814        0
        5|        0  0.00102 -0.00354  0.00418 -0.00347  0.00431 -0.00332  0.00446 -0.00319  0.00456 -0.00312  0.00455 -0.00319  0.00446 -0.00332  0.00429 -0.00352  0.00409 -0.00369  0.00405  0.00204        0
        4|        0 -0.00443  0.00428 -0.00342  0.00435 -0.00329   0.0045 -0.00314  0.00463 -0.00304  0.00469 -0.00304  0.00464 -0.00312  0.00452 -0.00327  0.00434 -0.00346  0.00418 -0.00352   0.0076        0
        3|        0  0.00162 -0.00337  0.00437 -0.00329   0.0045 -0.00314  0.00464 -0.00301  0.00474 -0.00295  0.00475 -0.00298  0.00468  -0.0031  0.00453 -0.00327  0.00436 -0.00343  0.00429  0.00164        0
        2|        0 -0.00397  0.00443 -0.00328  0.00449 -0.00317  0.00461 -0.00305  0.00472 -0.00296  0.00478 -0.00293  0.00476   -0.003  0.00466 -0.00314   0.0045 -0.00329  0.00437 -0.00336  0.00732        0
        1|        0  0.00462  0.00132  0.00705  0.00111  0.00672 0.000687   0.0062 8.53e-05  0.00552-0.000668  0.00469 -0.00154   0.0038 -0.00245  0.00291 -0.00328  0.00218 -0.00389   0.0018 0.000712        0
        0|        0        0        0        0        0        0        0        0        0        0        0        0        0        0        0        0        0        0        0        0        0        0

