t: 1.38492
nCells: 20x10, dx: 0.1, dy: 0.1

u (22x12): 
         |        0        1        2        3        4        5        6        7        8        9       10       11       12       13       14       15       16       17       18       19       20
-------------------------------------------------------------------------------------------------------------------------------------------------------------------------------------------------------------------------
       11|        0     1.92     1.87     1.84     1.83     1.82     1.81     1.81      1.8      1.8      1.8      1.8      1.8      1.8      1.8      1.8     1.81     1.82     1.84     1.89        0
       10|        0   0.0835     0.13    0.157    0.173    0.183     0.19    0.195    0.198      0.2    0.201    0.202    0.202    0.202    0.201    0.199    0.194    0.185    0.163    0.111        0
        9|        0  -0.0316   -0.034  -0.0299  -0.0253  -0.0214  -0.0185  -0.0163  -0.0149  -0.0139  -0.0134  -0.0133  -0.0135  -0.0141  -0.0152   -0.017  -0.0195  -0.0225   -0.025  -0.0223        0
        8|        0  -0.0158  -0.0253   -0.029  -0.0297  -0.0293  -0.0286  -0.0279  -0.0273   -0.027  -0.0269  -0.0271  -0.0276  -0.0285  -0.0299   -0.032  -0.0349  -0.0383    -0.04  -0.0321        0
        7|        0 -0.00971  -0.0176  -0.0222  -0.0246  -0.0257  -0.0261  -0.0261  -0.0261  -0.0262  -0.0263  -0.0265  -0.0269  -0.0275  -0.0283  -0.0294  -0.0304  -0.0308  -0.0285  -0.0197        0
        6|        0 -0.00673   -0.013  -0.0175  -0.0204  -0.0222  -0.0233   -0.024  -0.0244  -0.0247  -0.0249  -0.0251  -0.0253  -0.0255  -0.0257  -0.0257  -0.0252  -0.0235  -0.0195  -0.0115        0
        5|        0  -0.0051  -0.0102  -0.0143  -0.0174  -0.0195   -0.021   -0.022  -0.0227  -0.0232  -0.0235  -0.0237  -0.0237  -0.0236  -0.0232  -0.0225   -0.021  -0.0184  -0.0141 -0.00755        0
        4|        0 -0.00415 -0.00847  -0.0122  -0.0152  -0.0175  -0.0192  -0.0204  -0.0213  -0.0219  -0.0223  -0.0224  -0.0223  -0.0219  -0.0212  -0.0199   -0.018  -0.0151  -0.0109 -0.00557        0
        3|        0 -0.00357 -0.00738  -0.0108  -0.0137   -0.016  -0.0178  -0.0192  -0.0202  -0.0209  -0.0213  -0.0213  -0.0211  -0.0206  -0.0196  -0.0181  -0.0159  -0.0129 -0.00912 -0.00451        0
        2|        0 -0.00326 -0.00673 -0.00992  -0.0127   -0.015  -0.0169  -0.0184  -0.0194  -0.0202  -0.0205  -0.0206  -0.0203  -0.0196  -0.0185  -0.0169  -0.0146  -0.0117 -0.00808 -0.00394        0
        1|        0 -0.00321 -0.00685  -0.0101   -0.013  -0.0153  -0.0171  -0.0185  -0.0194    -0.02  -0.0202    -0.02  -0.0195  -0.0186  -0.0173  -0.0155  -0.0132  -0.0104 -0.00708 -0.00338        0
        0|        0 -0.00257 -0.00545 -0.00815  -0.0105  -0.0126  -0.0143  -0.0157  -0.0167  -0.0173  -0.0176  -0.0176  -0.0172  -0.0165  -0.0153  -0.0137  -0.0116 -0.00912 -0.00622 -0.00306        0

v (22x12): 
         |        0        1        2        3        4        5        6        7        8        9       10       11       12       13       14       15       16       17       18       19       20       21
-------------------------------------------------------------------------------------------------------------------------------------------------------------------------------------------------------------------------
       10|        0        0        0        0        0        0        0        0        0        0        0        0        0        0        0        0        0        0        0        0        0        0
        9|  -0.0829   0.0835   0.0466   0.0267   0.0162   0.0104  0.00683  0.00459  0.00311   0.0021  0.00137 0.000783 0.000208-0.000379 -0.00109 -0.00222 -0.00445 -0.00946  -0.0217  -0.0521   -0.111    0.109
        8|  -0.0514   0.0518   0.0443   0.0307   0.0209   0.0142  0.00975  0.00672   0.0046  0.00306  0.00189 0.000907  2.5e-06-0.000989 -0.00223 -0.00401 -0.00694  -0.0125  -0.0242  -0.0495  -0.0887   0.0867
        7|  -0.0357    0.036   0.0348   0.0271   0.0201   0.0146   0.0105  0.00744  0.00516   0.0034  0.00198 0.000726 -0.00051  -0.0019 -0.00366 -0.00612 -0.00986  -0.0159  -0.0258  -0.0416  -0.0566   0.0553
        6|  -0.0261   0.0263   0.0269   0.0225   0.0177   0.0135   0.0101  0.00734  0.00516  0.00339  0.00188 0.000492-0.000912 -0.00251  -0.0045 -0.00716  -0.0109  -0.0162  -0.0236  -0.0327  -0.0369   0.0361
        5|  -0.0194   0.0196   0.0206    0.018   0.0148   0.0117    0.009  0.00669  0.00475  0.00311  0.00166 0.000285 -0.00113 -0.00273 -0.00467 -0.00714  -0.0104  -0.0145  -0.0196  -0.0248  -0.0254   0.0249
        4|  -0.0143   0.0145   0.0155   0.0139   0.0117  0.00955   0.0075  0.00566  0.00406  0.00264  0.00136 0.000112 -0.00117 -0.00261  -0.0043 -0.00638 -0.00892  -0.0119  -0.0153  -0.0183  -0.0179   0.0175
        3|  -0.0102   0.0103   0.0112   0.0102  0.00876  0.00725  0.00577   0.0044  0.00316  0.00205    0.001-7.89e-06 -0.00106 -0.00222 -0.00356 -0.00514 -0.00698 -0.00904  -0.0112  -0.0129  -0.0123   0.0121
        2| -0.00668  0.00676  0.00739  0.00676  0.00588  0.00491  0.00394  0.00301  0.00216  0.00137 0.000632-9.61e-05-0.000843 -0.00166 -0.00258 -0.00363 -0.00481 -0.00609 -0.00733 -0.00829 -0.00778  0.00765
        1| -0.00347  0.00351  0.00392  0.00357  0.00309  0.00258  0.00205  0.00155  0.00108 0.000657 0.000247-0.000147-0.000556-0.000986 -0.00147 -0.00199 -0.00257 -0.00316 -0.00373 -0.00414 -0.00385  0.00379
        0|  -0.0155   0.0157   0.0174   0.0165   0.0151   0.0133   0.0113  0.00908  0.00675  0.00433  0.00186-0.000661 -0.00321  -0.0058 -0.00839  -0.0109  -0.0134  -0.0156  -0.0174  -0.0186  -0.0171   0.0169

p (22x12): 
         |        0        1        2        3        4        5        6        7        8        9       10       11       12       13       14       15       16       17       18       19       20       21
-------------------------------------------------------------------------------------------------------------------------------------------------------------------------------------------------------------------------
       11|    -2.19    -2.19    -2.19    -2.18    -2.18    -2.18    -2.18    -2.17    -2.17    -2.17    -2.17    -2.17    -2.17    -2.16    -2.16    -2.16    -2.16    -2.15    -2.15    -2.14    -2.12    -2.12
       10|    -2.19    -2.19    -2.19    -2.18    -2.18    -2.18    -2.18    -2.17    -2.17    -2.17    -2.17    -2.17    -2.17    -2.16    -2.16    -2.16    -2.16    -2.15    -2.15    -2.14    -2.12    -2.12
        9|    -2.18    -2.18    -2.18    -2.18    -2.18    -2.18    -2.18    -2.17    -2.17    -2.17    -2.17    -2.17    -2.17    -2.16    -2.16    -2.16    -2.16    -2.15    -2.15    -2.15    -2.14    -2.14
        8|    -2.18    -2.18    -2.18    -2.18    -2.18    -2.18    -2.18    -2.17    -2.17    -2.17    -2.17    -2.17    -2.16    -2.16    -2.16    -2.16    -2.16    -2.15    -2.15    -2.15    -2.14    -2.14
        7|    -2.18    -2.18    -2.18    -2.18    -2.18    -2.18    -2.17    -2.17    -2.17    -2.17    -2.17    -2.17    -2.16    -2.16    -2.16    -2.16    -2.16    -2.15    -2.15    -2.15    -2.15    -2.15
        6|    -2.18    -2.18    -2.18    -2.18    -2.18    -2.17    -2.17    -2.17    -2.17    -2.17    -2.17    -2.17    -2.16    -2.16    -2.16    -2.16    -2.16    -2.16    -2.15    -2.15    -2.15    -2.15
        5|    -2.18    -2.18    -2.18    -2.18    -2.17    -2.17    -2.17    -2.17    -2.17    -2.17    -2.17    -2.17    -2.16    -2.16    -2.16    -2.16    -2.16    -2.16    -2.15    -2.15    -2.15    -2.15
        4|    -2.17    -2.17    -2.17    -2.17    -2.17    -2.17    -2.17    -2.17    -2.17    -2.17    -2.17    -2.17    -2.16    -2.16    -2.16    -2.16    -2.16    -2.16    -2.16    -2.15    -2.15    -2.15
        3|    -2.17    -2.17    -2.17    -2.17    -2.17    -2.17    -2.17    -2.17    -2.17    -2.17    -2.17    -2.17    -2.16    -2.16    -2.16    -2.16    -2.16    -2.16    -2.16    -2.16    -2.16    -2.16
        2|    -2.17    -2.17    -2.17    -2.17    -2.17    -2.17    -2.17    -2.17    -2.17    -2.17    -2.17    -2.17    -2.16    -2.16    -2.16    -2.16    -2.16    -2.16    -2.16    -2.16    -2.16    -2.16
        1|    -2.17    -2.17    -2.17    -2.17    -2.17    -2.17    -2.17    -2.17    -2.17    -2.17    -2.17    -2.17    -2.16    -2.16    -2.16    -2.16    -2.16    -2.16    -2.16    -2.16    -2.16    -2.16
        0|    -2.17    -2.17    -2.17    -2.17    -2.17    -2.17    -2.17    -2.17    -2.17    -2.17    -2.17    -2.17    -2.16    -2.16    -2.16    -2.16    -2.16    -2.16    -2.16    -2.16    -2.16    -2.16

F (22x12): 
         |        0        1        2        3        4        5        6        7        8        9       10       11       12       13       14       15       16       17       18       19       20
-------------------------------------------------------------------------------------------------------------------------------------------------------------------------------------------------------------------------
       11|        0     1.92     1.87     1.84     1.83     1.82     1.81     1.81      1.8      1.8      1.8      1.8      1.8      1.8      1.8      1.8     1.81     1.82     1.84     1.89        0
       10|        0   0.0848    0.131    0.157    0.174    0.184    0.191    0.195    0.198    0.201    0.202    0.203    0.203    0.203    0.201    0.199    0.195    0.186    0.166    0.116        0
        9|        0  -0.0314  -0.0336  -0.0294  -0.0247  -0.0209   -0.018  -0.0158  -0.0144  -0.0134  -0.0129  -0.0128   -0.013  -0.0136  -0.0147  -0.0164  -0.0188  -0.0215  -0.0234    -0.02        0
        8|        0  -0.0157  -0.0251  -0.0286  -0.0293  -0.0289  -0.0281  -0.0274  -0.0268  -0.0265  -0.0264  -0.0266  -0.0271   -0.028  -0.0294  -0.0315  -0.0343  -0.0375   -0.039  -0.0311        0
        7|        0 -0.00965  -0.0174   -0.022  -0.0243  -0.0253  -0.0257  -0.0257  -0.0257  -0.0257  -0.0258   -0.026  -0.0264   -0.027  -0.0278  -0.0288  -0.0298  -0.0301  -0.0279  -0.0192        0
        6|        0 -0.00668  -0.0129  -0.0173  -0.0202  -0.0219   -0.023  -0.0236   -0.024  -0.0243  -0.0245  -0.0247  -0.0249  -0.0251  -0.0252  -0.0252  -0.0247   -0.023   -0.019  -0.0113        0
        5|        0 -0.00506  -0.0101  -0.0141  -0.0171  -0.0192  -0.0207  -0.0217  -0.0224  -0.0228  -0.0231  -0.0233  -0.0233  -0.0232  -0.0228   -0.022  -0.0206   -0.018  -0.0138 -0.00739        0
        4|        0 -0.00411 -0.00838   -0.012   -0.015  -0.0172  -0.0189  -0.0201   -0.021  -0.0216  -0.0219   -0.022  -0.0219  -0.0215  -0.0208  -0.0195  -0.0176  -0.0148  -0.0107 -0.00546        0
        3|        0 -0.00354 -0.00729  -0.0106  -0.0135  -0.0158  -0.0176  -0.0189  -0.0199  -0.0205  -0.0209   -0.021  -0.0208  -0.0202  -0.0192  -0.0177  -0.0156  -0.0127 -0.00893 -0.00442        0
        2|        0 -0.00322 -0.00665  -0.0098  -0.0125  -0.0148  -0.0167  -0.0181  -0.0191  -0.0198  -0.0202  -0.0202  -0.0199  -0.0193  -0.0182  -0.0165  -0.0143  -0.0115 -0.00792 -0.00386        0
        1|        0 -0.00319 -0.00678    -0.01  -0.0128  -0.0151  -0.0169  -0.0182  -0.0191  -0.0196  -0.0198  -0.0196  -0.0191  -0.0182  -0.0169  -0.0152  -0.0129  -0.0102 -0.00693 -0.00332        0
        0|        0        0        0        0        0        0        0        0        0        0        0        0        0        0        0        0        0        0        0        0        0

G (22x12): 
         |        0        1        2        3        4        5        6        7        8        9       10       11       12       13       14       15       16       17       18       19       20       21
-------------------------------------------------------------------------------------------------------------------------------------------------------------------------------------------------------------------------
       10|        0        0        0        0        0        0        0        0        0        0        0        0        0        0        0        0        0        0        0        0        0        0
        9|  -0.0829   0.0819   0.0462   0.0264    0.016   0.0102  0.00668  0.00448  0.00302  0.00204  0.00132 0.000744 0.000179-0.000395  -0.0011  -0.0022 -0.00437  -0.0092   -0.021  -0.0503   -0.107    0.109
        8|  -0.0514   0.0509   0.0435   0.0301   0.0204   0.0138  0.00948  0.00651  0.00445  0.00294   0.0018 0.000838-5.42e-05 -0.00104 -0.00227 -0.00406 -0.00699  -0.0125  -0.0241  -0.0489  -0.0868   0.0867
        7|  -0.0357   0.0354   0.0342   0.0266   0.0197   0.0143   0.0102  0.00724    0.005  0.00329  0.00189 0.000658-0.000562 -0.00193 -0.00368 -0.00613 -0.00983  -0.0158  -0.0256   -0.041  -0.0555   0.0553
        6|  -0.0261   0.0259   0.0265   0.0221   0.0174   0.0132  0.00986  0.00716  0.00502  0.00328   0.0018 0.000433-0.000951 -0.00253 -0.00449 -0.00712  -0.0108   -0.016  -0.0233  -0.0322  -0.0361   0.0361
        5|  -0.0194   0.0193   0.0203   0.0177   0.0145   0.0115   0.0088  0.00654  0.00463  0.00302  0.00159 0.000237 -0.00116 -0.00273 -0.00465 -0.00708  -0.0103  -0.0143  -0.0193  -0.0243  -0.0249   0.0249
        4|  -0.0143   0.0142   0.0153   0.0136   0.0115  0.00937  0.00734  0.00553  0.00396  0.00256   0.0013 7.74e-05 -0.00119  -0.0026 -0.00427 -0.00631  -0.0088  -0.0118   -0.015  -0.0179  -0.0175   0.0175
        3|  -0.0102   0.0102    0.011     0.01  0.00861  0.00712  0.00565  0.00431  0.00309  0.00199 0.000965-3.09e-05 -0.00107 -0.00221 -0.00353 -0.00507 -0.00688  -0.0089   -0.011  -0.0127   -0.012   0.0121
        2| -0.00668  0.00665  0.00728  0.00665  0.00578  0.00482  0.00386  0.00295  0.00211  0.00133 0.000609-0.000107-0.000843 -0.00165 -0.00255 -0.00359 -0.00475   -0.006 -0.00721 -0.00815 -0.00762  0.00765
        1| -0.00347  0.00352  0.00393  0.00358  0.00311  0.00259  0.00206  0.00156  0.00109 0.000658 0.000246-0.000149-0.000558-0.000988 -0.00147 -0.00199 -0.00256 -0.00314  -0.0037 -0.00411 -0.00381  0.00379
        0|  -0.0155        0        0        0        0        0        0        0        0        0        0        0        0        0        0        0        0        0        0        0        0   0.0169

rhs (22x12): 
         |        0        1        2        3        4        5        6        7        8        9       10       11       12       13       14       15       16       17       18       19       20       21
-------------------------------------------------------------------------------------------------------------------------------------------------------------------------------------------------------------------------
       11|        0        0        0        0        0        0        0        0        0        0        0        0        0        0        0        0        0        0        0        0        0        0
       10|        0     1.12   -0.169    0.108    0.108   0.0748   0.0541   0.0347   0.0274   0.0175   0.0171    0.013   0.0162   0.0102   0.0182   0.0267   0.0573    0.115    0.219    0.109    -3.51        0
        9|        0   -0.137    0.207    0.176    0.109   0.0739    0.045   0.0342   0.0201   0.0184   0.0104   0.0134  0.00991   0.0207   0.0233    0.047   0.0914    0.218    0.486    0.736   0.0445        0
        8|        0  -0.0917  -0.0256  -0.0148 -0.00111 -0.00201   0.0036-0.000557  0.00387-0.000686  0.00367-0.000854  0.00401 1.05e-05  0.00487  0.00128  0.00784  0.00927   0.0238  -0.0165  -0.0574        0
        7|        0  -0.0367  -0.0168 -0.00759 -0.00772-0.000641 -0.00359  0.00169 -0.00231  0.00238 -0.00197  0.00252 -0.00197  0.00228 -0.00265 0.000726 -0.00624 -0.00795  -0.0272  -0.0472  -0.0527        0
        6|        0  -0.0234 -0.00548 -0.00798 -0.00139 -0.00429  0.00115 -0.00269  0.00212 -0.00214  0.00241 -0.00203  0.00234 -0.00232  0.00168 -0.00369 -0.00116 -0.00945  -0.0119  -0.0231 -0.00575        0
        5|        0  -0.0128 -0.00679 -0.00138 -0.00463 0.000792 -0.00297  0.00193 -0.00224  0.00237 -0.00201  0.00246 -0.00208  0.00221  -0.0026  0.00118 -0.00451 -0.00219 -0.00978 -0.00784  0.00241        0
        4|        0  -0.0124-0.000753 -0.00466 0.000563 -0.00323  0.00174 -0.00236  0.00233 -0.00199  0.00254 -0.00191  0.00247 -0.00212  0.00206  -0.0029  0.00072 -0.00503 -0.00228 -0.00796   0.0078        0
        3|        0 -0.00706 -0.00438 0.000472 -0.00345  0.00152 -0.00253  0.00223 -0.00202  0.00257 -0.00182  0.00264 -0.00187  0.00247 -0.00222  0.00185 -0.00324 0.000325 -0.00523  -0.0015  0.00459        0
        2|        0  -0.0362  -0.0307  -0.0324  -0.0238  -0.0237  -0.0145  -0.0145 -0.00589 -0.00672 0.000845 -0.00106  0.00561  0.00305  0.00902  0.00561   0.0106  0.00602  0.00996  0.00503   0.0175        0
        1|        0    0.127    0.132    0.133    0.121    0.116   0.0991   0.0889    0.068   0.0542   0.0301   0.0137  -0.0136  -0.0343  -0.0656  -0.0897   -0.123   -0.147   -0.176   -0.189   -0.188        0
        0|        0        0        0        0        0        0        0        0        0        0        0        0        0        0        0        0        0        0        0        0        0        0

