t: 1.56769
nCells: 20x10, dx: 0.1, dy: 0.1

u (22x12): 
         |        0        1        2        3        4        5        6        7        8        9       10       11       12       13       14       15       16       17       18       19       20
-------------------------------------------------------------------------------------------------------------------------------------------------------------------------------------------------------------------------
       11|        0  -0.0035 -0.00757  -0.0112  -0.0144   -0.017  -0.0191  -0.0206  -0.0217  -0.0223  -0.0225  -0.0223  -0.0217  -0.0207  -0.0193  -0.0173  -0.0147  -0.0116 -0.00789 -0.00374        0
       10|        0 -0.00275 -0.00593 -0.00891  -0.0116  -0.0139  -0.0158  -0.0173  -0.0185  -0.0192  -0.0196  -0.0196  -0.0193  -0.0184  -0.0172  -0.0154  -0.0131  -0.0103   -0.007 -0.00345        0
        9|        0 -0.00239  -0.0051 -0.00766 -0.00999   -0.012  -0.0138  -0.0151  -0.0162  -0.0169  -0.0172  -0.0172  -0.0168   -0.016  -0.0148  -0.0132  -0.0112 -0.00869 -0.00589 -0.00283        0
        8|        0 -0.00209 -0.00443 -0.00667 -0.00871  -0.0105  -0.0121  -0.0133  -0.0142  -0.0149  -0.0151  -0.0151  -0.0147   -0.014  -0.0129  -0.0114 -0.00956 -0.00741 -0.00498 -0.00238        0
        7|        0 -0.00183  -0.0039 -0.00586 -0.00768 -0.00928  -0.0107  -0.0118  -0.0126  -0.0132  -0.0134  -0.0133   -0.013  -0.0123  -0.0113 -0.00992  -0.0083  -0.0064 -0.00429 -0.00203        0
        6|        0 -0.00163 -0.00346 -0.00522 -0.00684 -0.00828 -0.00952  -0.0105  -0.0113  -0.0118   -0.012  -0.0119  -0.0115  -0.0109 -0.00996 -0.00876 -0.00729 -0.00561 -0.00374 -0.00177        0
        5|        0 -0.00147 -0.00313 -0.00471 -0.00618 -0.00749 -0.00861 -0.00952  -0.0102  -0.0106  -0.0108  -0.0108  -0.0104  -0.0098 -0.00895 -0.00784 -0.00652   -0.005 -0.00334 -0.00157        0
        4|        0 -0.00135 -0.00287 -0.00433 -0.00567 -0.00688 -0.00791 -0.00876 -0.00938 -0.00979 -0.00995 -0.00987 -0.00954 -0.00898 -0.00817 -0.00715 -0.00593 -0.00455 -0.00302 -0.00143        0
        3|        0 -0.00126 -0.00268 -0.00404 -0.00531 -0.00644 -0.00741  -0.0082 -0.00879 -0.00916 -0.00931 -0.00922 -0.00891 -0.00837 -0.00762 -0.00665 -0.00552 -0.00422 -0.00281 -0.00132        0
        2|        0  -0.0012 -0.00255 -0.00384 -0.00504 -0.00612 -0.00704 -0.00779 -0.00835 -0.00871 -0.00884 -0.00876 -0.00846 -0.00794 -0.00721  -0.0063 -0.00521 -0.00399 -0.00265 -0.00125        0
        1|        0   -0.001 -0.00215 -0.00325 -0.00428 -0.00519 -0.00598 -0.00661 -0.00709 -0.00739 -0.00752 -0.00744 -0.00719 -0.00675 -0.00613 -0.00535 -0.00443 -0.00338 -0.00225 -0.00105        0
        0|        0 0.000996  0.00213  0.00322  0.00423  0.00513  0.00591  0.00654  0.00701  0.00731  0.00743  0.00735   0.0071  0.00666  0.00606  0.00529  0.00438  0.00334  0.00222  0.00104        0

v (22x12): 
         |        0        1        2        3        4        5        6        7        8        9       10       11       12       13       14       15       16       17       18       19       20       21
-------------------------------------------------------------------------------------------------------------------------------------------------------------------------------------------------------------------------
       10|  -0.0168    0.017   0.0193   0.0183   0.0168   0.0149   0.0127   0.0102  0.00767  0.00499  0.00225 -0.00056 -0.00342 -0.00634 -0.00926  -0.0122  -0.0149  -0.0175  -0.0195  -0.0209   -0.019   0.0188
        9|  -0.0141   0.0143   0.0161   0.0153   0.0141   0.0126   0.0107   0.0087  0.00652  0.00423  0.00186-0.000568 -0.00304 -0.00552 -0.00799  -0.0104  -0.0126  -0.0146  -0.0163  -0.0173  -0.0156   0.0154
        8|  -0.0117   0.0119   0.0134   0.0128   0.0118   0.0105  0.00901  0.00731  0.00548  0.00353  0.00152-0.000554 -0.00265 -0.00474  -0.0068 -0.00877  -0.0106  -0.0122  -0.0135  -0.0143  -0.0128   0.0126
        7| -0.00967  0.00978    0.011   0.0105  0.00974  0.00871  0.00747  0.00607  0.00454  0.00292  0.00122-0.000508 -0.00226   -0.004  -0.0057  -0.0073 -0.00877    -0.01   -0.011  -0.0116  -0.0104   0.0103
        6| -0.00785  0.00794  0.00895  0.00857  0.00793  0.00709  0.00609  0.00495   0.0037  0.00237 0.000979-0.000452 -0.00189 -0.00331 -0.00468 -0.00597 -0.00714 -0.00814 -0.00892  -0.0094 -0.00837  0.00827
        5| -0.00624  0.00631   0.0071  0.00682  0.00631  0.00565  0.00485  0.00395  0.00295  0.00188 0.000762-0.000378 -0.00153 -0.00266 -0.00375 -0.00476 -0.00568 -0.00646 -0.00707 -0.00742 -0.00661  0.00653
        4| -0.00478  0.00483  0.00545  0.00522  0.00484  0.00433  0.00373  0.00303  0.00226  0.00144  0.00058-0.000306 -0.00119 -0.00206 -0.00289 -0.00367 -0.00436 -0.00495  -0.0054 -0.00567 -0.00504  0.00497
        3| -0.00344  0.00348  0.00392  0.00377  0.00349  0.00313  0.00269  0.00219  0.00163  0.00104 0.000411-0.000223-0.000867 -0.00149 -0.00209 -0.00264 -0.00314 -0.00356 -0.00388 -0.00407 -0.00362  0.00357
        2| -0.00219  0.00221   0.0025   0.0024  0.00223  0.00199  0.00172  0.00139  0.00104  0.00066 0.000265-0.000146-0.000551-0.000955 -0.00133 -0.00169   -0.002 -0.00227 -0.00247 -0.00259 -0.00229  0.00227
        1| -0.00101  0.00101  0.00115  0.00111  0.00102 0.000921 0.000789 0.000646 0.000479 0.000308 0.000121-6.24e-05-0.000255-0.000435-0.000615-0.000773-0.000921 -0.00104 -0.00114 -0.00119 -0.00105  0.00104
        0|        0        0        0        0        0        0        0        0        0        0        0        0        0        0        0        0        0        0        0        0        0        0

p (22x12): 
         |        0        1        2        3        4        5        6        7        8        9       10       11       12       13       14       15       16       17       18       19       20       21
-------------------------------------------------------------------------------------------------------------------------------------------------------------------------------------------------------------------------
       11|    -3.13    -3.13    -3.13    -3.13    -3.13    -3.13    -3.12    -3.12    -3.12    -3.12    -3.12    -3.12    -3.12    -3.12    -3.12    -3.11    -3.11    -3.11    -3.11    -3.11    -3.11    -3.11
       10|    -3.13    -3.13    -3.13    -3.13    -3.13    -3.12    -3.12    -3.12    -3.12    -3.12    -3.12    -3.12    -3.12    -3.12    -3.12    -3.11    -3.11    -3.11    -3.11    -3.11    -3.11    -3.11
        9|    -3.12    -3.12    -3.12    -3.12    -3.12    -3.12    -3.12    -3.12    -3.12    -3.12    -3.12    -3.12    -3.12    -3.12    -3.12    -3.12    -3.11    -3.11    -3.11    -3.11    -3.11    -3.11
        8|    -3.12    -3.12    -3.12    -3.12    -3.12    -3.12    -3.12    -3.12    -3.12    -3.12    -3.12    -3.12    -3.12    -3.12    -3.12    -3.12    -3.12    -3.11    -3.11    -3.11    -3.11    -3.11
        7|    -3.12    -3.12    -3.12    -3.12    -3.12    -3.12    -3.12    -3.12    -3.12    -3.12    -3.12    -3.12    -3.12    -3.12    -3.12    -3.12    -3.12    -3.12    -3.11    -3.11    -3.11    -3.11
        6|    -3.12    -3.12    -3.12    -3.12    -3.12    -3.12    -3.12    -3.12    -3.12    -3.12    -3.12    -3.12    -3.12    -3.12    -3.12    -3.12    -3.12    -3.12    -3.12    -3.11    -3.11    -3.11
        5|    -3.12    -3.12    -3.12    -3.12    -3.12    -3.12    -3.12    -3.12    -3.12    -3.12    -3.12    -3.12    -3.12    -3.12    -3.12    -3.12    -3.12    -3.12    -3.12    -3.12    -3.12    -3.12
        4|    -3.12    -3.12    -3.12    -3.12    -3.12    -3.12    -3.12    -3.12    -3.12    -3.12    -3.12    -3.12    -3.12    -3.12    -3.12    -3.12    -3.12    -3.12    -3.12    -3.12    -3.12    -3.12
        3|    -3.12    -3.12    -3.12    -3.12    -3.12    -3.12    -3.12    -3.12    -3.12    -3.12    -3.12    -3.12    -3.12    -3.12    -3.12    -3.12    -3.12    -3.12    -3.12    -3.12    -3.12    -3.12
        2|    -3.12    -3.12    -3.12    -3.12    -3.12    -3.12    -3.12    -3.12    -3.12    -3.12    -3.12    -3.12    -3.12    -3.12    -3.12    -3.12    -3.12    -3.12    -3.12    -3.12    -3.12    -3.12
        1|    -3.12    -3.12    -3.12    -3.12    -3.12    -3.12    -3.12    -3.12    -3.12    -3.12    -3.12    -3.12    -3.12    -3.12    -3.12    -3.12    -3.12    -3.12    -3.12    -3.12    -3.12    -3.12
        0|    -3.12    -3.12    -3.12    -3.12    -3.12    -3.12    -3.12    -3.12    -3.12    -3.12    -3.12    -3.12    -3.12    -3.12    -3.12    -3.12    -3.12    -3.12    -3.12    -3.12    -3.12    -3.12

F (22x12): 
         |        0        1        2        3        4        5        6        7        8        9       10       11       12       13       14       15       16       17       18       19       20
-------------------------------------------------------------------------------------------------------------------------------------------------------------------------------------------------------------------------
       11|        0        0        0        0        0        0        0        0        0        0        0        0        0        0        0        0        0        0        0        0        0
       10|        0 -0.00273 -0.00587 -0.00881  -0.0114  -0.0137  -0.0156  -0.0171  -0.0182   -0.019  -0.0194  -0.0194   -0.019  -0.0182  -0.0169  -0.0152  -0.0129  -0.0101 -0.00689 -0.00339        0
        9|        0 -0.00237 -0.00504 -0.00757 -0.00987  -0.0119  -0.0136  -0.0149   -0.016  -0.0166   -0.017  -0.0169  -0.0165  -0.0158  -0.0146   -0.013   -0.011 -0.00856 -0.00579 -0.00279        0
        8|        0 -0.00207 -0.00438 -0.00659  -0.0086  -0.0104  -0.0119  -0.0131   -0.014  -0.0146  -0.0149  -0.0149  -0.0145  -0.0138  -0.0127  -0.0112 -0.00941  -0.0073 -0.00491 -0.00234        0
        7|        0 -0.00181 -0.00385 -0.00579 -0.00758 -0.00916  -0.0105  -0.0116  -0.0124   -0.013  -0.0132  -0.0131  -0.0128  -0.0121  -0.0111 -0.00977 -0.00817  -0.0063 -0.00422   -0.002        0
        6|        0 -0.00161 -0.00342 -0.00516 -0.00675 -0.00818 -0.00939  -0.0104  -0.0111  -0.0116  -0.0118  -0.0117  -0.0114  -0.0107 -0.00981 -0.00862 -0.00718 -0.00553 -0.00369 -0.00175        0
        5|        0 -0.00145 -0.00309 -0.00465  -0.0061 -0.00739  -0.0085 -0.00939  -0.0101  -0.0105  -0.0107  -0.0106  -0.0103 -0.00966 -0.00881 -0.00772 -0.00642 -0.00492 -0.00329 -0.00155        0
        4|        0 -0.00134 -0.00283 -0.00427  -0.0056 -0.00679 -0.00781 -0.00864 -0.00925 -0.00965  -0.0098 -0.00973  -0.0094 -0.00884 -0.00805 -0.00704 -0.00584 -0.00448 -0.00298 -0.00141        0
        3|        0 -0.00125 -0.00265 -0.00399 -0.00524 -0.00635 -0.00731 -0.00808 -0.00867 -0.00903 -0.00918 -0.00909 -0.00878 -0.00825  -0.0075 -0.00655 -0.00543 -0.00416 -0.00277  -0.0013        0
        2|        0 -0.00119 -0.00251 -0.00379 -0.00497 -0.00604 -0.00694 -0.00769 -0.00823 -0.00858 -0.00871 -0.00863 -0.00833 -0.00782 -0.00711 -0.00621 -0.00514 -0.00393 -0.00261 -0.00124        0
        1|        0-0.000992 -0.00212  -0.0032 -0.00421  -0.0051 -0.00588 -0.00651 -0.00698 -0.00727 -0.00739 -0.00732 -0.00707 -0.00663 -0.00603 -0.00526 -0.00436 -0.00333 -0.00221 -0.00104        0
        0|        0 0.000996  0.00213  0.00322  0.00423  0.00513  0.00591  0.00654  0.00701  0.00731  0.00743  0.00735   0.0071  0.00666  0.00606  0.00529  0.00438  0.00334  0.00222  0.00104        0

G (22x12): 
         |        0        1        2        3        4        5        6        7        8        9       10       11       12       13       14       15       16       17       18       19       20       21
-------------------------------------------------------------------------------------------------------------------------------------------------------------------------------------------------------------------------
       10|  -0.0168   0.0167    0.019   0.0181   0.0165   0.0146   0.0124     0.01  0.00751  0.00487  0.00217-0.000592  -0.0034 -0.00625 -0.00911  -0.0119  -0.0146  -0.0171  -0.0191  -0.0204  -0.0186   0.0188
        9|  -0.0141    0.014   0.0158   0.0151   0.0139   0.0124   0.0106  0.00855   0.0064  0.00414   0.0018-0.000591 -0.00303 -0.00547  -0.0079  -0.0102  -0.0125  -0.0144   -0.016   -0.017  -0.0153   0.0154
        8|  -0.0117   0.0117   0.0132   0.0126   0.0116   0.0104  0.00886  0.00719  0.00538  0.00346  0.00147 -0.00057 -0.00263  -0.0047 -0.00671 -0.00865  -0.0104   -0.012  -0.0133   -0.014  -0.0126   0.0126
        7| -0.00967  0.00962   0.0109   0.0104   0.0096  0.00858  0.00735  0.00597  0.00446  0.00286  0.00119-0.000518 -0.00225 -0.00396 -0.00563  -0.0072 -0.00865 -0.00989  -0.0109  -0.0115  -0.0102   0.0103
        6| -0.00785  0.00781  0.00882  0.00845  0.00782  0.00699    0.006  0.00487  0.00364  0.00232 0.000953-0.000458 -0.00187 -0.00327 -0.00462 -0.00589 -0.00704 -0.00803  -0.0088 -0.00926 -0.00823  0.00827
        5| -0.00624   0.0062    0.007  0.00672  0.00622  0.00557  0.00478  0.00389   0.0029  0.00185 0.000742-0.000382 -0.00152 -0.00263  -0.0037  -0.0047  -0.0056 -0.00636 -0.00696 -0.00731  -0.0065  0.00653
        4| -0.00478  0.00475  0.00537  0.00515  0.00477  0.00427  0.00367  0.00298  0.00223  0.00141 0.000565-0.000308 -0.00118 -0.00204 -0.00285 -0.00362  -0.0043 -0.00488 -0.00532 -0.00558 -0.00495  0.00497
        3| -0.00344  0.00342  0.00387  0.00372  0.00344  0.00308  0.00265  0.00216   0.0016  0.00102 0.000401-0.000224-0.000859 -0.00147 -0.00207 -0.00261  -0.0031 -0.00351 -0.00383 -0.00401 -0.00356  0.00357
        2| -0.00219  0.00218  0.00247  0.00237   0.0022  0.00197  0.00169  0.00137  0.00103 0.000648 0.000259-0.000147-0.000546-0.000944 -0.00132 -0.00167 -0.00197 -0.00224 -0.00243 -0.00255 -0.00226  0.00227
        1| -0.00101    0.001  0.00113  0.00109  0.00101 0.000909 0.000779 0.000637 0.000473 0.000303 0.000119 -6.3e-05-0.000253-0.000431-0.000608-0.000765-0.000911 -0.00103 -0.00112 -0.00117 -0.00104  0.00104
        0|        0        0        0        0        0        0        0        0        0        0        0        0        0        0        0        0        0        0        0        0        0        0

rhs (22x12): 
         |        0        1        2        3        4        5        6        7        8        9       10       11       12       13       14       15       16       17       18       19       20       21
-------------------------------------------------------------------------------------------------------------------------------------------------------------------------------------------------------------------------
       11|        0        0        0        0        0        0        0        0        0        0        0        0        0        0        0        0        0        0        0        0        0        0
       10|        0 -0.00541  0.00708-0.000114  0.00352 -0.00415-0.000201 -0.00693 -0.00162 -0.00671 0.000417  -0.0028  0.00669  0.00651   0.0192   0.0221   0.0374   0.0419   0.0569    0.058   0.0621        0
        9|        0  -0.0024 -0.00347  0.00215 -0.00342  0.00231 -0.00324  0.00248  -0.0031  0.00258 -0.00306  0.00253  -0.0032  0.00236  -0.0034   0.0021 -0.00371  0.00176 -0.00402  0.00176  0.00348        0
        8|        0 -0.00575  0.00253 -0.00315  0.00256 -0.00302  0.00271 -0.00288  0.00282  -0.0028  0.00287 -0.00284  0.00276 -0.00296   0.0026 -0.00315  0.00238  -0.0034  0.00216 -0.00341  0.00725        0
        7|        0-0.000789  -0.0029  0.00276 -0.00285  0.00287 -0.00272  0.00299 -0.00262  0.00307 -0.00257  0.00304 -0.00266  0.00295 -0.00278  0.00279 -0.00296   0.0026 -0.00313  0.00259  0.00259        0
        6|        0 -0.00449  0.00293 -0.00273  0.00298 -0.00262   0.0031 -0.00251   0.0032 -0.00243  0.00324 -0.00245  0.00318 -0.00252  0.00307 -0.00266  0.00292 -0.00282  0.00278 -0.00285  0.00651        0
        5|        0 0.000182 -0.00262  0.00306 -0.00256  0.00316 -0.00245  0.00327 -0.00235  0.00335  -0.0023  0.00334 -0.00235  0.00327 -0.00244  0.00315 -0.00258  0.00301 -0.00271  0.00297  0.00198        0
        4|        0 -0.00376  0.00313 -0.00252  0.00319 -0.00242   0.0033 -0.00231   0.0034 -0.00223  0.00345 -0.00223  0.00341 -0.00229  0.00332 -0.00241  0.00319 -0.00254  0.00307 -0.00259  0.00603        0
        3|        0 0.000718 -0.00249   0.0032 -0.00242   0.0033 -0.00231  0.00341 -0.00221  0.00348 -0.00216  0.00349 -0.00219  0.00343 -0.00228  0.00332 -0.00241   0.0032 -0.00252  0.00315  0.00162        0
        2|        0 -0.00337  0.00324 -0.00242  0.00329 -0.00234  0.00339 -0.00224  0.00347 -0.00217  0.00351 -0.00215   0.0035  -0.0022  0.00342 -0.00231  0.00331 -0.00242  0.00321 -0.00248  0.00577        0
        1|        0  0.00337  0.00136  0.00554  0.00115  0.00524  0.00076  0.00476  0.00021  0.00414-0.000466  0.00341 -0.00124  0.00263 -0.00202  0.00187 -0.00272  0.00125 -0.00324 0.000912 0.000502        0
        0|        0        0        0        0        0        0        0        0        0        0        0        0        0        0        0        0        0        0        0        0        0        0

