t: 0.352726
nCells: 20x10, dx: 0.1, dy: 0.1

u (22x12): 
         |        0        1        2        3        4        5        6        7        8        9       10       11       12       13       14       15       16       17       18       19       20
-------------------------------------------------------------------------------------------------------------------------------------------------------------------------------------------------------------------------
       11|        0     1.97     1.96     1.95     1.95     1.95     1.95     1.95     1.94     1.94     1.94     1.94     1.94     1.95     1.95     1.95     1.95     1.95     1.96     1.97        0
       10|        0   0.0321   0.0455   0.0517    0.055   0.0569    0.058   0.0587   0.0592   0.0594   0.0595   0.0594   0.0592   0.0589   0.0582   0.0571   0.0554   0.0523   0.0463   0.0328        0
        9|        0  -0.0128  -0.0132  -0.0115 -0.00988 -0.00869 -0.00787 -0.00731 -0.00696 -0.00676 -0.00669 -0.00675 -0.00693 -0.00727  -0.0078 -0.00861 -0.00978  -0.0114   -0.013  -0.0126        0
        8|        0  -0.0065 -0.00903 -0.00944 -0.00913 -0.00867 -0.00824 -0.00792 -0.00769 -0.00756 -0.00752 -0.00756  -0.0077 -0.00793 -0.00827 -0.00872 -0.00924 -0.00965 -0.00938 -0.00697        0
        7|        0 -0.00372 -0.00605 -0.00713  -0.0075 -0.00754 -0.00746 -0.00735 -0.00726  -0.0072 -0.00718  -0.0072 -0.00727 -0.00737  -0.0075 -0.00761 -0.00761 -0.00729 -0.00626 -0.00392        0
        6|        0 -0.00243 -0.00432 -0.00552 -0.00619 -0.00653 -0.00669 -0.00675 -0.00678 -0.00678 -0.00679 -0.00679 -0.00679 -0.00678 -0.00673 -0.00659 -0.00627 -0.00563 -0.00445 -0.00252        0
        5|        0 -0.00176  -0.0033 -0.00443  -0.0052  -0.0057 -0.00601  -0.0062 -0.00631 -0.00637 -0.00639 -0.00638 -0.00633 -0.00623 -0.00605 -0.00575 -0.00527 -0.00451 -0.00337 -0.00181        0
        4|        0 -0.00139 -0.00266  -0.0037 -0.00449 -0.00506 -0.00546 -0.00573  -0.0059   -0.006 -0.00603 -0.00601 -0.00592 -0.00576  -0.0055 -0.00511 -0.00454 -0.00376 -0.00271 -0.00141        0
        3|        0 -0.00116 -0.00227 -0.00322   -0.004  -0.0046 -0.00504 -0.00536 -0.00557 -0.00569 -0.00573 -0.00569 -0.00558 -0.00538 -0.00507 -0.00463 -0.00404 -0.00326  -0.0023 -0.00118        0
        2|        0 -0.00103 -0.00204 -0.00293 -0.00368 -0.00428 -0.00475 -0.00509 -0.00532 -0.00545  -0.0055 -0.00546 -0.00533 -0.00511 -0.00477 -0.00431 -0.00371 -0.00296 -0.00206 -0.00105        0
        1|        0-0.000965 -0.00192 -0.00278 -0.00352 -0.00412 -0.00459 -0.00494 -0.00517 -0.00531 -0.00536 -0.00531 -0.00518 -0.00494 -0.00459 -0.00412 -0.00352 -0.00279 -0.00193-0.000968        0
        0|        0-0.000807 -0.00161 -0.00234 -0.00298 -0.00352 -0.00395 -0.00428 -0.00451 -0.00465 -0.00469 -0.00465 -0.00452 -0.00429 -0.00397 -0.00354   -0.003 -0.00236 -0.00162-0.000814        0

v (22x12): 
         |        0        1        2        3        4        5        6        7        8        9       10       11       12       13       14       15       16       17       18       19       20       21
-------------------------------------------------------------------------------------------------------------------------------------------------------------------------------------------------------------------------
       10|        0        0        0        0        0        0        0        0        0        0        0        0        0        0        0        0        0        0        0        0        0        0
        9|    -0.03   0.0321   0.0134  0.00619  0.00325  0.00187  0.00114 0.000717 0.000442 0.000247  9.1e-05-5.34e-05-0.000206-0.000392-0.000651 -0.00105 -0.00175 -0.00309 -0.00604  -0.0135  -0.0328   0.0306
        8|  -0.0181   0.0193    0.013  0.00791  0.00486  0.00306  0.00197  0.00127 0.000796 0.000445 0.000158-0.000107-0.000388-0.000729 -0.00119 -0.00186 -0.00292 -0.00468 -0.00773   -0.013  -0.0202   0.0188
        7|   -0.012   0.0128   0.0105  0.00749  0.00517  0.00353  0.00239   0.0016  0.00102 0.000575   0.0002-0.000151-0.000522 -0.00096 -0.00153 -0.00231 -0.00344 -0.00508 -0.00746  -0.0106  -0.0132   0.0123
        6| -0.00852  0.00912  0.00814  0.00641   0.0048  0.00349  0.00248  0.00171  0.00111 0.000633 0.000219-0.000175-0.000587 -0.00106 -0.00165 -0.00242 -0.00344 -0.00477 -0.00643 -0.00825 -0.00933  0.00869
        5| -0.00625  0.00669  0.00624  0.00522  0.00413  0.00314  0.00232  0.00164  0.00109 0.000627 0.000215-0.000179 -0.00059 -0.00105  -0.0016 -0.00228 -0.00312 -0.00412 -0.00525 -0.00632 -0.00681  0.00635
        4| -0.00461  0.00492  0.00471  0.00408  0.00336  0.00264  0.00201  0.00145 0.000981 0.000569 0.000195-0.000166 -0.00054-0.000953 -0.00143 -0.00198 -0.00263 -0.00336 -0.00411 -0.00477   -0.005  0.00466
        3| -0.00331  0.00354  0.00344  0.00305  0.00257  0.00207  0.00161  0.00118 0.000809 0.000473 0.000162-0.000141-0.000453 -0.00079 -0.00117 -0.00159 -0.00207 -0.00257 -0.00307 -0.00347 -0.00358  0.00335
        2| -0.00223  0.00237  0.00233  0.00209   0.0018  0.00148  0.00116 0.000868   0.0006 0.000353  0.00012-0.000107 -0.00034-0.000588-0.000859 -0.00116 -0.00147  -0.0018 -0.00211 -0.00235  -0.0024  0.00225
        1| -0.00127  0.00134  0.00132   0.0012  0.00104 0.000872 0.000696 0.000527 0.000368 0.000218 7.38e-05-6.77e-05-0.000212-0.000363-0.000524-0.000695-0.000873 -0.00105 -0.00121 -0.00133 -0.00135  0.00128
        0| -0.00445   0.0048  0.00479  0.00449  0.00405  0.00353  0.00294  0.00231  0.00166    0.001 0.000342-0.000322-0.000986 -0.00165  -0.0023 -0.00293 -0.00353 -0.00406  -0.0045 -0.00481 -0.00482  0.00447

p (22x12): 
         |        0        1        2        3        4        5        6        7        8        9       10       11       12       13       14       15       16       17       18       19       20       21
-------------------------------------------------------------------------------------------------------------------------------------------------------------------------------------------------------------------------
       11|  -0.0613  -0.0613  -0.0518   -0.046  -0.0418  -0.0384  -0.0354  -0.0328  -0.0304   -0.028  -0.0258  -0.0235  -0.0213   -0.019  -0.0166   -0.014   -0.011 -0.00756 -0.00311  0.00331    0.014    0.014
       10|  -0.0613  -0.0613  -0.0518   -0.046  -0.0418  -0.0384  -0.0354  -0.0328  -0.0304   -0.028  -0.0258  -0.0235  -0.0213   -0.019  -0.0166   -0.014   -0.011 -0.00756 -0.00311  0.00331    0.014    0.014
        9|  -0.0518  -0.0518  -0.0482  -0.0443  -0.0409  -0.0378  -0.0351  -0.0326  -0.0302   -0.028  -0.0257  -0.0236  -0.0213  -0.0191  -0.0167  -0.0142  -0.0115 -0.00842 -0.00486-0.000674  0.00366  0.00366
        8|  -0.0462  -0.0462  -0.0445  -0.0421  -0.0395   -0.037  -0.0345  -0.0322    -0.03  -0.0278  -0.0257  -0.0236  -0.0214  -0.0193   -0.017  -0.0147  -0.0122 -0.00964  -0.0069 -0.00421 -0.00219 -0.00219
        7|  -0.0426  -0.0426  -0.0416    -0.04   -0.038   -0.036  -0.0339  -0.0318  -0.0297  -0.0277  -0.0256  -0.0236  -0.0216  -0.0195  -0.0174  -0.0153  -0.0131   -0.011 -0.00892 -0.00713 -0.00601 -0.00601
        6|  -0.0401  -0.0401  -0.0394  -0.0382  -0.0367   -0.035  -0.0332  -0.0313  -0.0294  -0.0275  -0.0255  -0.0236  -0.0217  -0.0198  -0.0178  -0.0159  -0.0141  -0.0123  -0.0107  -0.0094 -0.00869 -0.00869
        5|  -0.0382  -0.0382  -0.0377  -0.0368  -0.0356  -0.0341  -0.0325  -0.0308  -0.0291  -0.0273  -0.0255  -0.0237  -0.0218    -0.02  -0.0182  -0.0165  -0.0149  -0.0134  -0.0121  -0.0111  -0.0106  -0.0106
        4|  -0.0368  -0.0368  -0.0365  -0.0357  -0.0347  -0.0334   -0.032  -0.0305  -0.0288  -0.0271  -0.0254  -0.0237   -0.022  -0.0203  -0.0186   -0.017  -0.0156  -0.0143  -0.0132  -0.0124   -0.012   -0.012
        3|  -0.0359  -0.0359  -0.0356  -0.0349   -0.034  -0.0329  -0.0316  -0.0302  -0.0286   -0.027  -0.0254  -0.0237  -0.0221  -0.0205  -0.0189  -0.0174  -0.0161  -0.0149   -0.014  -0.0133   -0.013   -0.013
        2|  -0.0353  -0.0353   -0.035  -0.0344  -0.0336  -0.0325  -0.0313  -0.0299  -0.0285  -0.0269  -0.0253  -0.0237  -0.0221  -0.0206  -0.0191  -0.0177  -0.0164  -0.0154  -0.0145  -0.0139  -0.0136  -0.0136
        1|   -0.035   -0.035  -0.0348  -0.0342  -0.0334  -0.0324  -0.0312  -0.0299  -0.0284  -0.0269  -0.0253  -0.0237  -0.0222  -0.0206  -0.0192  -0.0178  -0.0166  -0.0155  -0.0147  -0.0141  -0.0139  -0.0139
        0|  -0.0336  -0.0336  -0.0333  -0.0329  -0.0322  -0.0313  -0.0303  -0.0292  -0.0279  -0.0266  -0.0252  -0.0238  -0.0225  -0.0211  -0.0199  -0.0187  -0.0177  -0.0168  -0.0161  -0.0156  -0.0154  -0.0154

F (22x12): 
         |        0        1        2        3        4        5        6        7        8        9       10       11       12       13       14       15       16       17       18       19       20
-------------------------------------------------------------------------------------------------------------------------------------------------------------------------------------------------------------------------
       11|        0     1.97     1.96     1.95     1.95     1.95     1.95     1.95     1.94     1.94     1.94     1.94     1.94     1.95     1.95     1.95     1.95     1.95     1.96     1.97        0
       10|        0   0.0345    0.047   0.0528   0.0559   0.0576   0.0587   0.0593   0.0598     0.06   0.0601     0.06   0.0598   0.0595   0.0589   0.0579   0.0563   0.0534   0.0479   0.0355        0
        9|        0  -0.0119  -0.0122  -0.0106 -0.00911   -0.008 -0.00723 -0.00671 -0.00638  -0.0062 -0.00614 -0.00619 -0.00636 -0.00667 -0.00717 -0.00792   -0.009  -0.0105   -0.012  -0.0115        0
        8|        0 -0.00606 -0.00841 -0.00879 -0.00849 -0.00805 -0.00766 -0.00735 -0.00714 -0.00702 -0.00698 -0.00702 -0.00715 -0.00736 -0.00768  -0.0081 -0.00858 -0.00895  -0.0087 -0.00646        0
        7|        0 -0.00347 -0.00564 -0.00663 -0.00697 -0.00701 -0.00693 -0.00682 -0.00674 -0.00668 -0.00666 -0.00669 -0.00675 -0.00684 -0.00696 -0.00706 -0.00706 -0.00676 -0.00581 -0.00363        0
        6|        0 -0.00227 -0.00403 -0.00513 -0.00575 -0.00607 -0.00621 -0.00627 -0.00629  -0.0063  -0.0063  -0.0063  -0.0063 -0.00629 -0.00625 -0.00612 -0.00582 -0.00522 -0.00412 -0.00234        0
        5|        0 -0.00164 -0.00307 -0.00412 -0.00483  -0.0053 -0.00558 -0.00576 -0.00586 -0.00591 -0.00593 -0.00592 -0.00587 -0.00578 -0.00561 -0.00534 -0.00489 -0.00418 -0.00312 -0.00168        0
        4|        0 -0.00129 -0.00248 -0.00344 -0.00417  -0.0047 -0.00507 -0.00532 -0.00547 -0.00556 -0.00559 -0.00557 -0.00549 -0.00534 -0.00509 -0.00473 -0.00421 -0.00348 -0.00251 -0.00131        0
        3|        0 -0.00108 -0.00211 -0.00299 -0.00371 -0.00426 -0.00467 -0.00497 -0.00516 -0.00527 -0.00531 -0.00528 -0.00517 -0.00498  -0.0047 -0.00429 -0.00374 -0.00302 -0.00214  -0.0011        0
        2|        0 -0.00096 -0.00189 -0.00272 -0.00341 -0.00397  -0.0044 -0.00471 -0.00493 -0.00505 -0.00509 -0.00506 -0.00494 -0.00473 -0.00442 -0.00399 -0.00343 -0.00274 -0.00191 -0.00097        0
        1|        0-0.000896 -0.00178 -0.00258 -0.00326 -0.00381 -0.00425 -0.00457 -0.00479 -0.00492 -0.00496 -0.00491 -0.00479 -0.00457 -0.00424 -0.00381 -0.00326 -0.00258 -0.00178-0.000896        0
        0|        0        0        0        0        0        0        0        0        0        0        0        0        0        0        0        0        0        0        0        0        0

G (22x12): 
         |        0        1        2        3        4        5        6        7        8        9       10       11       12       13       14       15       16       17       18       19       20       21
-------------------------------------------------------------------------------------------------------------------------------------------------------------------------------------------------------------------------
       10|        0        0        0        0        0        0        0        0        0        0        0        0        0        0        0        0        0        0        0        0        0        0
        9|    -0.03   0.0297   0.0125  0.00576  0.00302  0.00174  0.00106 0.000666  0.00041 0.000228  8.3e-05-5.13e-05-0.000193-0.000367-0.000609-0.000984 -0.00163 -0.00287  -0.0056  -0.0124  -0.0302   0.0306
        8|  -0.0181   0.0179   0.0121  0.00734   0.0045  0.00284  0.00183  0.00118 0.000737  0.00041 0.000144-0.000103-0.000366-0.000685 -0.00111 -0.00174 -0.00273 -0.00437 -0.00721  -0.0121  -0.0187   0.0188
        7|   -0.012   0.0119  0.00974  0.00696   0.0048  0.00328  0.00222  0.00148 0.000946 0.000532 0.000183-0.000144-0.000491  -0.0009 -0.00143 -0.00216 -0.00321 -0.00474 -0.00695 -0.00985  -0.0123   0.0123
        6| -0.00852  0.00847  0.00757  0.00596  0.00446  0.00324   0.0023  0.00159  0.00103 0.000587   0.0002-0.000166-0.000552-0.000996 -0.00155 -0.00226 -0.00321 -0.00444 -0.00599 -0.00767 -0.00865  0.00869
        5| -0.00625  0.00622  0.00582  0.00486  0.00384  0.00293  0.00216  0.00153  0.00101 0.000582 0.000198 -0.00017-0.000554-0.000985  -0.0015 -0.00213 -0.00291 -0.00384 -0.00489 -0.00588 -0.00632  0.00635
        4| -0.00461  0.00458   0.0044  0.00381  0.00313  0.00247  0.00187  0.00135 0.000914 0.000529  0.00018-0.000158-0.000508-0.000893 -0.00134 -0.00185 -0.00246 -0.00314 -0.00383 -0.00444 -0.00464  0.00466
        3| -0.00331   0.0033  0.00321  0.00285   0.0024  0.00194   0.0015  0.00111 0.000756 0.000442  0.00015-0.000134-0.000426-0.000742 -0.00109 -0.00149 -0.00194 -0.00241 -0.00286 -0.00324 -0.00333  0.00335
        2| -0.00223  0.00222  0.00218  0.00196  0.00168  0.00138  0.00109 0.000815 0.000563 0.000331 0.000112-0.000102-0.000321-0.000554-0.000808 -0.00109 -0.00139 -0.00169 -0.00198  -0.0022 -0.00224  0.00225
        1| -0.00127  0.00128  0.00126  0.00115    0.001 0.000835 0.000668 0.000506 0.000353 0.000209 7.05e-05-6.57e-05-0.000204-0.000349-0.000503-0.000666-0.000835   -0.001 -0.00115 -0.00127 -0.00129  0.00128
        0| -0.00445        0        0        0        0        0        0        0        0        0        0        0        0        0        0        0        0        0        0        0        0  0.00447

rhs (22x12): 
         |        0        1        2        3        4        5        6        7        8        9       10       11       12       13       14       15       16       17       18       19       20       21
-------------------------------------------------------------------------------------------------------------------------------------------------------------------------------------------------------------------------
       11|        0        0        0        0        0        0        0        0        0        0        0        0        0        0        0        0        0        0        0        0        0        0
       10|        0     1.89 -0.00657   0.0137  0.00746  0.00355  0.00201  0.00114 0.000997 0.000794  0.00104  0.00076  0.00121   0.0016  0.00261  0.00394  0.00682   0.0121   0.0231   0.0327    -2.11        0
        9|        0  -0.0299   0.0325   0.0178  0.00824   0.0044  0.00237  0.00165 0.000969  0.00091 0.000599  0.00115  0.00114  0.00169  0.00221  0.00383  0.00665   0.0139   0.0314   0.0601   0.0183        0
        8|        0  -0.0219 -0.00376 -0.00171-0.000538 -0.00035 4.77e-06-0.000123 0.000104-7.91e-05 0.000122-6.14e-05 0.000132-7.61e-05  9.1e-05-0.000177-0.000168-0.000885 -0.00226 -0.00632 0.000905        0
        7|        0 -0.00968  -0.0017-0.000812 -0.00057-0.000139-0.000214 4.42e-05 -0.00012 9.13e-05-9.89e-05 9.82e-05-0.000106 7.11e-05-0.000165-4.99e-05-0.000414-0.000565 -0.00143 -0.00216  0.00368        0
        6|        0 -0.00571-0.000671-0.000603-0.000201-0.000265  9.4e-06-0.000143 7.78e-05-0.000106 9.52e-05-0.000102 8.78e-05-0.000124 4.16e-05-0.000212 -0.00012-0.000496-0.000577  -0.0011  0.00355        0
        5|        0 -0.00376-0.000524-0.000208-0.000295-1.89e-05-0.000163 6.55e-05-0.000112 9.39e-05-9.83e-05 9.64e-05-0.000105 7.84e-05-0.000141  1.5e-05-0.000247-0.000152-0.000485-0.000428  0.00275        0
        4|        0 -0.00297-0.000168  -0.0003-3.73e-05-0.000181 5.31e-05-0.000119 9.23e-05-9.58e-05 0.000104-9.45e-05 9.72e-05-0.000109 6.92e-05-0.000157 -5.6e-06-0.000265-0.000147-0.000415  0.00241        0
        3|        0  -0.0023-0.000284-4.58e-05-0.000196 3.89e-05-0.000128 8.81e-05-9.56e-05 0.000108-8.55e-05 0.000109-9.16e-05 9.62e-05-0.000115 5.82e-05-0.000172-2.05e-05-0.000268-0.000115  0.00194        0
        2|        0 -0.00722 -0.00511 -0.00488 -0.00411 -0.00365 -0.00277 -0.00228 -0.00141-0.000972-0.000175 0.000193 0.000931  0.00125  0.00194  0.00219  0.00278  0.00291  0.00335  0.00332  0.00547        0
        1|        0    0.151    0.149     0.14    0.126     0.11    0.092   0.0728   0.0526   0.0323   0.0115 -0.00907  -0.0301  -0.0507  -0.0714  -0.0913    -0.11   -0.127   -0.142   -0.151   -0.154        0
        0|        0        0        0        0        0        0        0        0        0        0        0        0        0        0        0        0        0        0        0        0        0        0

