t: 0.100186
nCells: 20x10, dx: 0.1, dy: 0.1

u (22x12): 
         |        0        1        2        3        4        5        6        7        8        9       10       11       12       13       14       15       16       17       18       19       20
-------------------------------------------------------------------------------------------------------------------------------------------------------------------------------------------------------------------------
       11|        0-0.000245-0.000481-0.000691-0.000871 -0.00102 -0.00113 -0.00121 -0.00127  -0.0013 -0.00131  -0.0013 -0.00127 -0.00121 -0.00113 -0.00102-0.000871-0.000692-0.000481-0.000245        0
       10|        0-0.000205-0.000402-0.000582-0.000739-0.000871-0.000975 -0.00105 -0.00111 -0.00114 -0.00115 -0.00114 -0.00111 -0.00105-0.000976-0.000871 -0.00074-0.000583-0.000403-0.000205        0
        9|        0-0.000174-0.000341-0.000496-0.000634-0.000751-0.000846 -0.00092-0.000971   -0.001 -0.00101   -0.001-0.000972 -0.00092-0.000846-0.000751-0.000634-0.000497-0.000342-0.000174        0
        8|        0-0.000149-0.000293-0.000428-0.000549-0.000653-0.000739-0.000806-0.000854-0.000883-0.000892-0.000883-0.000854-0.000806-0.000739-0.000653-0.000549-0.000428-0.000294-0.000149        0
        7|        0-0.000129-0.000255-0.000373 -0.00048-0.000573-0.000651-0.000712-0.000756-0.000782-0.000791-0.000782-0.000756-0.000712-0.000651-0.000573 -0.00048-0.000374-0.000255-0.000129        0
        6|        0-0.000114-0.000225 -0.00033-0.000425-0.000509-0.000579-0.000635-0.000675-0.000699-0.000708-0.000699-0.000675-0.000635-0.000579-0.000509-0.000426 -0.00033-0.000225-0.000114        0
        5|        0-0.000102-0.000202-0.000296-0.000382-0.000458-0.000522-0.000573 -0.00061-0.000633 -0.00064-0.000633 -0.00061-0.000573-0.000522-0.000458-0.000382-0.000296-0.000202-0.000102        0
        4|        0-9.31e-05-0.000184 -0.00027-0.000349-0.000419-0.000479-0.000526 -0.00056-0.000581-0.000588-0.000581 -0.00056-0.000526-0.000479-0.000419-0.000349 -0.00027-0.000184-9.31e-05        0
        3|        0-8.66e-05-0.000171-0.000252-0.000326-0.000391-0.000447-0.000491-0.000523-0.000543 -0.00055-0.000543-0.000523-0.000491-0.000447-0.000391-0.000326-0.000252-0.000171-8.66e-05        0
        2|        0-8.24e-05-0.000163 -0.00024 -0.00031-0.000373-0.000426-0.000468-0.000499-0.000518-0.000525-0.000518-0.000499-0.000468-0.000426-0.000373 -0.00031 -0.00024-0.000163-8.24e-05        0
        1|        0-7.98e-05-0.000158-0.000232-0.000301-0.000361-0.000413-0.000454-0.000484-0.000503-0.000509-0.000503-0.000485-0.000454-0.000413-0.000361-0.000301-0.000232-0.000158-7.98e-05        0
        0|        0 5.62e-05 0.000111 0.000163 0.000211 0.000254  0.00029 0.000319  0.00034 0.000353 0.000358 0.000353  0.00034 0.000319  0.00029 0.000254 0.000211 0.000163 0.000111 5.62e-05        0

v (22x12): 
         |        0        1        2        3        4        5        6        7        8        9       10       11       12       13       14       15       16       17       18       19       20       21
-------------------------------------------------------------------------------------------------------------------------------------------------------------------------------------------------------------------------
       10|-0.000854  0.00121  0.00118   0.0011 0.000995 0.000864 0.000718 0.000563 0.000404 0.000243 8.11e-05-8.08e-05-0.000243-0.000404-0.000563-0.000718-0.000864-0.000995  -0.0011 -0.00118 -0.00122 0.000854
        9| -0.00071  0.00101 0.000985 0.000924 0.000838 0.000733 0.000613 0.000484 0.000349  0.00021 7.04e-05-7.02e-05 -0.00021-0.000349-0.000484-0.000613-0.000733-0.000838-0.000924-0.000985 -0.00101  0.00071
        8|-0.000588 0.000836 0.000817 0.000769 0.000701 0.000616 0.000518 0.000411 0.000297  0.00018 6.02e-05   -6e-05 -0.00018-0.000297 -0.00041-0.000518-0.000616-0.000701-0.000769-0.000817-0.000836 0.000588
        7|-0.000483 0.000687 0.000672 0.000634  0.00058 0.000511 0.000432 0.000343 0.000249 0.000151 5.06e-05-5.05e-05-0.000151-0.000249-0.000343-0.000432-0.000511 -0.00058-0.000634-0.000672-0.000688 0.000483
        6|-0.000392 0.000558 0.000546 0.000516 0.000473 0.000418 0.000354 0.000282 0.000205 0.000125 4.18e-05-4.17e-05-0.000125-0.000205-0.000282-0.000354-0.000418-0.000473-0.000516-0.000546-0.000558 0.000392
        5|-0.000312 0.000444 0.000435 0.000412 0.000378 0.000335 0.000284 0.000227 0.000165   0.0001 3.37e-05-3.36e-05  -0.0001-0.000165-0.000227-0.000284-0.000335-0.000378-0.000412-0.000435-0.000444 0.000312
        4| -0.00024 0.000342 0.000335 0.000317 0.000292 0.000259  0.00022 0.000176 0.000128 7.79e-05 2.62e-05-2.61e-05-7.79e-05-0.000128-0.000176 -0.00022-0.000259-0.000292-0.000317-0.000335-0.000342  0.00024
        3|-0.000175 0.000249 0.000244 0.000231 0.000213 0.000189  0.00016 0.000128 9.37e-05  5.7e-05 1.91e-05-1.91e-05 -5.7e-05-9.37e-05-0.000128 -0.00016-0.000189-0.000213-0.000231-0.000244-0.000249 0.000175
        2|-0.000114 0.000162 0.000159 0.000151 0.000139 0.000123 0.000105  8.4e-05 6.13e-05 3.73e-05 1.25e-05-1.25e-05-3.73e-05-6.13e-05 -8.4e-05-0.000105-0.000123-0.000139-0.000151-0.000159-0.000162 0.000114
        1|-5.62e-05 7.98e-05 7.83e-05 7.42e-05 6.83e-05 6.07e-05 5.16e-05 4.14e-05 3.02e-05 1.84e-05 6.18e-06-6.17e-06-1.84e-05-3.02e-05-4.14e-05-5.17e-05-6.07e-05-6.83e-05-7.42e-05-7.83e-05-7.98e-05 5.62e-05
        0|        0        0        0        0        0        0        0        0        0        0        0        0        0        0        0        0        0        0        0        0        0        0

p (22x12): 
         |        0        1        2        3        4        5        6        7        8        9       10       11       12       13       14       15       16       17       18       19       20       21
-------------------------------------------------------------------------------------------------------------------------------------------------------------------------------------------------------------------------
       11|  -0.0105  -0.0105  -0.0103 -0.00968 -0.00886 -0.00783 -0.00662 -0.00527 -0.00382 -0.00231-0.000747 0.000824  0.00238   0.0039  0.00535   0.0067  0.00791  0.00894  0.00976   0.0103   0.0106   0.0106
       10| -0.00908 -0.00908 -0.00884 -0.00836 -0.00767 -0.00679 -0.00576 -0.00459 -0.00334 -0.00201 -0.00065 0.000727  0.00209  0.00341  0.00467  0.00584  0.00687  0.00775  0.00844  0.00892  0.00916  0.00916
        9| -0.00787 -0.00787 -0.00767 -0.00726 -0.00667 -0.00592 -0.00502 -0.00402 -0.00292 -0.00176-0.000565 0.000643  0.00184    0.003  0.00409   0.0051    0.006  0.00675  0.00734  0.00775  0.00795  0.00795
        8| -0.00687 -0.00687 -0.00669 -0.00634 -0.00584 -0.00518 -0.00441 -0.00353 -0.00256 -0.00155-0.000493 0.000571  0.00162  0.00264   0.0036  0.00448  0.00526  0.00592  0.00642  0.00677  0.00695  0.00695
        7| -0.00605 -0.00605 -0.00589 -0.00559 -0.00514 -0.00457 -0.00389 -0.00311 -0.00227 -0.00137-0.000432 0.000511  0.00144  0.00235  0.00319  0.00397  0.00465  0.00522  0.00567  0.00597  0.00613  0.00613
        6| -0.00538 -0.00538 -0.00524 -0.00497 -0.00458 -0.00407 -0.00347 -0.00278 -0.00202 -0.00122-0.000382 0.000461   0.0013   0.0021  0.00286  0.00355  0.00415  0.00466  0.00505  0.00532  0.00546  0.00546
        5| -0.00484 -0.00484 -0.00472 -0.00448 -0.00413 -0.00368 -0.00313 -0.00251 -0.00182  -0.0011-0.000342 0.000421  0.00118   0.0019  0.00259  0.00321  0.00376  0.00421  0.00456   0.0048  0.00492  0.00492
        4| -0.00443 -0.00443 -0.00432 -0.00411 -0.00378 -0.00337 -0.00287  -0.0023 -0.00167   -0.001-0.000311  0.00039  0.00108  0.00175  0.00238  0.00295  0.00345  0.00386  0.00419   0.0044  0.00451  0.00451
        3| -0.00414 -0.00414 -0.00403 -0.00383 -0.00353 -0.00314 -0.00268 -0.00214 -0.00156-0.000935-0.000288 0.000368  0.00102  0.00164  0.00222  0.00276  0.00322  0.00361  0.00391  0.00411  0.00422  0.00422
        2| -0.00394 -0.00394 -0.00384 -0.00365 -0.00337   -0.003 -0.00255 -0.00204 -0.00149-0.000891-0.000273 0.000353 0.000971  0.00157  0.00212  0.00263  0.00308  0.00345  0.00373  0.00392  0.00402  0.00402
        1| -0.00385 -0.00385 -0.00375 -0.00356 -0.00328 -0.00292 -0.00249   -0.002 -0.00145-0.000869-0.000266 0.000345 0.000949  0.00153  0.00208  0.00257    0.003  0.00336  0.00364  0.00383  0.00393  0.00393
        0| -0.00385 -0.00385 -0.00375 -0.00356 -0.00328 -0.00292 -0.00249   -0.002 -0.00145-0.000869-0.000266 0.000345 0.000949  0.00153  0.00208  0.00257    0.003  0.00336  0.00364  0.00383  0.00393  0.00393

F (22x12): 
         |        0        1        2        3        4        5        6        7        8        9       10       11       12       13       14       15       16       17       18       19       20
-------------------------------------------------------------------------------------------------------------------------------------------------------------------------------------------------------------------------
       11|        0        0        0        0        0        0        0        0        0        0        0        0        0        0        0        0        0        0        0        0        0
       10|        0-0.000144-0.000283-0.000409-0.000519-0.000611-0.000684-0.000739-0.000778  -0.0008-0.000808  -0.0008-0.000778-0.000739-0.000684-0.000611-0.000519-0.000409-0.000283-0.000144        0
        9|        0-0.000122 -0.00024-0.000348-0.000445-0.000527-0.000593-0.000645-0.000681-0.000702-0.000709-0.000702-0.000681-0.000645-0.000593-0.000527-0.000445-0.000349 -0.00024-0.000122        0
        8|        0-0.000105-0.000206  -0.0003-0.000385-0.000458-0.000518-0.000565-0.000599-0.000619-0.000625-0.000619-0.000599-0.000565-0.000518-0.000458-0.000385  -0.0003-0.000206-0.000105        0
        7|        0-9.09e-05-0.000179-0.000262-0.000337-0.000402-0.000456-0.000499 -0.00053-0.000548-0.000554-0.000548 -0.00053-0.000499-0.000456-0.000402-0.000337-0.000262-0.000179-9.09e-05        0
        6|        0-8.01e-05-0.000158-0.000232-0.000298-0.000357-0.000406-0.000445-0.000473 -0.00049-0.000496 -0.00049-0.000473-0.000445-0.000406-0.000357-0.000298-0.000232-0.000158-8.01e-05        0
        5|        0-7.17e-05-0.000142-0.000208-0.000268-0.000321-0.000366-0.000402-0.000428-0.000444-0.000449-0.000444-0.000428-0.000402-0.000366-0.000321-0.000268-0.000208-0.000142-7.18e-05        0
        4|        0-6.54e-05-0.000129 -0.00019-0.000245-0.000294-0.000335-0.000369-0.000393-0.000407-0.000412-0.000407-0.000393-0.000369-0.000335-0.000294-0.000245 -0.00019-0.000129-6.54e-05        0
        3|        0-6.08e-05 -0.00012-0.000177-0.000228-0.000274-0.000313-0.000344-0.000367-0.000381-0.000385-0.000381-0.000367-0.000344-0.000313-0.000274-0.000228-0.000177 -0.00012-6.08e-05        0
        2|        0-5.79e-05-0.000114-0.000168-0.000217-0.000261-0.000298-0.000328 -0.00035-0.000363-0.000368-0.000363 -0.00035-0.000328-0.000298-0.000261-0.000217-0.000168-0.000114-5.78e-05        0
        1|        0-5.59e-05-0.000111-0.000162 -0.00021-0.000253-0.000289-0.000318-0.000339-0.000351-0.000356-0.000351-0.000339-0.000318-0.000289-0.000253 -0.00021-0.000162-0.000111-5.59e-05        0
        0|        0 5.62e-05 0.000111 0.000163 0.000211 0.000254  0.00029 0.000319  0.00034 0.000353 0.000358 0.000353  0.00034 0.000319  0.00029 0.000254 0.000211 0.000163 0.000111 5.62e-05        0

G (22x12): 
         |        0        1        2        3        4        5        6        7        8        9       10       11       12       13       14       15       16       17       18       19       20       21
-------------------------------------------------------------------------------------------------------------------------------------------------------------------------------------------------------------------------
       10|-0.000854 0.000849 0.000828 0.000773 0.000696 0.000604 0.000502 0.000393 0.000282  0.00017 5.65e-05-5.65e-05-0.000169-0.000282-0.000393-0.000502-0.000604-0.000696-0.000773-0.000828-0.000849 0.000854
        9| -0.00071 0.000706 0.000691 0.000648 0.000587 0.000513 0.000429 0.000339 0.000244 0.000147 4.92e-05-4.92e-05-0.000147-0.000244-0.000339-0.000429-0.000513-0.000587-0.000648-0.000691-0.000706  0.00071
        8|-0.000588 0.000585 0.000573 0.000539 0.000491 0.000431 0.000363 0.000287 0.000208 0.000126 4.21e-05 -4.2e-05-0.000126-0.000208-0.000287-0.000363-0.000431-0.000491-0.000539-0.000573-0.000585 0.000588
        7|-0.000483 0.000481 0.000471 0.000445 0.000406 0.000358 0.000302  0.00024 0.000174 0.000106 3.54e-05-3.54e-05-0.000106-0.000174 -0.00024-0.000302-0.000358-0.000406-0.000445-0.000471-0.000481 0.000483
        6|-0.000392  0.00039 0.000383 0.000362 0.000332 0.000293 0.000248 0.000198 0.000144 8.73e-05 2.92e-05-2.92e-05-8.73e-05-0.000144-0.000198-0.000248-0.000293-0.000332-0.000362-0.000383 -0.00039 0.000392
        5|-0.000312 0.000311 0.000305 0.000289 0.000265 0.000234 0.000199 0.000159 0.000116 7.03e-05 2.36e-05-2.36e-05-7.03e-05-0.000116-0.000159-0.000199-0.000234-0.000265-0.000289-0.000305-0.000311 0.000312
        4| -0.00024 0.000239 0.000235 0.000222 0.000204 0.000181 0.000154 0.000123 8.98e-05 5.46e-05 1.83e-05-1.83e-05-5.46e-05-8.98e-05-0.000123-0.000154-0.000181-0.000204-0.000223-0.000235-0.000239  0.00024
        3|-0.000175 0.000174 0.000171 0.000162 0.000149 0.000132 0.000112    9e-05 6.57e-05    4e-05 1.34e-05-1.34e-05   -4e-05-6.57e-05   -9e-05-0.000112-0.000132-0.000149-0.000162-0.000171-0.000174 0.000175
        2|-0.000114 0.000113 0.000112 0.000106 9.73e-05 8.64e-05 7.35e-05 5.89e-05  4.3e-05 2.62e-05 8.78e-06-8.78e-06-2.62e-05 -4.3e-05-5.89e-05-7.35e-05-8.64e-05-9.73e-05-0.000106-0.000112-0.000114 0.000114
        1|-5.62e-05 5.59e-05  5.5e-05 5.21e-05  4.8e-05 4.26e-05 3.63e-05 2.91e-05 2.12e-05 1.29e-05 4.34e-06-4.34e-06-1.29e-05-2.12e-05-2.91e-05-3.63e-05-4.26e-05 -4.8e-05-5.21e-05 -5.5e-05-5.59e-05 5.62e-05
        0|        0        0        0        0        0        0        0        0        0        0        0        0        0        0        0        0        0        0        0        0        0        0

rhs (22x12): 
         |        0        1        2        3        4        5        6        7        8        9       10       11       12       13       14       15       16       17       18       19       20       21
-------------------------------------------------------------------------------------------------------------------------------------------------------------------------------------------------------------------------
       11|        0        0        0        0        0        0        0        0        0        0        0        0        0        0        0        0        0        0        0        0        0        0
       10|        0-0.000773-0.000451-0.000448-0.000383-0.000355 -0.00028-0.000235 -0.00016-0.000104-3.44e-05 3.22e-05 9.64e-05 0.000174 0.000233 0.000319 0.000369 0.000453 0.000483 0.000548 0.000826        0
        9|        0 -0.00023 -1.3e-05  1.3e-05-1.12e-05 1.04e-05-8.59e-06 6.71e-06-5.55e-06 2.15e-06-2.39e-06-3.06e-06 5.08e-07-8.23e-06 3.14e-06-1.31e-05 5.18e-06-1.71e-05 6.58e-06-1.99e-05 0.000245        0
        8|        0-0.000215 1.48e-05-1.15e-05 1.26e-05-9.39e-06 9.28e-06-6.61e-06 5.02e-06-3.52e-06 1.08e-07-4.84e-07-5.18e-06 2.42e-06-1.02e-05 4.88e-06-1.46e-05 6.73e-06 -1.8e-05 7.95e-06  0.00019        0
        7|        0-0.000166-1.18e-05 1.44e-05-1.02e-05 1.16e-05-7.69e-06  7.7e-06-4.74e-06 3.01e-06-1.59e-06-2.21e-06 1.41e-06-7.38e-06 4.17e-06-1.21e-05 6.41e-06 -1.6e-05 8.02e-06-1.87e-05 0.000184        0
        6|        0-0.000165 1.59e-05-1.08e-05 1.36e-05-8.76e-06 1.01e-05-6.02e-06 5.76e-06-2.92e-06 7.51e-07 1.97e-07-4.55e-06 3.18e-06 -9.6e-06 5.75e-06 -1.4e-05 7.73e-06-1.73e-05 9.06e-06 0.000141        0
        5|        0-0.000127-1.14e-05 1.53e-05-9.76e-06 1.24e-05 -7.3e-06 8.35e-06-4.33e-06 3.55e-06-1.13e-06-1.73e-06 1.97e-06-6.97e-06 4.81e-06-1.18e-05 7.14e-06-1.57e-05 8.84e-06-1.84e-05 0.000146        0
        4|        0-0.000135 1.67e-05-1.07e-05 1.43e-05-8.55e-06 1.08e-05-5.78e-06 6.26e-06-2.62e-06 1.12e-06 5.88e-07-4.27e-06 3.65e-06 -9.4e-06  6.3e-06-1.39e-05 8.36e-06-1.72e-05 9.75e-06 0.000112        0
        3|        0-0.000104-1.14e-05  1.6e-05-9.73e-06  1.3e-05-7.23e-06 8.83e-06-4.19e-06  3.9e-06 -9.1e-07-1.49e-06  2.3e-06-6.87e-06 5.22e-06-1.18e-05 7.64e-06-1.58e-05 9.41e-06-1.85e-05 0.000125        0
        2|        0 -0.00012 1.74e-05-1.08e-05 1.49e-05-8.63e-06 1.13e-05-5.78e-06 6.62e-06-2.54e-06 1.32e-06 7.89e-07-4.21e-06 3.95e-06 -9.5e-06 6.69e-06-1.41e-05 8.83e-06-1.75e-05 1.03e-05 9.63e-05        0
        1|        0 1.86e-05 0.000106 0.000121 9.24e-05 9.88e-05    7e-05 6.74e-05  4.1e-05    3e-05 8.39e-06-1.01e-05-2.51e-05-4.95e-05-5.65e-05-8.47e-05-8.29e-05-0.000112-0.000101-0.000129-4.66e-06        0
        0|        0        0        0        0        0        0        0        0        0        0        0        0        0        0        0        0        0        0        0        0        0        0

