t: 0.891233
nCells: 20x10, dx: 0.1, dy: 0.1

u (22x12): 
         |        0        1        2        3        4        5        6        7        8        9       10       11       12       13       14       15       16       17       18       19       20
-------------------------------------------------------------------------------------------------------------------------------------------------------------------------------------------------------------------------
       11|        0 -0.00228 -0.00469 -0.00686 -0.00873  -0.0103  -0.0115  -0.0124   -0.013  -0.0133  -0.0134  -0.0133   -0.013  -0.0124  -0.0115  -0.0103 -0.00879 -0.00693 -0.00476 -0.00232        0
       10|        0 -0.00188 -0.00385 -0.00567 -0.00728 -0.00865 -0.00975  -0.0106  -0.0112  -0.0116  -0.0118  -0.0117  -0.0114  -0.0108    -0.01 -0.00895 -0.00759 -0.00595 -0.00406 -0.00201        0
        9|        0  -0.0016 -0.00328 -0.00485 -0.00626 -0.00747 -0.00847 -0.00925 -0.00982  -0.0102  -0.0103  -0.0102 -0.00994 -0.00942 -0.00868  -0.0077 -0.00649 -0.00505 -0.00344 -0.00169        0
        8|        0 -0.00138 -0.00283  -0.0042 -0.00543 -0.00651  -0.0074 -0.00811 -0.00863 -0.00895 -0.00907   -0.009 -0.00872 -0.00824 -0.00756 -0.00668  -0.0056 -0.00434 -0.00294 -0.00144        0
        7|        0  -0.0012 -0.00247 -0.00367 -0.00476 -0.00572 -0.00653 -0.00717 -0.00764 -0.00793 -0.00804 -0.00796 -0.00771 -0.00726 -0.00664 -0.00584 -0.00488 -0.00378 -0.00255 -0.00124        0
        6|        0 -0.00106 -0.00219 -0.00325 -0.00423 -0.00509 -0.00581  -0.0064 -0.00682 -0.00709 -0.00718 -0.00711 -0.00687 -0.00647  -0.0059 -0.00518 -0.00432 -0.00333 -0.00224 -0.00109        0
        5|        0-0.000954 -0.00197 -0.00292  -0.0038 -0.00458 -0.00525 -0.00578 -0.00617 -0.00641  -0.0065 -0.00643 -0.00621 -0.00583 -0.00531 -0.00465 -0.00387 -0.00298 -0.00201-0.000977        0
        4|        0-0.000873  -0.0018 -0.00268 -0.00348  -0.0042 -0.00481  -0.0053 -0.00566 -0.00589 -0.00597  -0.0059 -0.00569 -0.00535 -0.00486 -0.00425 -0.00353 -0.00272 -0.00183 -0.00089        0
        3|        0-0.000813 -0.00168 -0.00249 -0.00325 -0.00392  -0.0045 -0.00496  -0.0053 -0.00551 -0.00558 -0.00552 -0.00532 -0.00499 -0.00454 -0.00397 -0.00329 -0.00253  -0.0017-0.000826        0
        2|        0-0.000775 -0.00159 -0.00238 -0.00309 -0.00374 -0.00428 -0.00473 -0.00505 -0.00525 -0.00532 -0.00526 -0.00507 -0.00476 -0.00432 -0.00377 -0.00313  -0.0024 -0.00161-0.000786        0
        1|        0-0.000694 -0.00143 -0.00214 -0.00279 -0.00337 -0.00386 -0.00426 -0.00455 -0.00473  -0.0048 -0.00474 -0.00457 -0.00428 -0.00389  -0.0034 -0.00282 -0.00216 -0.00145-0.000705        0
        0|        0 0.000679   0.0014  0.00209  0.00272  0.00328  0.00377  0.00415  0.00444  0.00461  0.00468  0.00462  0.00446  0.00418  0.00379  0.00331  0.00275  0.00211  0.00142 0.000689        0

v (22x12): 
         |        0        1        2        3        4        5        6        7        8        9       10       11       12       13       14       15       16       17       18       19       20       21
-------------------------------------------------------------------------------------------------------------------------------------------------------------------------------------------------------------------------
       10|   -0.011   0.0112   0.0119   0.0112   0.0101  0.00887  0.00744   0.0059   0.0043  0.00266  0.00101-0.000669 -0.00235 -0.00403  -0.0057 -0.00733 -0.00887  -0.0103  -0.0114  -0.0122  -0.0116   0.0113
        9| -0.00914  0.00937  0.00989  0.00934  0.00852   0.0075  0.00633  0.00505  0.00369  0.00229 0.000852-0.000595 -0.00205 -0.00349  -0.0049 -0.00625 -0.00751 -0.00862 -0.00952  -0.0101 -0.00964  0.00939
        8| -0.00758  0.00777  0.00821  0.00777  0.00712  0.00629  0.00533  0.00426  0.00312  0.00193 0.000715-0.000521 -0.00175 -0.00297 -0.00415 -0.00528  -0.0063 -0.00719  -0.0079 -0.00838 -0.00795  0.00774
        7| -0.00623  0.00639  0.00675  0.00641  0.00588  0.00522  0.00443  0.00355  0.00261  0.00161  0.00059-0.000445 -0.00148  -0.0025 -0.00347 -0.00439 -0.00522 -0.00593  -0.0065 -0.00687 -0.00651  0.00635
        6| -0.00506  0.00518  0.00548  0.00521  0.00479  0.00426  0.00362  0.00291  0.00214  0.00132 0.000481-0.000374 -0.00122 -0.00206 -0.00285 -0.00359 -0.00426 -0.00483 -0.00527 -0.00557 -0.00527  0.00514
        5| -0.00402  0.00412  0.00436  0.00415  0.00382   0.0034  0.00289  0.00233  0.00171  0.00106 0.000381-0.000303-0.000986 -0.00165 -0.00229 -0.00287  -0.0034 -0.00384 -0.00419 -0.00442 -0.00418  0.00407
        4| -0.00308  0.00316  0.00335  0.00318  0.00294  0.00261  0.00223  0.00179  0.00132 0.000815 0.000294-0.000237-0.000763 -0.00128 -0.00176 -0.00222 -0.00261 -0.00295 -0.00322 -0.00339  -0.0032  0.00312
        3| -0.00223  0.00229  0.00242  0.00231  0.00213   0.0019  0.00162   0.0013 0.000958 0.000593 0.000212-0.000173-0.000557-0.000928 -0.00128 -0.00161  -0.0019 -0.00214 -0.00233 -0.00245 -0.00231  0.00226
        2| -0.00144  0.00147  0.00156  0.00149  0.00137  0.00122  0.00105 0.000841  0.00062 0.000382 0.000138-0.000113-0.000359-0.000601-0.000827 -0.00104 -0.00122 -0.00138  -0.0015 -0.00158 -0.00149  0.00145
        1|-0.000682 0.000698 0.000739 0.000706  0.00065 0.000581 0.000495   0.0004 0.000294 0.000183 6.48e-05-5.22e-05-0.000171-0.000284-0.000393-0.000491 -0.00058-0.000652 -0.00071-0.000746-0.000704 0.000688
        0|        0        0        0        0        0        0        0        0        0        0        0        0        0        0        0        0        0        0        0        0        0        0

p (22x12): 
         |        0        1        2        3        4        5        6        7        8        9       10       11       12       13       14       15       16       17       18       19       20       21
-------------------------------------------------------------------------------------------------------------------------------------------------------------------------------------------------------------------------
       11|   -0.576   -0.576   -0.575   -0.575   -0.574   -0.574   -0.573   -0.571    -0.57   -0.569   -0.567   -0.566   -0.564   -0.563   -0.562    -0.56   -0.559   -0.558   -0.557   -0.557   -0.556   -0.556
       10|   -0.574   -0.574   -0.574   -0.574   -0.573   -0.573   -0.572   -0.571    -0.57   -0.568   -0.567   -0.566   -0.565   -0.563   -0.562   -0.561    -0.56   -0.559   -0.559   -0.558   -0.558   -0.558
        9|   -0.573   -0.573   -0.573   -0.573   -0.572   -0.572   -0.571    -0.57   -0.569   -0.568   -0.567   -0.566   -0.565   -0.564   -0.563   -0.562   -0.561    -0.56    -0.56   -0.559   -0.559   -0.559
        8|   -0.572   -0.572   -0.572   -0.572   -0.572   -0.571    -0.57    -0.57   -0.569   -0.568   -0.567   -0.566   -0.565   -0.564   -0.563   -0.562   -0.562   -0.561   -0.561    -0.56    -0.56    -0.56
        7|   -0.572   -0.572   -0.572   -0.571   -0.571    -0.57    -0.57   -0.569   -0.568   -0.568   -0.567   -0.566   -0.565   -0.564   -0.564   -0.563   -0.562   -0.562   -0.561   -0.561   -0.561   -0.561
        6|   -0.571   -0.571   -0.571   -0.571    -0.57    -0.57   -0.569   -0.569   -0.568   -0.567   -0.567   -0.566   -0.565   -0.564   -0.564   -0.563   -0.563   -0.562   -0.562   -0.562   -0.561   -0.561
        5|   -0.571   -0.571   -0.571    -0.57    -0.57    -0.57   -0.569   -0.569   -0.568   -0.567   -0.567   -0.566   -0.565   -0.565   -0.564   -0.563   -0.563   -0.563   -0.562   -0.562   -0.562   -0.562
        4|    -0.57    -0.57    -0.57    -0.57    -0.57   -0.569   -0.569   -0.568   -0.568   -0.567   -0.567   -0.566   -0.565   -0.565   -0.564   -0.564   -0.563   -0.563   -0.563   -0.562   -0.562   -0.562
        3|    -0.57    -0.57    -0.57    -0.57   -0.569   -0.569   -0.569   -0.568   -0.568   -0.567   -0.567   -0.566   -0.565   -0.565   -0.564   -0.564   -0.563   -0.563   -0.563   -0.563   -0.563   -0.563
        2|    -0.57    -0.57    -0.57    -0.57   -0.569   -0.569   -0.569   -0.568   -0.568   -0.567   -0.567   -0.566   -0.565   -0.565   -0.564   -0.564   -0.564   -0.563   -0.563   -0.563   -0.563   -0.563
        1|    -0.57    -0.57    -0.57    -0.57   -0.569   -0.569   -0.569   -0.568   -0.568   -0.567   -0.567   -0.566   -0.565   -0.565   -0.564   -0.564   -0.564   -0.563   -0.563   -0.563   -0.563   -0.563
        0|    -0.57    -0.57    -0.57    -0.57   -0.569   -0.569   -0.569   -0.568   -0.568   -0.567   -0.567   -0.566   -0.565   -0.565   -0.564   -0.564   -0.564   -0.563   -0.563   -0.563   -0.563   -0.563

F (22x12): 
         |        0        1        2        3        4        5        6        7        8        9       10       11       12       13       14       15       16       17       18       19       20
-------------------------------------------------------------------------------------------------------------------------------------------------------------------------------------------------------------------------
       11|        0        0        0        0        0        0        0        0        0        0        0        0        0        0        0        0        0        0        0        0        0
       10|        0 -0.00183 -0.00375 -0.00553 -0.00709 -0.00842  -0.0095  -0.0103  -0.0109  -0.0113  -0.0114  -0.0114  -0.0111  -0.0105 -0.00974  -0.0087 -0.00737 -0.00578 -0.00395 -0.00195        0
        9|        0 -0.00156  -0.0032 -0.00473 -0.00609 -0.00727 -0.00824   -0.009 -0.00955 -0.00989    -0.01 -0.00995 -0.00966 -0.00916 -0.00844 -0.00748  -0.0063 -0.00491 -0.00334 -0.00164        0
        8|        0 -0.00135 -0.00276 -0.00409 -0.00529 -0.00633 -0.00721  -0.0079 -0.00839 -0.00871 -0.00882 -0.00875 -0.00848 -0.00801 -0.00735 -0.00649 -0.00544 -0.00422 -0.00286  -0.0014        0
        7|        0 -0.00117 -0.00241 -0.00357 -0.00464 -0.00557 -0.00635 -0.00697 -0.00743 -0.00771 -0.00782 -0.00774 -0.00749 -0.00706 -0.00646 -0.00568 -0.00475 -0.00367 -0.00248 -0.00121        0
        6|        0 -0.00104 -0.00213 -0.00317 -0.00411 -0.00495 -0.00566 -0.00622 -0.00664 -0.00689 -0.00699 -0.00692 -0.00668 -0.00629 -0.00574 -0.00504  -0.0042 -0.00324 -0.00218 -0.00107        0
        5|        0-0.000931 -0.00192 -0.00285  -0.0037 -0.00446 -0.00511 -0.00562   -0.006 -0.00623 -0.00632 -0.00625 -0.00604 -0.00567 -0.00517 -0.00452 -0.00376  -0.0029 -0.00195-0.000951        0
        4|        0-0.000852 -0.00175  -0.0026 -0.00339 -0.00409 -0.00468 -0.00516 -0.00551 -0.00573  -0.0058 -0.00574 -0.00554  -0.0052 -0.00473 -0.00414 -0.00344 -0.00264 -0.00178-0.000867        0
        3|        0-0.000793 -0.00163 -0.00243 -0.00316 -0.00382 -0.00438 -0.00482 -0.00515 -0.00536 -0.00543 -0.00537 -0.00518 -0.00485 -0.00441 -0.00386  -0.0032 -0.00246 -0.00166-0.000805        0
        2|        0-0.000756 -0.00155 -0.00231 -0.00301 -0.00364 -0.00417  -0.0046 -0.00491 -0.00511 -0.00517 -0.00512 -0.00493 -0.00462  -0.0042 -0.00367 -0.00304 -0.00234 -0.00157-0.000766        0
        1|        0-0.000676 -0.00139 -0.00208 -0.00271 -0.00327 -0.00375 -0.00413 -0.00442 -0.00459 -0.00465  -0.0046 -0.00443 -0.00416 -0.00377  -0.0033 -0.00273  -0.0021 -0.00141-0.000685        0
        0|        0 0.000679   0.0014  0.00209  0.00272  0.00328  0.00377  0.00415  0.00444  0.00461  0.00468  0.00462  0.00446  0.00418  0.00379  0.00331  0.00275  0.00211  0.00142 0.000689        0

G (22x12): 
         |        0        1        2        3        4        5        6        7        8        9       10       11       12       13       14       15       16       17       18       19       20       21
-------------------------------------------------------------------------------------------------------------------------------------------------------------------------------------------------------------------------
       10|   -0.011   0.0109   0.0115   0.0108  0.00984  0.00861  0.00722  0.00572  0.00416  0.00257 0.000961-0.000663 -0.00229 -0.00392 -0.00553 -0.00711 -0.00859 -0.00993   -0.011  -0.0118  -0.0112   0.0113
        9| -0.00914  0.00909  0.00962  0.00909  0.00829  0.00729  0.00615   0.0049  0.00358  0.00221 0.000817-0.000589   -0.002  -0.0034 -0.00477 -0.00609 -0.00731 -0.00838 -0.00925 -0.00984 -0.00934  0.00939
        8| -0.00758  0.00754  0.00798  0.00756  0.00692  0.00611  0.00518  0.00414  0.00303  0.00187 0.000687-0.000515 -0.00171  -0.0029 -0.00405 -0.00513 -0.00613 -0.00699 -0.00768 -0.00814 -0.00771  0.00774
        7| -0.00623   0.0062  0.00657  0.00623  0.00572  0.00507   0.0043  0.00345  0.00253  0.00156 0.000567-0.000439 -0.00145 -0.00243 -0.00338 -0.00427 -0.00508 -0.00577 -0.00632 -0.00668 -0.00632  0.00635
        6| -0.00506  0.00503  0.00533  0.00507  0.00466  0.00414  0.00352  0.00283  0.00208  0.00128 0.000463-0.000368 -0.00119   -0.002 -0.00278  -0.0035 -0.00414  -0.0047 -0.00513 -0.00541 -0.00511  0.00514
        5| -0.00402    0.004  0.00424  0.00403  0.00371   0.0033  0.00281  0.00226  0.00166  0.00103 0.000368-0.000298-0.000962 -0.00161 -0.00223  -0.0028 -0.00331 -0.00374 -0.00408 -0.00429 -0.00405  0.00407
        4| -0.00308  0.00307  0.00326   0.0031  0.00286  0.00254  0.00217  0.00174  0.00128 0.000791 0.000284-0.000233-0.000745 -0.00124 -0.00172 -0.00216 -0.00254 -0.00287 -0.00313 -0.00329 -0.00311  0.00312
        3| -0.00223  0.00222  0.00236  0.00225  0.00207  0.00184  0.00157  0.00127 0.000931 0.000576 0.000205-0.000169-0.000543-0.000904 -0.00125 -0.00156 -0.00185 -0.00208 -0.00226 -0.00238 -0.00225  0.00226
        2| -0.00144  0.00143  0.00152  0.00145  0.00134  0.00119  0.00102 0.000818 0.000602 0.000371 0.000133-0.000111 -0.00035-0.000585-0.000806 -0.00101 -0.00119 -0.00134 -0.00146 -0.00153 -0.00144  0.00145
        1|-0.000682 0.000679 0.000721 0.000688 0.000634 0.000566 0.000482  0.00039 0.000286 0.000178 6.27e-05-5.14e-05-0.000167-0.000277-0.000383-0.000479-0.000565-0.000636-0.000692-0.000727-0.000685 0.000688
        0|        0        0        0        0        0        0        0        0        0        0        0        0        0        0        0        0        0        0        0        0        0        0

rhs (22x12): 
         |        0        1        2        3        4        5        6        7        8        9       10       11       12       13       14       15       16       17       18       19       20       21
-------------------------------------------------------------------------------------------------------------------------------------------------------------------------------------------------------------------------
       11|        0        0        0        0        0        0        0        0        0        0        0        0        0        0        0        0        0        0        0        0        0        0
       10|        0 -0.00732   -0.002  -0.0042 -0.00274 -0.00483 -0.00304 -0.00464 -0.00226 -0.00321-0.000166-0.000463   0.0034  0.00411  0.00896   0.0106   0.0161    0.018   0.0232    0.024   0.0281        0
        9|        0  -0.0025 -0.00121 0.000629 -0.00117 0.000701 -0.00109  0.00077 -0.00104 0.000813 -0.00101 0.000793 -0.00106 0.000752 -0.00111 0.000674 -0.00121 0.000577  -0.0013 0.000547  0.00256        0
        8|        0 -0.00331  0.00076 -0.00107  0.00079 -0.00101 0.000848-0.000958 0.000895-0.000924 0.000915 -0.00094 0.000881-0.000971 0.000835 -0.00103 0.000767  -0.0011 0.000702 -0.00112  0.00359        0
        7|        0  -0.0015-0.000981  0.00086-0.000952 0.000905-0.000903 0.000952-0.000863 0.000982-0.000846 0.000972-0.000872 0.000945-0.000909 0.000897-0.000964 0.000841 -0.00102 0.000821  0.00193        0
        6|        0 -0.00254 0.000919-0.000908 0.000945-0.000867 0.000989-0.000824  0.00103-0.000796  0.00104-0.000803  0.00102-0.000826 0.000989-0.000868 0.000941-0.000917 0.000897-0.000938  0.00308        0
        5|        0-0.000902-0.000871 0.000973-0.000844  0.00101-0.000802  0.00105-0.000767  0.00108-0.000751  0.00107-0.000767  0.00105-0.000798  0.00101-0.000842  0.00097-0.000883  0.00095  0.00152        0
        4|        0 -0.00209 0.000996-0.000831  0.00102-0.000793  0.00106-0.000754   0.0011-0.000727  0.00111-0.000728   0.0011-0.000748  0.00107-0.000785  0.00103-0.000828  0.00099-0.000851  0.00275        0
        3|        0-0.000574 -0.00082  0.00103-0.000793  0.00106-0.000753   0.0011-0.000719  0.00113-0.000702  0.00113-0.000714  0.00111-0.000743  0.00107-0.000784  0.00103-0.000821  0.00101  0.00127        0
        2|        0 -0.00186  0.00103-0.000795  0.00106-0.000762  0.00109-0.000726  0.00113-0.000701  0.00114-0.000697  0.00113-0.000715  0.00111 -0.00075  0.00107-0.000789  0.00103-0.000812  0.00258        0
        1|        0  0.00106  0.00113  0.00245 0.000975  0.00223 0.000701  0.00191 0.000333   0.0015-0.000101  0.00104 -0.00057 0.000574 -0.00103 0.000137 -0.00143-0.000215 -0.00172-0.000419 0.000139        0
        0|        0        0        0        0        0        0        0        0        0        0        0        0        0        0        0        0        0        0        0        0        0        0

