t: 1.48932
nCells: 20x10, dx: 0.1, dy: 0.1

u (22x12): 
         |        0        1        2        3        4        5        6        7        8        9       10       11       12       13       14       15       16       17       18       19       20
-------------------------------------------------------------------------------------------------------------------------------------------------------------------------------------------------------------------------
       11|        0 -0.00338 -0.00727  -0.0108  -0.0138  -0.0163  -0.0183  -0.0197  -0.0207  -0.0213  -0.0215  -0.0213  -0.0208  -0.0198  -0.0184  -0.0165  -0.0141  -0.0111 -0.00755 -0.00359        0
       10|        0 -0.00268 -0.00573 -0.00859  -0.0111  -0.0134  -0.0152  -0.0166  -0.0177  -0.0184  -0.0188  -0.0188  -0.0184  -0.0176  -0.0164  -0.0147  -0.0125 -0.00978 -0.00667 -0.00328        0
        9|        0 -0.00232 -0.00492 -0.00738 -0.00961  -0.0116  -0.0132  -0.0145  -0.0155  -0.0161  -0.0165  -0.0164   -0.016  -0.0153  -0.0141  -0.0126  -0.0106 -0.00828 -0.00561  -0.0027        0
        8|        0 -0.00202 -0.00427 -0.00642 -0.00838  -0.0101  -0.0116  -0.0128  -0.0136  -0.0142  -0.0145  -0.0144   -0.014  -0.0133  -0.0123  -0.0109 -0.00911 -0.00707 -0.00475 -0.00227        0
        7|        0 -0.00177 -0.00376 -0.00564 -0.00738 -0.00891  -0.0102  -0.0113  -0.0121  -0.0126  -0.0128  -0.0128  -0.0124  -0.0117  -0.0107 -0.00947 -0.00792 -0.00611  -0.0041 -0.00194        0
        6|        0 -0.00158 -0.00333 -0.00502 -0.00657 -0.00795 -0.00913  -0.0101  -0.0108  -0.0113  -0.0115  -0.0114   -0.011  -0.0104 -0.00951 -0.00836 -0.00696 -0.00536 -0.00358  -0.0017        0
        5|        0 -0.00142 -0.00301 -0.00453 -0.00593 -0.00718 -0.00826 -0.00912 -0.00978  -0.0102  -0.0104  -0.0103 -0.00995 -0.00937 -0.00855 -0.00749 -0.00623 -0.00478 -0.00319 -0.00151        0
        4|        0  -0.0013 -0.00276 -0.00416 -0.00544  -0.0066 -0.00758 -0.00839 -0.00898 -0.00937 -0.00952 -0.00944 -0.00912 -0.00858 -0.00781 -0.00683 -0.00567 -0.00435 -0.00289 -0.00137        0
        3|        0 -0.00121 -0.00258 -0.00388 -0.00509 -0.00617  -0.0071 -0.00785 -0.00841 -0.00876 -0.00891 -0.00882 -0.00852   -0.008 -0.00728 -0.00636 -0.00527 -0.00403 -0.00269 -0.00127        0
        2|        0 -0.00116 -0.00245 -0.00369 -0.00484 -0.00587 -0.00675 -0.00747   -0.008 -0.00834 -0.00846 -0.00839 -0.00809  -0.0076  -0.0069 -0.00603 -0.00499 -0.00382 -0.00254  -0.0012        0
        1|        0-0.000978 -0.00209 -0.00314 -0.00413 -0.00501 -0.00577 -0.00638 -0.00684 -0.00713 -0.00724 -0.00717 -0.00693  -0.0065 -0.00591 -0.00515 -0.00427 -0.00326 -0.00217 -0.00102        0
        0|        0 0.000968  0.00206  0.00311  0.00408  0.00495   0.0057   0.0063  0.00675  0.00704  0.00715  0.00708  0.00683  0.00641  0.00583  0.00508  0.00421  0.00322  0.00214  0.00101        0

v (22x12): 
         |        0        1        2        3        4        5        6        7        8        9       10       11       12       13       14       15       16       17       18       19       20       21
-------------------------------------------------------------------------------------------------------------------------------------------------------------------------------------------------------------------------
       10|  -0.0163   0.0165   0.0185   0.0176   0.0161   0.0142   0.0121  0.00974  0.00727  0.00471  0.00208 -0.00061 -0.00334 -0.00612 -0.00889  -0.0116  -0.0143  -0.0167  -0.0186  -0.0199  -0.0182    0.018
        9|  -0.0136   0.0138   0.0154   0.0147   0.0135    0.012   0.0102  0.00829  0.00619  0.00399  0.00172  -0.0006 -0.00296 -0.00532 -0.00767 -0.00994  -0.0121   -0.014  -0.0155  -0.0165   -0.015   0.0147
        8|  -0.0113   0.0115   0.0128   0.0123   0.0113   0.0101   0.0086  0.00697  0.00521  0.00334  0.00141-0.000573 -0.00257 -0.00457 -0.00652 -0.00839  -0.0101  -0.0116  -0.0128  -0.0136  -0.0123   0.0121
        7| -0.00934  0.00945   0.0106   0.0101  0.00933  0.00833  0.00713  0.00579  0.00432  0.00276  0.00114-0.000517 -0.00219 -0.00385 -0.00546 -0.00698 -0.00838 -0.00958  -0.0105  -0.0111    -0.01  0.00986
        6| -0.00758  0.00767  0.00858  0.00821   0.0076  0.00679  0.00582  0.00472  0.00353  0.00224 0.000914-0.000455 -0.00182 -0.00318 -0.00449 -0.00572 -0.00682 -0.00778 -0.00852 -0.00897 -0.00805  0.00794
        5| -0.00602  0.00609  0.00682  0.00653  0.00604  0.00541  0.00464  0.00377  0.00281  0.00179 0.000712-0.000378 -0.00148 -0.00256  -0.0036 -0.00456 -0.00543 -0.00617 -0.00675 -0.00709 -0.00636  0.00627
        4| -0.00461  0.00467  0.00523  0.00501  0.00464  0.00415  0.00357  0.00289  0.00216  0.00136 0.000543-0.000304 -0.00115 -0.00198 -0.00277 -0.00351 -0.00417 -0.00473 -0.00516 -0.00542 -0.00485  0.00478
        3| -0.00333  0.00337  0.00377  0.00362  0.00334    0.003  0.00257  0.00209  0.00156 0.000987 0.000386-0.000222-0.000837 -0.00143 -0.00201 -0.00253 -0.00301  -0.0034 -0.00371 -0.00389 -0.00348  0.00344
        2| -0.00212  0.00214  0.00241  0.00231  0.00214  0.00191  0.00165  0.00133 0.000997 0.000628 0.000249-0.000145-0.000533 -0.00092 -0.00128 -0.00162 -0.00192 -0.00217 -0.00236 -0.00248 -0.00221  0.00219
        1|-0.000977 0.000987  0.00111  0.00107 0.000985 0.000886 0.000759  0.00062 0.000459 0.000294 0.000114-6.28e-05-0.000247 -0.00042-0.000593-0.000745-0.000886-0.000999 -0.00109 -0.00114 -0.00102  0.00101
        0|        0        0        0        0        0        0        0        0        0        0        0        0        0        0        0        0        0        0        0        0        0        0

p (22x12): 
         |        0        1        2        3        4        5        6        7        8        9       10       11       12       13       14       15       16       17       18       19       20       21
-------------------------------------------------------------------------------------------------------------------------------------------------------------------------------------------------------------------------
       11|    -2.69    -2.69    -2.69    -2.69    -2.69    -2.69    -2.69    -2.69    -2.69    -2.69    -2.69    -2.68    -2.68    -2.68    -2.68    -2.68    -2.68    -2.68    -2.68    -2.67    -2.67    -2.67
       10|    -2.69    -2.69    -2.69    -2.69    -2.69    -2.69    -2.69    -2.69    -2.69    -2.69    -2.68    -2.68    -2.68    -2.68    -2.68    -2.68    -2.68    -2.68    -2.68    -2.68    -2.68    -2.68
        9|    -2.69    -2.69    -2.69    -2.69    -2.69    -2.69    -2.69    -2.69    -2.69    -2.69    -2.68    -2.68    -2.68    -2.68    -2.68    -2.68    -2.68    -2.68    -2.68    -2.68    -2.68    -2.68
        8|    -2.69    -2.69    -2.69    -2.69    -2.69    -2.69    -2.69    -2.69    -2.69    -2.69    -2.68    -2.68    -2.68    -2.68    -2.68    -2.68    -2.68    -2.68    -2.68    -2.68    -2.68    -2.68
        7|    -2.69    -2.69    -2.69    -2.69    -2.69    -2.69    -2.69    -2.69    -2.69    -2.69    -2.68    -2.68    -2.68    -2.68    -2.68    -2.68    -2.68    -2.68    -2.68    -2.68    -2.68    -2.68
        6|    -2.69    -2.69    -2.69    -2.69    -2.69    -2.69    -2.69    -2.69    -2.69    -2.68    -2.68    -2.68    -2.68    -2.68    -2.68    -2.68    -2.68    -2.68    -2.68    -2.68    -2.68    -2.68
        5|    -2.69    -2.69    -2.69    -2.69    -2.69    -2.69    -2.69    -2.69    -2.69    -2.68    -2.68    -2.68    -2.68    -2.68    -2.68    -2.68    -2.68    -2.68    -2.68    -2.68    -2.68    -2.68
        4|    -2.69    -2.69    -2.69    -2.69    -2.69    -2.69    -2.69    -2.69    -2.69    -2.68    -2.68    -2.68    -2.68    -2.68    -2.68    -2.68    -2.68    -2.68    -2.68    -2.68    -2.68    -2.68
        3|    -2.69    -2.69    -2.69    -2.69    -2.69    -2.69    -2.69    -2.69    -2.69    -2.68    -2.68    -2.68    -2.68    -2.68    -2.68    -2.68    -2.68    -2.68    -2.68    -2.68    -2.68    -2.68
        2|    -2.69    -2.69    -2.69    -2.69    -2.69    -2.69    -2.69    -2.69    -2.69    -2.68    -2.68    -2.68    -2.68    -2.68    -2.68    -2.68    -2.68    -2.68    -2.68    -2.68    -2.68    -2.68
        1|    -2.69    -2.69    -2.69    -2.69    -2.69    -2.69    -2.69    -2.69    -2.69    -2.68    -2.68    -2.68    -2.68    -2.68    -2.68    -2.68    -2.68    -2.68    -2.68    -2.68    -2.68    -2.68
        0|    -2.69    -2.69    -2.69    -2.69    -2.69    -2.69    -2.69    -2.69    -2.69    -2.68    -2.68    -2.68    -2.68    -2.68    -2.68    -2.68    -2.68    -2.68    -2.68    -2.68    -2.68    -2.68

F (22x12): 
         |        0        1        2        3        4        5        6        7        8        9       10       11       12       13       14       15       16       17       18       19       20
-------------------------------------------------------------------------------------------------------------------------------------------------------------------------------------------------------------------------
       11|        0        0        0        0        0        0        0        0        0        0        0        0        0        0        0        0        0        0        0        0        0
       10|        0 -0.00265 -0.00567 -0.00849   -0.011  -0.0132   -0.015  -0.0164  -0.0175  -0.0182  -0.0185  -0.0185  -0.0181  -0.0173  -0.0161  -0.0144  -0.0123 -0.00962 -0.00655 -0.00323        0
        9|        0 -0.00229 -0.00486 -0.00729 -0.00949  -0.0114   -0.013  -0.0143  -0.0153  -0.0159  -0.0162  -0.0162  -0.0158   -0.015  -0.0139  -0.0124  -0.0104 -0.00814 -0.00551 -0.00266        0
        8|        0   -0.002 -0.00422 -0.00634 -0.00826 -0.00997  -0.0114  -0.0126  -0.0134   -0.014  -0.0143  -0.0142  -0.0138  -0.0131  -0.0121  -0.0107 -0.00896 -0.00695 -0.00468 -0.00224        0
        7|        0 -0.00175 -0.00371 -0.00557 -0.00728 -0.00879  -0.0101  -0.0111  -0.0119  -0.0124  -0.0126  -0.0126  -0.0122  -0.0115  -0.0106 -0.00931 -0.00779 -0.00601 -0.00403 -0.00192        0
        6|        0 -0.00156 -0.00329 -0.00495 -0.00648 -0.00784   -0.009 -0.00994  -0.0106  -0.0111  -0.0113  -0.0112  -0.0109  -0.0102 -0.00936 -0.00823 -0.00685 -0.00527 -0.00352 -0.00168        0
        5|        0  -0.0014 -0.00297 -0.00446 -0.00585 -0.00708 -0.00814 -0.00899 -0.00963    -0.01  -0.0102  -0.0101  -0.0098 -0.00922 -0.00841 -0.00737 -0.00613  -0.0047 -0.00314 -0.00149        0
        4|        0 -0.00129 -0.00272  -0.0041 -0.00537  -0.0065 -0.00747 -0.00827 -0.00885 -0.00923 -0.00937 -0.00929 -0.00898 -0.00844 -0.00768 -0.00672 -0.00558 -0.00428 -0.00285 -0.00135        0
        3|        0  -0.0012 -0.00255 -0.00383 -0.00502 -0.00608   -0.007 -0.00773 -0.00829 -0.00863 -0.00877 -0.00869 -0.00839 -0.00788 -0.00716 -0.00626 -0.00519 -0.00397 -0.00265 -0.00125        0
        2|        0 -0.00114 -0.00242 -0.00364 -0.00477 -0.00578 -0.00665 -0.00736 -0.00788 -0.00821 -0.00833 -0.00825 -0.00796 -0.00748 -0.00679 -0.00593 -0.00491 -0.00376  -0.0025 -0.00119        0
        1|        0-0.000964 -0.00205 -0.00309 -0.00406 -0.00492 -0.00567 -0.00627 -0.00672   -0.007 -0.00711 -0.00704  -0.0068 -0.00638  -0.0058 -0.00506 -0.00419  -0.0032 -0.00213   -0.001        0
        0|        0 0.000968  0.00206  0.00311  0.00408  0.00495   0.0057   0.0063  0.00675  0.00704  0.00715  0.00708  0.00683  0.00641  0.00583  0.00508  0.00421  0.00322  0.00214  0.00101        0

G (22x12): 
         |        0        1        2        3        4        5        6        7        8        9       10       11       12       13       14       15       16       17       18       19       20       21
-------------------------------------------------------------------------------------------------------------------------------------------------------------------------------------------------------------------------
       10|  -0.0163   0.0162   0.0182   0.0173   0.0158    0.014   0.0119  0.00955  0.00712  0.00459    0.002-0.000637 -0.00331 -0.00603 -0.00874  -0.0114   -0.014  -0.0163  -0.0182  -0.0194  -0.0178    0.018
        9|  -0.0136   0.0136   0.0152   0.0145   0.0133   0.0118   0.0101  0.00814  0.00607   0.0039  0.00166 -0.00062 -0.00294 -0.00526 -0.00757  -0.0098  -0.0119  -0.0138  -0.0153  -0.0162  -0.0147   0.0147
        8|  -0.0113   0.0113   0.0126   0.0121   0.0111  0.00989  0.00846  0.00685  0.00511  0.00327  0.00137-0.000585 -0.00255 -0.00452 -0.00643 -0.00828 -0.00997  -0.0115  -0.0126  -0.0134   -0.012   0.0121
        7| -0.00934  0.00929   0.0104  0.00995  0.00918   0.0082  0.00701  0.00569  0.00424  0.00271  0.00111-0.000525 -0.00217  -0.0038 -0.00539 -0.00689 -0.00825 -0.00943  -0.0104  -0.0109 -0.00982  0.00986
        6| -0.00758  0.00754  0.00845  0.00809  0.00748  0.00668  0.00573  0.00464  0.00346   0.0022 0.000888-0.000459 -0.00181 -0.00314 -0.00443 -0.00564 -0.00672 -0.00766 -0.00839 -0.00883 -0.00791  0.00794
        5| -0.00602  0.00599  0.00672  0.00643  0.00595  0.00532  0.00456  0.00371  0.00276  0.00175 0.000693-0.000381 -0.00147 -0.00252 -0.00355  -0.0045 -0.00535 -0.00608 -0.00665 -0.00698 -0.00625  0.00627
        4| -0.00461  0.00459  0.00515  0.00493  0.00457  0.00408  0.00351  0.00285  0.00212  0.00134 0.000529-0.000306 -0.00114 -0.00196 -0.00273 -0.00346 -0.00411 -0.00466 -0.00508 -0.00533 -0.00476  0.00478
        3| -0.00333  0.00331  0.00371  0.00356  0.00329  0.00295  0.00253  0.00206  0.00153 0.000968 0.000376-0.000223-0.000828 -0.00141 -0.00198  -0.0025 -0.00296 -0.00335 -0.00366 -0.00383 -0.00342  0.00344
        2| -0.00212  0.00211  0.00237  0.00227  0.00211  0.00188  0.00162  0.00131 0.000981 0.000617 0.000243-0.000146-0.000528-0.000908 -0.00126  -0.0016 -0.00189 -0.00214 -0.00233 -0.00244 -0.00218  0.00219
        1|-0.000977 0.000972  0.00109  0.00105 0.000972 0.000874 0.000748 0.000611 0.000452 0.000289 0.000112-6.32e-05-0.000245-0.000416-0.000586-0.000735-0.000875-0.000986 -0.00108 -0.00113   -0.001  0.00101
        0|        0        0        0        0        0        0        0        0        0        0        0        0        0        0        0        0        0        0        0        0        0        0

rhs (22x12): 
         |        0        1        2        3        4        5        6        7        8        9       10       11       12       13       14       15       16       17       18       19       20       21
-------------------------------------------------------------------------------------------------------------------------------------------------------------------------------------------------------------------------
       11|        0        0        0        0        0        0        0        0        0        0        0        0        0        0        0        0        0        0        0        0        0        0
       10|        0 -0.00578  0.00573 -0.00081  0.00252  -0.0044-0.000729 -0.00674 -0.00179 -0.00628  0.00033 -0.00244  0.00633  0.00631    0.018   0.0207   0.0347   0.0388   0.0525   0.0535   0.0578        0
        9|        0  -0.0025 -0.00318  0.00193 -0.00313  0.00209 -0.00296  0.00224 -0.00283  0.00234 -0.00278  0.00229 -0.00291  0.00214 -0.00309  0.00191 -0.00336  0.00161 -0.00364   0.0016  0.00341        0
        8|        0 -0.00549  0.00228 -0.00287  0.00232 -0.00275  0.00245 -0.00262  0.00256 -0.00254   0.0026 -0.00258   0.0025 -0.00269  0.00236 -0.00286  0.00216 -0.00308  0.00197  -0.0031   0.0068        0
        7|        0-0.000947 -0.00264  0.00249  -0.0026   0.0026 -0.00248  0.00271 -0.00238  0.00278 -0.00234  0.00276 -0.00242  0.00267 -0.00252  0.00253 -0.00269  0.00237 -0.00284  0.00235  0.00255        0
        6|        0 -0.00428  0.00265 -0.00248   0.0027 -0.00239  0.00281 -0.00228   0.0029 -0.00221  0.00294 -0.00223  0.00289 -0.00229  0.00279 -0.00241  0.00265 -0.00256  0.00253 -0.00259  0.00608        0
        5|        0-1.09e-05 -0.00239  0.00277 -0.00233  0.00286 -0.00222  0.00297 -0.00213  0.00304 -0.00209  0.00303 -0.00213  0.00297 -0.00222  0.00286 -0.00234  0.00273 -0.00246   0.0027  0.00195        0
        4|        0 -0.00358  0.00284  -0.0023  0.00289  -0.0022  0.00299  -0.0021  0.00308 -0.00203  0.00313 -0.00203  0.00309 -0.00208  0.00301 -0.00219   0.0029 -0.00231  0.00279 -0.00236  0.00561        0
        3|        0 0.000504 -0.00226   0.0029  -0.0022  0.00299  -0.0021  0.00309 -0.00201  0.00316 -0.00197  0.00317 -0.00199  0.00312 -0.00207  0.00302 -0.00218  0.00291 -0.00229  0.00286   0.0016        0
        2|        0  -0.0032  0.00294  -0.0022  0.00299 -0.00212  0.00307 -0.00203  0.00315 -0.00197  0.00319 -0.00196  0.00318   -0.002  0.00311 -0.00209    0.003  -0.0022  0.00291 -0.00225  0.00537        0
        1|        0  0.00305  0.00136  0.00515  0.00115  0.00485 0.000771  0.00439 0.000237  0.00379-0.000415  0.00308 -0.00115  0.00234  -0.0019  0.00162 -0.00257  0.00102 -0.00306   0.0007  0.00045        0
        0|        0        0        0        0        0        0        0        0        0        0        0        0        0        0        0        0        0        0        0        0        0        0

