t: 0.480028
nCells: 20x10, dx: 0.1, dy: 0.1

u (22x12): 
         |        0        1        2        3        4        5        6        7        8        9       10       11       12       13       14       15       16       17       18       19       20
-------------------------------------------------------------------------------------------------------------------------------------------------------------------------------------------------------------------------
       11|        0     1.96     1.94     1.93     1.93     1.93     1.93     1.93     1.92     1.92     1.92     1.92     1.92     1.93     1.93     1.93     1.93     1.93     1.94     1.96        0
       10|        0    0.042   0.0601   0.0686   0.0731   0.0757   0.0773   0.0783    0.079   0.0793   0.0795   0.0794   0.0792   0.0787   0.0778   0.0765   0.0742   0.0701   0.0619   0.0437        0
        9|        0  -0.0166  -0.0172   -0.015  -0.0128  -0.0112  -0.0101 -0.00936 -0.00888 -0.00861 -0.00851 -0.00857 -0.00881 -0.00925 -0.00995   -0.011  -0.0125  -0.0146  -0.0168  -0.0161        0
        8|        0 -0.00851   -0.012  -0.0126  -0.0123  -0.0117  -0.0111  -0.0107  -0.0104  -0.0102  -0.0102  -0.0102  -0.0104  -0.0107  -0.0112  -0.0118  -0.0125  -0.0131  -0.0129 -0.00966        0
        7|        0 -0.00489 -0.00805 -0.00954  -0.0101  -0.0102  -0.0101 -0.00994 -0.00982 -0.00975 -0.00973 -0.00976 -0.00986    -0.01  -0.0102  -0.0103  -0.0103 -0.00995 -0.00858 -0.00539        0
        6|        0 -0.00321 -0.00577 -0.00739 -0.00832 -0.00881 -0.00904 -0.00914 -0.00918  -0.0092 -0.00921 -0.00922 -0.00922 -0.00921 -0.00915 -0.00896 -0.00854 -0.00768 -0.00607 -0.00344        0
        5|        0 -0.00234 -0.00441 -0.00595 -0.00701  -0.0077 -0.00814  -0.0084 -0.00856 -0.00865 -0.00868 -0.00867 -0.00861 -0.00847 -0.00823 -0.00783 -0.00718 -0.00614 -0.00459 -0.00246        0
        4|        0 -0.00185 -0.00357 -0.00499 -0.00606 -0.00685  -0.0074 -0.00778 -0.00802 -0.00815  -0.0082 -0.00817 -0.00806 -0.00784 -0.00749 -0.00696 -0.00619 -0.00512 -0.00369 -0.00192        0
        3|        0 -0.00155 -0.00306 -0.00435 -0.00541 -0.00623 -0.00684 -0.00728 -0.00757 -0.00774 -0.00781 -0.00776 -0.00761 -0.00734 -0.00692 -0.00632 -0.00551 -0.00445 -0.00314  -0.0016        0
        2|        0 -0.00139 -0.00275 -0.00397 -0.00499 -0.00582 -0.00646 -0.00693 -0.00725 -0.00744 -0.00751 -0.00746 -0.00729 -0.00699 -0.00653  -0.0059 -0.00508 -0.00404 -0.00281 -0.00142        0
        1|        0  -0.0013 -0.00262 -0.00379  -0.0048 -0.00563 -0.00628 -0.00676 -0.00708 -0.00727 -0.00734 -0.00727 -0.00709 -0.00676 -0.00628 -0.00564 -0.00481 -0.00381 -0.00263 -0.00131        0
        0|        0 -0.00109 -0.00218 -0.00318 -0.00406  -0.0048  -0.0054 -0.00585 -0.00617 -0.00636 -0.00643 -0.00637 -0.00619 -0.00588 -0.00544 -0.00485 -0.00411 -0.00322 -0.00221 -0.00111        0

v (22x12): 
         |        0        1        2        3        4        5        6        7        8        9       10       11       12       13       14       15       16       17       18       19       20       21
-------------------------------------------------------------------------------------------------------------------------------------------------------------------------------------------------------------------------
       10|        0        0        0        0        0        0        0        0        0        0        0        0        0        0        0        0        0        0        0        0        0        0
        9|  -0.0401    0.042   0.0182   0.0085   0.0045   0.0026   0.0016    0.001 0.000624 0.000357 0.000145-5.01e-05-0.000252-0.000497-0.000838 -0.00137  -0.0023 -0.00411 -0.00813  -0.0183  -0.0437   0.0415
        8|  -0.0242   0.0254   0.0175   0.0108  0.00664   0.0042  0.00271  0.00175   0.0011 0.000627 0.000241-0.000112-0.000485-0.000935 -0.00154 -0.00243 -0.00383 -0.00619  -0.0103  -0.0175  -0.0276   0.0261
        7|  -0.0161   0.0169    0.014   0.0101    0.007  0.00479  0.00326  0.00218   0.0014 0.000799 0.000296-0.000171-0.000666 -0.00125   -0.002 -0.00305 -0.00456 -0.00679    -0.01  -0.0144  -0.0179    0.017
        6|  -0.0115    0.012   0.0109  0.00861  0.00646  0.00471  0.00335  0.00231  0.00152 0.000872 0.000318-0.000207-0.000756 -0.00139 -0.00218 -0.00321 -0.00458 -0.00639 -0.00866  -0.0112  -0.0125   0.0119
        5| -0.00839   0.0088  0.00833  0.00698  0.00554  0.00422  0.00312  0.00221  0.00147 0.000856 0.000308-0.000216-0.000763 -0.00138 -0.00212 -0.00303 -0.00416 -0.00552 -0.00706 -0.00853  -0.0091  0.00864
        4| -0.00616  0.00646  0.00627  0.00544  0.00448  0.00353  0.00268  0.00194  0.00132  0.00077 0.000275-0.000204-0.000699 -0.00125 -0.00188 -0.00263  -0.0035 -0.00449 -0.00551  -0.0064 -0.00664  0.00631
        3|  -0.0044  0.00461  0.00454  0.00403   0.0034  0.00274  0.00213  0.00157  0.00107 0.000633 0.000224-0.000173-0.000583 -0.00103 -0.00153  -0.0021 -0.00273 -0.00341 -0.00408 -0.00463 -0.00472  0.00449
        2| -0.00292  0.00306  0.00304  0.00273  0.00234  0.00192  0.00151  0.00113 0.000782 0.000462 0.000162-0.000132-0.000433-0.000755 -0.00111  -0.0015 -0.00192 -0.00236 -0.00276 -0.00309 -0.00312  0.00298
        1| -0.00161  0.00167  0.00167  0.00152  0.00132   0.0011 0.000873 0.000659 0.000459 0.000272 9.35e-05-8.17e-05-0.000261-0.000449-0.000652-0.000869  -0.0011 -0.00133 -0.00153  -0.0017  -0.0017  0.00163
        0| -0.00615  0.00647  0.00655  0.00614  0.00555  0.00483  0.00403  0.00318  0.00229  0.00139 0.000481 -0.00043 -0.00134 -0.00225 -0.00314 -0.00401 -0.00483 -0.00556 -0.00617  -0.0066 -0.00653  0.00619

p (22x12): 
         |        0        1        2        3        4        5        6        7        8        9       10       11       12       13       14       15       16       17       18       19       20       21
-------------------------------------------------------------------------------------------------------------------------------------------------------------------------------------------------------------------------
       11|    -0.11    -0.11   -0.101  -0.0956  -0.0916  -0.0882  -0.0853  -0.0827  -0.0803  -0.0781  -0.0759  -0.0737  -0.0715  -0.0692  -0.0669  -0.0643  -0.0614   -0.058  -0.0535  -0.0469  -0.0356  -0.0356
       10|    -0.11    -0.11   -0.101  -0.0956  -0.0916  -0.0882  -0.0853  -0.0827  -0.0803  -0.0781  -0.0759  -0.0737  -0.0715  -0.0692  -0.0669  -0.0643  -0.0614   -0.058  -0.0535  -0.0469  -0.0356  -0.0356
        9|   -0.101   -0.101  -0.0976   -0.094  -0.0906  -0.0877   -0.085  -0.0825  -0.0802   -0.078  -0.0758  -0.0737  -0.0715  -0.0693   -0.067  -0.0646  -0.0619  -0.0589  -0.0553   -0.051  -0.0464  -0.0464
        8|  -0.0955  -0.0955   -0.094  -0.0917  -0.0892  -0.0867  -0.0844  -0.0821    -0.08  -0.0778  -0.0757  -0.0737  -0.0716  -0.0695  -0.0673   -0.065  -0.0626    -0.06  -0.0572  -0.0545  -0.0524  -0.0524
        7|   -0.092   -0.092  -0.0911  -0.0896  -0.0877  -0.0857  -0.0837  -0.0817  -0.0796  -0.0776  -0.0757  -0.0737  -0.0717  -0.0697  -0.0676  -0.0655  -0.0634  -0.0613  -0.0592  -0.0574  -0.0562  -0.0562
        6|  -0.0896  -0.0896   -0.089  -0.0879  -0.0864  -0.0848   -0.083  -0.0812  -0.0793  -0.0774  -0.0756  -0.0737  -0.0718  -0.0699   -0.068  -0.0661  -0.0643  -0.0625  -0.0609  -0.0596  -0.0589  -0.0589
        5|  -0.0878  -0.0878  -0.0873  -0.0865  -0.0853  -0.0839  -0.0824  -0.0807   -0.079  -0.0773  -0.0755  -0.0737  -0.0719  -0.0701  -0.0684  -0.0667  -0.0651  -0.0636  -0.0623  -0.0613  -0.0608  -0.0608
        4|  -0.0865  -0.0865  -0.0861  -0.0854  -0.0844  -0.0832  -0.0818  -0.0803  -0.0787  -0.0771  -0.0754  -0.0737   -0.072  -0.0704  -0.0687  -0.0672  -0.0657  -0.0644  -0.0634  -0.0626  -0.0622  -0.0622
        3|  -0.0855  -0.0855  -0.0852  -0.0846  -0.0838  -0.0827  -0.0814    -0.08  -0.0785   -0.077  -0.0754  -0.0737  -0.0721  -0.0705   -0.069  -0.0676  -0.0662  -0.0651  -0.0641  -0.0635  -0.0632  -0.0632
        2|  -0.0849  -0.0849  -0.0847  -0.0841  -0.0833  -0.0823  -0.0811  -0.0798  -0.0784  -0.0769  -0.0753  -0.0738  -0.0722  -0.0707  -0.0692  -0.0678  -0.0666  -0.0655  -0.0647  -0.0641  -0.0638  -0.0638
        1|  -0.0847  -0.0847  -0.0845   -0.084  -0.0832  -0.0822   -0.081  -0.0797  -0.0783  -0.0768  -0.0753  -0.0738  -0.0722  -0.0707  -0.0693  -0.0679  -0.0667  -0.0657  -0.0649  -0.0643   -0.064   -0.064
        0|  -0.0833  -0.0833  -0.0831  -0.0826   -0.082  -0.0811  -0.0802   -0.079  -0.0778  -0.0765  -0.0752  -0.0738  -0.0725  -0.0712    -0.07  -0.0688  -0.0678  -0.0669  -0.0662  -0.0658  -0.0656  -0.0656

F (22x12): 
         |        0        1        2        3        4        5        6        7        8        9       10       11       12       13       14       15       16       17       18       19       20
-------------------------------------------------------------------------------------------------------------------------------------------------------------------------------------------------------------------------
       11|        0     1.96     1.94     1.93     1.93     1.93     1.93     1.93     1.92     1.92     1.92     1.92     1.92     1.93     1.93     1.93     1.93     1.93     1.94     1.96        0
       10|        0   0.0443   0.0615   0.0697    0.074   0.0765    0.078    0.079   0.0795   0.0799     0.08     0.08   0.0797   0.0793   0.0785   0.0772    0.075   0.0712   0.0636   0.0465        0
        9|        0  -0.0157  -0.0163  -0.0141  -0.0121  -0.0105 -0.00948 -0.00877 -0.00831 -0.00806 -0.00797 -0.00802 -0.00824 -0.00866 -0.00932  -0.0103  -0.0118  -0.0137  -0.0157  -0.0149        0
        8|        0 -0.00811  -0.0114   -0.012  -0.0116  -0.0111  -0.0105  -0.0101 -0.00986 -0.00969 -0.00964  -0.0097 -0.00987  -0.0102  -0.0106  -0.0112  -0.0119  -0.0124  -0.0121 -0.00912        0
        7|        0 -0.00466 -0.00766 -0.00907 -0.00957 -0.00964 -0.00955 -0.00942 -0.00931 -0.00924 -0.00922 -0.00926 -0.00934 -0.00948 -0.00964 -0.00979  -0.0098 -0.00942 -0.00812  -0.0051        0
        6|        0 -0.00306 -0.00548 -0.00703  -0.0079 -0.00836 -0.00857 -0.00867  -0.0087 -0.00872 -0.00873 -0.00873 -0.00874 -0.00873 -0.00866 -0.00849 -0.00809 -0.00727 -0.00575 -0.00326        0
        5|        0 -0.00223 -0.00419 -0.00565 -0.00665 -0.00731 -0.00772 -0.00797 -0.00812  -0.0082 -0.00823 -0.00821 -0.00815 -0.00803  -0.0078 -0.00742  -0.0068 -0.00581 -0.00435 -0.00233        0
        4|        0 -0.00176  -0.0034 -0.00473 -0.00575  -0.0065 -0.00702 -0.00737  -0.0076 -0.00773 -0.00777 -0.00774 -0.00763 -0.00742 -0.00709 -0.00659 -0.00586 -0.00485 -0.00349 -0.00182        0
        3|        0 -0.00148  -0.0029 -0.00413 -0.00513 -0.00591 -0.00649  -0.0069 -0.00718 -0.00734 -0.00739 -0.00735 -0.00721 -0.00695 -0.00655 -0.00598 -0.00522 -0.00422 -0.00297 -0.00152        0
        2|        0 -0.00132 -0.00261 -0.00376 -0.00473 -0.00552 -0.00612 -0.00657 -0.00687 -0.00705 -0.00711 -0.00706  -0.0069 -0.00661 -0.00618 -0.00558  -0.0048 -0.00383 -0.00266 -0.00134        0
        1|        0 -0.00124 -0.00248  -0.0036 -0.00455 -0.00533 -0.00594  -0.0064 -0.00671 -0.00688 -0.00694 -0.00688  -0.0067 -0.00639 -0.00594 -0.00533 -0.00455  -0.0036 -0.00248 -0.00124        0
        0|        0        0        0        0        0        0        0        0        0        0        0        0        0        0        0        0        0        0        0        0        0

G (22x12): 
         |        0        1        2        3        4        5        6        7        8        9       10       11       12       13       14       15       16       17       18       19       20       21
-------------------------------------------------------------------------------------------------------------------------------------------------------------------------------------------------------------------------
       10|        0        0        0        0        0        0        0        0        0        0        0        0        0        0        0        0        0        0        0        0        0        0
        9|  -0.0401   0.0397   0.0173  0.00808  0.00426  0.00246  0.00151 0.000949 0.000589 0.000335 0.000134-5.06e-05-0.000243-0.000475  -0.0008  -0.0013 -0.00218 -0.00389 -0.00768  -0.0172  -0.0409   0.0415
        8|  -0.0242    0.024   0.0166   0.0102  0.00627  0.00396  0.00255  0.00165  0.00104 0.000588 0.000222-0.000114-0.000469-0.000898 -0.00148 -0.00232 -0.00366  -0.0059 -0.00982  -0.0167  -0.0261   0.0261
        7|  -0.0161    0.016   0.0133  0.00957  0.00663  0.00453  0.00308  0.00206  0.00132 0.000752 0.000274 -0.00017 -0.00064  -0.0012 -0.00191 -0.00291 -0.00435 -0.00646 -0.00953  -0.0136   -0.017    0.017
        6|  -0.0115   0.0114   0.0103  0.00817  0.00613  0.00446  0.00317  0.00219  0.00143 0.000821 0.000295-0.000203-0.000726 -0.00133 -0.00208 -0.00306 -0.00436 -0.00607 -0.00822  -0.0106  -0.0119   0.0119
        5| -0.00839  0.00834  0.00792  0.00663  0.00525    0.004  0.00295   0.0021   0.0014 0.000808 0.000287-0.000211-0.000731 -0.00132 -0.00202 -0.00288 -0.00395 -0.00525  -0.0067 -0.00809 -0.00861  0.00864
        4| -0.00616  0.00613  0.00596  0.00517  0.00425  0.00335  0.00254  0.00184  0.00125 0.000728 0.000257-0.000198-0.000669 -0.00119 -0.00179  -0.0025 -0.00333 -0.00426 -0.00523 -0.00608 -0.00628  0.00631
        3|  -0.0044  0.00438  0.00432  0.00383  0.00323  0.00261  0.00202  0.00149  0.00102   0.0006  0.00021-0.000168-0.000559-0.000982 -0.00146   -0.002  -0.0026 -0.00325 -0.00388  -0.0044 -0.00447  0.00449
        2| -0.00292  0.00291   0.0029   0.0026  0.00223  0.00183  0.00144  0.00108 0.000745 0.000439 0.000153-0.000128-0.000415-0.000723 -0.00106 -0.00143 -0.00183 -0.00225 -0.00263 -0.00294 -0.00296  0.00298
        1| -0.00161  0.00162  0.00162  0.00147  0.00128  0.00106 0.000848 0.000641 0.000446 0.000264 9.03e-05-8.03e-05-0.000255-0.000438-0.000634-0.000843 -0.00106 -0.00128 -0.00148 -0.00164 -0.00164  0.00163
        0| -0.00615        0        0        0        0        0        0        0        0        0        0        0        0        0        0        0        0        0        0        0        0  0.00619

rhs (22x12): 
         |        0        1        2        3        4        5        6        7        8        9       10       11       12       13       14       15       16       17       18       19       20       21
-------------------------------------------------------------------------------------------------------------------------------------------------------------------------------------------------------------------------
       11|        0        0        0        0        0        0        0        0        0        0        0        0        0        0        0        0        0        0        0        0        0        0
       10|        0     1.81  -0.0061   0.0294   0.0166  0.00834   0.0049   0.0028  0.00231  0.00168  0.00204   0.0014  0.00205  0.00252  0.00419  0.00623    0.011   0.0198   0.0379   0.0475     -2.2        0
        9|        0  -0.0429   0.0573   0.0331   0.0156  0.00853  0.00457  0.00324  0.00185  0.00179  0.00111  0.00212  0.00207  0.00316  0.00404  0.00715   0.0124   0.0264   0.0595     0.11   0.0216        0
        8|        0  -0.0334 -0.00661 -0.00308-0.000866-0.000623 9.67e-05 -0.00023 0.000263 -0.00016 0.000291-0.000123 0.000322-0.000134 0.000272-0.000274-0.000117  -0.0014 -0.00365  -0.0113 -0.00353        0
        7|        0  -0.0142 -0.00315 -0.00147  -0.0011-0.000214 -0.00043 0.000131-0.000253 0.000219-0.000212 0.000233-0.000225 0.000183-0.000335-4.46e-05-0.000808 -0.00104  -0.0028 -0.00416  0.00311        0
        6|        0 -0.00826  -0.0012 -0.00116-0.000332-0.000527 6.42e-05-0.000295 0.000194-0.000226 0.000227-0.000217 0.000213-0.000259 0.000126-0.000427-0.000185-0.000979 -0.00108 -0.00214  0.00435        0
        5|        0 -0.00526 -0.00101-0.000349-0.000585  9.8e-06-0.000334  0.00017-0.000238 0.000225-0.000211  0.00023-0.000225 0.000196-0.000292 7.41e-05-0.000498-0.000252-0.000965-0.000785  0.00348        0
        4|        0 -0.00424-0.000272-0.000597-2.71e-05 -0.00037 0.000146-0.000251 0.000221-0.000207 0.000244-0.000204 0.000231-0.000232 0.000178-0.000323 3.22e-05-0.000536-0.000247-0.000825  0.00327        0
        3|        0 -0.00316-0.000568-4.57e-05-0.000402 0.000117 -0.00027 0.000212-0.000207 0.000251-0.000187 0.000253-0.000198 0.000229-0.000243 0.000155-0.000355 2.07e-07-0.000546-0.000184  0.00255        0
        2|        0  -0.0107  -0.0078 -0.00756  -0.0062 -0.00561 -0.00409 -0.00347   -0.002 -0.00149-0.000164 0.000206  0.00142   0.0017  0.00282  0.00298  0.00393   0.0039  0.00463  0.00437  0.00749        0
        1|        0    0.149    0.148     0.14    0.126    0.111   0.0929   0.0741   0.0538   0.0338   0.0127 -0.00772  -0.0292  -0.0499  -0.0713  -0.0915   -0.112   -0.129   -0.144   -0.154   -0.156        0
        0|        0        0        0        0        0        0        0        0        0        0        0        0        0        0        0        0        0        0        0        0        0        0

