t: 0.150461
nCells: 20x10, dx: 0.1, dy: 0.1

u (22x12): 
         |        0        1        2        3        4        5        6        7        8        9       10       11       12       13       14       15       16       17       18       19       20
-------------------------------------------------------------------------------------------------------------------------------------------------------------------------------------------------------------------------
       11|        0     1.99     1.98     1.98     1.98     1.98     1.98     1.98     1.98     1.98     1.98     1.98     1.98     1.98     1.98     1.98     1.98     1.98     1.98     1.99        0
       10|        0   0.0145   0.0203   0.0229   0.0243   0.0251   0.0256   0.0259   0.0261   0.0262   0.0262   0.0262   0.0261   0.0259   0.0256   0.0251   0.0243    0.023   0.0203   0.0145        0
        9|        0 -0.00585 -0.00599 -0.00522 -0.00451 -0.00399 -0.00362 -0.00338 -0.00322 -0.00313 -0.00311 -0.00313 -0.00322 -0.00337 -0.00362 -0.00398  -0.0045 -0.00521 -0.00598 -0.00584        0
        8|        0 -0.00289 -0.00394 -0.00409 -0.00392  -0.0037  -0.0035 -0.00335 -0.00325 -0.00319 -0.00317 -0.00319 -0.00325 -0.00335 -0.00351 -0.00371 -0.00393  -0.0041 -0.00397 -0.00292        0
        7|        0 -0.00164 -0.00263 -0.00307 -0.00321 -0.00321 -0.00316  -0.0031 -0.00305 -0.00302 -0.00301 -0.00302 -0.00305  -0.0031 -0.00316 -0.00321 -0.00322 -0.00308 -0.00265 -0.00166        0
        6|        0 -0.00107 -0.00187 -0.00236 -0.00263 -0.00276 -0.00282 -0.00284 -0.00284 -0.00283 -0.00283 -0.00283 -0.00284 -0.00284 -0.00282 -0.00277 -0.00264 -0.00237 -0.00188 -0.00107        0
        5|        0-0.000765 -0.00141 -0.00188  -0.0022  -0.0024 -0.00252 -0.00259 -0.00263 -0.00264 -0.00265 -0.00265 -0.00263 -0.00259 -0.00252  -0.0024  -0.0022 -0.00189 -0.00142-0.000768        0
        4|        0-0.000594 -0.00113 -0.00156 -0.00188 -0.00211 -0.00226 -0.00237 -0.00243 -0.00247 -0.00248 -0.00247 -0.00243 -0.00237 -0.00227 -0.00211 -0.00188 -0.00156 -0.00113-0.000596        0
        3|        0-0.000491-0.000948 -0.00134 -0.00165 -0.00189 -0.00207 -0.00219 -0.00227 -0.00232 -0.00233 -0.00232 -0.00227 -0.00219 -0.00207 -0.00189 -0.00165 -0.00134 -0.00095-0.000492        0
        2|        0-0.000429-0.000836  -0.0012  -0.0015 -0.00174 -0.00192 -0.00205 -0.00214 -0.00219 -0.00221 -0.00219 -0.00214 -0.00205 -0.00192 -0.00174  -0.0015  -0.0012-0.000837-0.000429        0
        1|        0-0.000392-0.000772 -0.00111  -0.0014 -0.00164 -0.00182 -0.00196 -0.00205 -0.00211 -0.00212 -0.00211 -0.00205 -0.00196 -0.00182 -0.00164  -0.0014 -0.00111-0.000773-0.000393        0
        0|        0-0.000328-0.000647-0.000937 -0.00119  -0.0014 -0.00157  -0.0017 -0.00179 -0.00185 -0.00186 -0.00185 -0.00179  -0.0017 -0.00157  -0.0014 -0.00119-0.000938-0.000647-0.000329        0

v (22x12): 
         |        0        1        2        3        4        5        6        7        8        9       10       11       12       13       14       15       16       17       18       19       20       21
-------------------------------------------------------------------------------------------------------------------------------------------------------------------------------------------------------------------------
       10|        0        0        0        0        0        0        0        0        0        0        0        0        0        0        0        0        0        0        0        0        0        0
        9|  -0.0121   0.0145  0.00578  0.00264  0.00138 0.000797 0.000489 0.000307 0.000188 0.000103 3.36e-05-3.09e-05  -0.0001-0.000185-0.000302-0.000482-0.000789 -0.00137 -0.00263 -0.00578  -0.0145   0.0122
        8| -0.00724  0.00864  0.00564  0.00341  0.00209  0.00132 0.000853 0.000552 0.000345  0.00019 6.17e-05 -5.8e-05-0.000186 -0.00034-0.000546-0.000846 -0.00131 -0.00208  -0.0034 -0.00563 -0.00871  0.00727
        7| -0.00483  0.00576  0.00458  0.00327  0.00226  0.00154  0.00105 0.000703 0.000448  0.00025 8.13e-05-7.77e-05-0.000246-0.000444-0.000698 -0.00104 -0.00154 -0.00225 -0.00327 -0.00459 -0.00579  0.00484
        6| -0.00346  0.00412  0.00359  0.00283  0.00212  0.00154   0.0011  0.00076 0.000496  0.00028 9.14e-05-8.82e-05-0.000277-0.000492-0.000757  -0.0011 -0.00154 -0.00212 -0.00283  -0.0036 -0.00413  0.00347
        5| -0.00257  0.00305  0.00279  0.00233  0.00185  0.00141  0.00105 0.000744 0.000494 0.000282 9.26e-05-8.99e-05 -0.00028-0.000491-0.000741 -0.00104 -0.00141 -0.00185 -0.00233 -0.00279 -0.00306  0.00258
        4| -0.00194  0.00228  0.00214  0.00186  0.00153  0.00121 0.000926 0.000674 0.000455 0.000263 8.66e-05-8.45e-05-0.000261-0.000453-0.000672-0.000924 -0.00121 -0.00154 -0.00186 -0.00215 -0.00229  0.00194
        3| -0.00145  0.00169  0.00161  0.00143  0.00121 0.000986 0.000768  0.00057 0.000391 0.000228 7.53e-05-7.36e-05-0.000226-0.000389-0.000568-0.000767-0.000985 -0.00121 -0.00143 -0.00161 -0.00169  0.00145
        2| -0.00104   0.0012  0.00115  0.00104   0.0009 0.000746 0.000592 0.000446  0.00031 0.000182 6.04e-05-5.92e-05-0.000181-0.000309-0.000445-0.000592-0.000746-0.000901 -0.00104 -0.00116  -0.0012  0.00105
        1|-0.000694 0.000771 0.000747 0.000683   0.0006 0.000506 0.000409 0.000313  0.00022  0.00013 4.34e-05-4.27e-05 -0.00013-0.000219-0.000312-0.000409-0.000506  -0.0006-0.000684-0.000748-0.000772 0.000694
        0| -0.00158  0.00195  0.00191  0.00178  0.00161   0.0014  0.00116 0.000911 0.000654 0.000394 0.000132-0.000131-0.000393-0.000653-0.000911 -0.00116  -0.0014 -0.00161 -0.00178 -0.00191 -0.00195  0.00158

p (22x12): 
         |        0        1        2        3        4        5        6        7        8        9       10       11       12       13       14       15       16       17       18       19       20       21
-------------------------------------------------------------------------------------------------------------------------------------------------------------------------------------------------------------------------
       11|  -0.0382  -0.0382  -0.0282  -0.0221  -0.0176  -0.0141  -0.0111 -0.00837 -0.00586 -0.00347 -0.00114  0.00116  0.00348  0.00587  0.00838   0.0111   0.0141   0.0176   0.0221   0.0283   0.0385   0.0385
       10|  -0.0382  -0.0382  -0.0282  -0.0221  -0.0176  -0.0141  -0.0111 -0.00837 -0.00586 -0.00347 -0.00114  0.00116  0.00348  0.00587  0.00838   0.0111   0.0141   0.0176   0.0221   0.0283   0.0385   0.0385
        9|  -0.0284  -0.0284  -0.0244  -0.0203  -0.0167  -0.0136  -0.0108 -0.00817 -0.00574  -0.0034 -0.00112  0.00114  0.00342  0.00576  0.00819   0.0108   0.0136   0.0167   0.0204   0.0245   0.0286   0.0286
        8|  -0.0226  -0.0226  -0.0207  -0.0181  -0.0154  -0.0127  -0.0102 -0.00782 -0.00552 -0.00328 -0.00108  0.00111  0.00331  0.00555  0.00785   0.0102   0.0128   0.0154   0.0182   0.0208   0.0228   0.0228
        7|  -0.0188  -0.0188  -0.0177   -0.016  -0.0139  -0.0117 -0.00955 -0.00738 -0.00524 -0.00313 -0.00103  0.00106  0.00316  0.00528  0.00742  0.00959   0.0118    0.014   0.0161   0.0178   0.0189   0.0189
        6|  -0.0161  -0.0161  -0.0154  -0.0142  -0.0126  -0.0108 -0.00886 -0.00691 -0.00494 -0.00296-0.000972  0.00101    0.003  0.00498  0.00696  0.00891   0.0108   0.0126   0.0143   0.0155   0.0163   0.0163
        5|  -0.0142  -0.0142  -0.0137  -0.0127  -0.0114  -0.0099 -0.00823 -0.00646 -0.00464 -0.00279-0.000916 0.000962  0.00283  0.00469  0.00651  0.00828  0.00996   0.0115   0.0128   0.0138   0.0143   0.0143
        4|  -0.0128  -0.0128  -0.0124  -0.0116  -0.0105 -0.00917 -0.00768 -0.00607 -0.00438 -0.00264-0.000865 0.000916  0.00269  0.00443  0.00613  0.00774  0.00924   0.0106   0.0117   0.0125   0.0129   0.0129
        3|  -0.0118  -0.0118  -0.0114  -0.0108 -0.00981 -0.00862 -0.00726 -0.00576 -0.00417 -0.00251-0.000824 0.000878  0.00257  0.00423  0.00582  0.00732  0.00869  0.00988   0.0108   0.0115   0.0119   0.0119
        2|  -0.0111  -0.0111  -0.0108  -0.0102 -0.00935 -0.00825 -0.00697 -0.00554 -0.00402 -0.00243-0.000795 0.000852  0.00249  0.00408  0.00561  0.00703  0.00832  0.00942   0.0103   0.0109   0.0112   0.0112
        1|  -0.0108  -0.0108  -0.0105 -0.00997 -0.00913 -0.00806 -0.00682 -0.00544 -0.00395 -0.00238 -0.00078 0.000838  0.00244  0.00401   0.0055  0.00689  0.00813   0.0092     0.01   0.0106   0.0109   0.0109
        0| -0.00934 -0.00934 -0.00909  -0.0086 -0.00789 -0.00699 -0.00593 -0.00474 -0.00344 -0.00208-0.000678 0.000739  0.00214   0.0035   0.0048  0.00599  0.00706  0.00796  0.00867  0.00916  0.00941  0.00941

F (22x12): 
         |        0        1        2        3        4        5        6        7        8        9       10       11       12       13       14       15       16       17       18       19       20
-------------------------------------------------------------------------------------------------------------------------------------------------------------------------------------------------------------------------
       11|        0     1.99     1.98     1.98     1.98     1.98     1.98     1.98     1.98     1.98     1.98     1.98     1.98     1.98     1.98     1.98     1.98     1.98     1.98     1.99        0
       10|        0    0.017   0.0218    0.024   0.0252   0.0259   0.0263   0.0265   0.0267   0.0268   0.0268   0.0268   0.0267   0.0265   0.0263   0.0259   0.0252   0.0241   0.0219   0.0171        0
        9|        0 -0.00486 -0.00497 -0.00432 -0.00372 -0.00328 -0.00297 -0.00277 -0.00263 -0.00256 -0.00254 -0.00256 -0.00263 -0.00276 -0.00297 -0.00327 -0.00371  -0.0043 -0.00494 -0.00481        0
        8|        0 -0.00241 -0.00328  -0.0034 -0.00326 -0.00307  -0.0029 -0.00278 -0.00269 -0.00264 -0.00262 -0.00264 -0.00269 -0.00278  -0.0029 -0.00307 -0.00326 -0.00341  -0.0033 -0.00243        0
        7|        0 -0.00137 -0.00219 -0.00255 -0.00266 -0.00266 -0.00261 -0.00256 -0.00252 -0.00249 -0.00249  -0.0025 -0.00252 -0.00256 -0.00261 -0.00266 -0.00267 -0.00256  -0.0022 -0.00138        0
        6|        0-0.000886 -0.00155 -0.00196 -0.00218 -0.00229 -0.00233 -0.00234 -0.00234 -0.00234 -0.00233 -0.00234 -0.00234 -0.00234 -0.00233 -0.00229 -0.00218 -0.00196 -0.00156 -0.00089        0
        5|        0-0.000635 -0.00117 -0.00156 -0.00181 -0.00198 -0.00207 -0.00213 -0.00216 -0.00217 -0.00218 -0.00217 -0.00216 -0.00213 -0.00207 -0.00198 -0.00182 -0.00156 -0.00117-0.000637        0
        4|        0-0.000491 -0.00093 -0.00128 -0.00154 -0.00173 -0.00186 -0.00194 -0.00199 -0.00202 -0.00203 -0.00202 -0.00199 -0.00194 -0.00186 -0.00173 -0.00155 -0.00128-0.000931-0.000492        0
        3|        0-0.000404-0.000778  -0.0011 -0.00135 -0.00155 -0.00169 -0.00179 -0.00185 -0.00189  -0.0019 -0.00189 -0.00185 -0.00179 -0.00169 -0.00155 -0.00135  -0.0011-0.000779-0.000405        0
        2|        0 -0.00035-0.000682-0.000975 -0.00122 -0.00141 -0.00156 -0.00167 -0.00174 -0.00178  -0.0018 -0.00178 -0.00174 -0.00167 -0.00156 -0.00141 -0.00122-0.000976-0.000683-0.000351        0
        1|        0-0.000319-0.000626-0.000901 -0.00114 -0.00133 -0.00148 -0.00159 -0.00166  -0.0017 -0.00172  -0.0017 -0.00166 -0.00158 -0.00148 -0.00133 -0.00114-0.000901-0.000626-0.000319        0
        0|        0        0        0        0        0        0        0        0        0        0        0        0        0        0        0        0        0        0        0        0        0

G (22x12): 
         |        0        1        2        3        4        5        6        7        8        9       10       11       12       13       14       15       16       17       18       19       20       21
-------------------------------------------------------------------------------------------------------------------------------------------------------------------------------------------------------------------------
       10|        0        0        0        0        0        0        0        0        0        0        0        0        0        0        0        0        0        0        0        0        0        0
        9|  -0.0121    0.012  0.00483  0.00221  0.00116 0.000668  0.00041 0.000258 0.000159 8.67e-05 2.81e-05-2.64e-05-8.47e-05-0.000156-0.000255-0.000406-0.000662 -0.00115  -0.0022 -0.00482   -0.012   0.0122
        8| -0.00724   0.0072   0.0047  0.00285  0.00175  0.00111 0.000716 0.000464  0.00029  0.00016 5.16e-05-4.97e-05-0.000158-0.000288-0.000461-0.000712  -0.0011 -0.00175 -0.00285 -0.00471 -0.00725  0.00727
        7| -0.00483   0.0048  0.00383  0.00274  0.00189   0.0013 0.000883 0.000592 0.000378 0.000211 6.82e-05-6.64e-05-0.000209-0.000376-0.000589 -0.00088 -0.00129 -0.00189 -0.00274 -0.00384 -0.00482  0.00484
        6| -0.00346  0.00344  0.00301  0.00237  0.00178   0.0013 0.000928 0.000642 0.000419 0.000237  7.7e-05-7.54e-05-0.000235-0.000417-0.000641-0.000926  -0.0013 -0.00178 -0.00238 -0.00302 -0.00345  0.00347
        5| -0.00257  0.00256  0.00235  0.00197  0.00156   0.0012 0.000886 0.000631  0.00042  0.00024 7.84e-05-7.71e-05-0.000239-0.000419-0.000629-0.000885 -0.00119 -0.00156 -0.00197 -0.00235 -0.00257  0.00258
        4| -0.00194  0.00193  0.00182  0.00158   0.0013  0.00103 0.000789 0.000575 0.000389 0.000225 7.39e-05-7.29e-05-0.000224-0.000388-0.000574-0.000788 -0.00103  -0.0013 -0.00158 -0.00182 -0.00193  0.00194
        3| -0.00145  0.00144  0.00138  0.00123  0.00104 0.000847 0.000662 0.000492 0.000338 0.000197  6.5e-05-6.42e-05-0.000196-0.000337-0.000491-0.000661-0.000847 -0.00104 -0.00123 -0.00138 -0.00144  0.00145
        2| -0.00104  0.00104    0.001 0.000907 0.000785 0.000652 0.000519 0.000392 0.000272  0.00016 5.31e-05-5.25e-05 -0.00016-0.000272-0.000391-0.000519-0.000652-0.000785-0.000908   -0.001 -0.00104  0.00105
        1|-0.000694 0.000693 0.000674 0.000617 0.000543  0.00046 0.000373 0.000286 0.000201 0.000119 3.97e-05-3.93e-05-0.000119-0.000201-0.000285-0.000372 -0.00046-0.000544-0.000618-0.000674-0.000694 0.000694
        0| -0.00158        0        0        0        0        0        0        0        0        0        0        0        0        0        0        0        0        0        0        0        0  0.00158

rhs (22x12): 
         |        0        1        2        3        4        5        6        7        8        9       10       11       12       13       14       15       16       17       18       19       20       21
-------------------------------------------------------------------------------------------------------------------------------------------------------------------------------------------------------------------------
       11|        0        0        0        0        0        0        0        0        0        0        0        0        0        0        0        0        0        0        0        0        0        0
       10|        0     1.98 -0.00616-0.000434-0.000232-0.000264-0.000192-0.000135-4.17e-05 2.72e-05 0.000124 0.000156 0.000285 0.000457 0.000709  0.00113  0.00185  0.00327  0.00618    0.011    -2.02        0
        9|        0  -0.0107  0.00534  0.00273  0.00124 0.000654 0.000353 0.000241 0.000151  0.00013 0.000101 0.000175 0.000195 0.000251 0.000365 0.000574  0.00104  0.00208  0.00476  0.00956  0.00893        0
        8|        0 -0.00642-0.000615-0.000282-9.57e-05-6.18e-05-8.92e-06-1.97e-05 4.94e-06-8.43e-06  3.8e-06 -3.5e-06-1.48e-06-4.92e-06-1.61e-05-2.44e-05-7.14e-05-0.000152-0.000429 -0.00102  0.00291        0
        7|        0 -0.00317-0.000262-0.000121-8.67e-05-2.35e-05-3.14e-05 3.26e-07-1.44e-05 3.09e-06-8.07e-06-6.99e-07 -6.3e-06-9.86e-06-1.28e-05-3.27e-05-4.78e-05-0.000112-0.000191-0.000347  0.00224        0
        6|        0 -0.00195-9.82e-05-9.06e-05-3.02e-05-3.95e-05-2.87e-06-1.91e-05 3.17e-06-1.08e-05 1.14e-06-7.13e-06-4.84e-06-7.79e-06-1.65e-05-1.84e-05 -4.4e-05-5.69e-05-0.000111-0.000142  0.00158        0
        5|        0 -0.00134-7.81e-05-2.86e-05-4.38e-05-4.75e-06-2.31e-05 3.48e-06-1.32e-05 3.19e-06-8.24e-06-1.22e-06-6.43e-06-8.64e-06   -9e-06-2.21e-05-2.18e-05-4.86e-05-5.24e-05-8.96e-05  0.00119        0
        4|        0 -0.00104-2.05e-05-4.37e-05-4.86e-06 -2.6e-05 4.01e-06-1.52e-05 5.26e-06-9.31e-06 2.24e-06-6.27e-06-3.51e-06-5.58e-06-1.19e-05-9.65e-06-2.59e-05-2.21e-05-4.73e-05-4.09e-05 0.000924        0
        3|        0-0.000822-4.08e-05-3.52e-06 -2.8e-05 4.53e-06-1.72e-05 7.11e-06-1.05e-05 5.26e-06-6.32e-06 5.91e-07-4.35e-06-5.75e-06-4.78e-06-1.49e-05-9.88e-06-2.82e-05-2.03e-05-4.28e-05  0.00078        0
        2|        0 -0.00207 -0.00131 -0.00124 -0.00108-0.000947-0.000753-0.000601-0.000409-0.000254-7.71e-05 7.63e-05 0.000239 0.000393  0.00054 0.000688  0.00081 0.000936  0.00101   0.0011   0.0018        0
        1|        0    0.149    0.146    0.136    0.123    0.107   0.0889   0.0699   0.0502   0.0303   0.0102 -0.00996  -0.0301  -0.0501  -0.0698  -0.0889   -0.107   -0.123   -0.136   -0.146   -0.149        0
        0|        0        0        0        0        0        0        0        0        0        0        0        0        0        0        0        0        0        0        0        0        0        0

