t: 1.0726
nCells: 20x10, dx: 0.1, dy: 0.1

u (22x12): 
         |        0        1        2        3        4        5        6        7        8        9       10       11       12       13       14       15       16       17       18       19       20
-------------------------------------------------------------------------------------------------------------------------------------------------------------------------------------------------------------------------
       11|        0 -0.00265 -0.00553 -0.00812  -0.0103  -0.0122  -0.0136  -0.0147  -0.0154  -0.0158   -0.016  -0.0158  -0.0154  -0.0147  -0.0137  -0.0123  -0.0105 -0.00824 -0.00564 -0.00273        0
       10|        0 -0.00216 -0.00449 -0.00665 -0.00856  -0.0102  -0.0115  -0.0126  -0.0133  -0.0138   -0.014  -0.0139  -0.0136  -0.0129   -0.012  -0.0107 -0.00908 -0.00712 -0.00486 -0.00239        0
        9|        0 -0.00185 -0.00384 -0.00569 -0.00736 -0.00881    -0.01  -0.0109  -0.0116  -0.0121  -0.0123  -0.0122  -0.0118  -0.0112  -0.0104  -0.0092 -0.00776 -0.00604  -0.0041   -0.002        0
        8|        0  -0.0016 -0.00331 -0.00493  -0.0064 -0.00768 -0.00875 -0.00961  -0.0102  -0.0106  -0.0108  -0.0107  -0.0104 -0.00983 -0.00902 -0.00797 -0.00668 -0.00518  -0.0035  -0.0017        0
        7|        0  -0.0014  -0.0029 -0.00432 -0.00561 -0.00675 -0.00772 -0.00849 -0.00906 -0.00941 -0.00955 -0.00947 -0.00918 -0.00866 -0.00792 -0.00697 -0.00583  -0.0045 -0.00303 -0.00147        0
        6|        0 -0.00124 -0.00257 -0.00383 -0.00499 -0.00601 -0.00688 -0.00758 -0.00809 -0.00841 -0.00853 -0.00846 -0.00818  -0.0077 -0.00703 -0.00617 -0.00514 -0.00396 -0.00266 -0.00129        0
        5|        0 -0.00111 -0.00231 -0.00345 -0.00449 -0.00542 -0.00621 -0.00685 -0.00732 -0.00761 -0.00772 -0.00765 -0.00739 -0.00694 -0.00633 -0.00554 -0.00461 -0.00354 -0.00238 -0.00115        0
        4|        0 -0.00102 -0.00211 -0.00316 -0.00411 -0.00497  -0.0057 -0.00629 -0.00672 -0.00699 -0.00709 -0.00702 -0.00677 -0.00636 -0.00579 -0.00506  -0.0042 -0.00323 -0.00217 -0.00105        0
        3|        0-0.000948 -0.00197 -0.00294 -0.00384 -0.00464 -0.00533 -0.00588 -0.00629 -0.00654 -0.00663 -0.00656 -0.00633 -0.00594  -0.0054 -0.00472 -0.00391   -0.003 -0.00201 -0.00097        0
        2|        0-0.000903 -0.00187  -0.0028 -0.00366 -0.00442 -0.00507  -0.0056 -0.00599 -0.00623 -0.00632 -0.00625 -0.00603 -0.00565 -0.00513 -0.00449 -0.00372 -0.00285 -0.00191-0.000922        0
        1|        0-0.000795 -0.00166 -0.00248 -0.00324 -0.00392  -0.0045 -0.00497 -0.00531 -0.00553 -0.00561 -0.00554 -0.00535 -0.00501 -0.00455 -0.00397 -0.00329 -0.00253 -0.00169-0.000813        0
        0|        0 0.000782  0.00163  0.00243  0.00318  0.00384  0.00441  0.00487  0.00521  0.00542  0.00549  0.00543  0.00524  0.00491  0.00446  0.00389  0.00323  0.00248  0.00166 0.000798        0

v (22x12): 
         |        0        1        2        3        4        5        6        7        8        9       10       11       12       13       14       15       16       17       18       19       20       21
-------------------------------------------------------------------------------------------------------------------------------------------------------------------------------------------------------------------------
       10|  -0.0128    0.013    0.014   0.0132    0.012   0.0106  0.00889  0.00708   0.0052  0.00326  0.00129-0.000708 -0.00272 -0.00474 -0.00674 -0.00871  -0.0106  -0.0122  -0.0136  -0.0146  -0.0137   0.0134
        9|  -0.0107   0.0109   0.0117   0.0111   0.0101  0.00893  0.00755  0.00605  0.00444  0.00278  0.00108-0.000641 -0.00238  -0.0041  -0.0058 -0.00743 -0.00895  -0.0103  -0.0114  -0.0121  -0.0113   0.0111
        8| -0.00885  0.00903   0.0097  0.00921  0.00845  0.00748  0.00636   0.0051  0.00376  0.00235 0.000901 -0.00057 -0.00204  -0.0035 -0.00492 -0.00627  -0.0075 -0.00857 -0.00943    -0.01 -0.00934  0.00914
        7| -0.00728  0.00743  0.00798   0.0076  0.00698   0.0062  0.00528  0.00425  0.00313  0.00196 0.000739-0.000492 -0.00173 -0.00294 -0.00411 -0.00521 -0.00622 -0.00707 -0.00776  -0.0082 -0.00764  0.00749
        6| -0.00591  0.00602  0.00649  0.00617  0.00569  0.00506  0.00432  0.00347  0.00256   0.0016   0.0006-0.000417 -0.00143 -0.00243 -0.00338 -0.00427 -0.00507 -0.00575 -0.00629 -0.00663 -0.00618  0.00605
        5| -0.00469  0.00479  0.00515  0.00491  0.00453  0.00403  0.00344  0.00278  0.00205  0.00128 0.000473 -0.00034 -0.00115 -0.00195 -0.00271 -0.00341 -0.00404 -0.00457 -0.00499 -0.00526 -0.00489  0.00479
        4|  -0.0036  0.00367  0.00396  0.00377  0.00348   0.0031  0.00265  0.00214  0.00158 0.000981 0.000364-0.000268-0.000893 -0.00151 -0.00209 -0.00263 -0.00311 -0.00351 -0.00383 -0.00403 -0.00374  0.00367
        3|  -0.0026  0.00265  0.00286  0.00273  0.00252  0.00225  0.00192  0.00155  0.00114 0.000713 0.000261-0.000195-0.000652 -0.00109 -0.00152  -0.0019 -0.00225 -0.00254 -0.00276  -0.0029  -0.0027  0.00265
        2| -0.00167   0.0017  0.00184  0.00175  0.00162  0.00144  0.00124 0.000997 0.000738 0.000457 0.000169-0.000127-0.000419-0.000706-0.000975 -0.00123 -0.00144 -0.00163 -0.00177 -0.00187 -0.00173   0.0017
        1|-0.000786   0.0008 0.000863 0.000825 0.000761 0.000681 0.000581 0.000471 0.000347 0.000217  7.9e-05-5.78e-05-0.000198 -0.00033-0.000459-0.000575 -0.00068-0.000765-0.000834-0.000875-0.000812 0.000797
        0|        0        0        0        0        0        0        0        0        0        0        0        0        0        0        0        0        0        0        0        0        0        0

p (22x12): 
         |        0        1        2        3        4        5        6        7        8        9       10       11       12       13       14       15       16       17       18       19       20       21
-------------------------------------------------------------------------------------------------------------------------------------------------------------------------------------------------------------------------
       11|    -1.01    -1.01    -1.01    -1.01    -1.01    -1.01    -1.01    -1.01    -1.01    -1.01       -1       -1       -1       -1   -0.999   -0.998   -0.997   -0.996   -0.995   -0.994   -0.994   -0.994
       10|    -1.01    -1.01    -1.01    -1.01    -1.01    -1.01    -1.01    -1.01    -1.01    -1.01       -1       -1       -1       -1       -1   -0.999   -0.998   -0.997   -0.996   -0.996   -0.996   -0.996
        9|    -1.01    -1.01    -1.01    -1.01    -1.01    -1.01    -1.01    -1.01    -1.01    -1.01       -1       -1       -1       -1       -1   -0.999   -0.999   -0.998   -0.997   -0.997   -0.997   -0.997
        8|    -1.01    -1.01    -1.01    -1.01    -1.01    -1.01    -1.01    -1.01    -1.01    -1.01       -1       -1       -1       -1       -1       -1   -0.999   -0.999   -0.998   -0.998   -0.998   -0.998
        7|    -1.01    -1.01    -1.01    -1.01    -1.01    -1.01    -1.01    -1.01    -1.01    -1.01       -1       -1       -1       -1       -1       -1       -1   -0.999   -0.999   -0.999   -0.998   -0.998
        6|    -1.01    -1.01    -1.01    -1.01    -1.01    -1.01    -1.01    -1.01    -1.01       -1       -1       -1       -1       -1       -1       -1       -1       -1   -0.999   -0.999   -0.999   -0.999
        5|    -1.01    -1.01    -1.01    -1.01    -1.01    -1.01    -1.01    -1.01    -1.01       -1       -1       -1       -1       -1       -1       -1       -1       -1       -1       -1       -1       -1
        4|    -1.01    -1.01    -1.01    -1.01    -1.01    -1.01    -1.01    -1.01    -1.01       -1       -1       -1       -1       -1       -1       -1       -1       -1       -1       -1       -1       -1
        3|    -1.01    -1.01    -1.01    -1.01    -1.01    -1.01    -1.01    -1.01    -1.01       -1       -1       -1       -1       -1       -1       -1       -1       -1       -1       -1       -1       -1
        2|    -1.01    -1.01    -1.01    -1.01    -1.01    -1.01    -1.01    -1.01    -1.01       -1       -1       -1       -1       -1       -1       -1       -1       -1       -1       -1       -1       -1
        1|    -1.01    -1.01    -1.01    -1.01    -1.01    -1.01    -1.01    -1.01    -1.01       -1       -1       -1       -1       -1       -1       -1       -1       -1       -1       -1       -1       -1
        0|    -1.01    -1.01    -1.01    -1.01    -1.01    -1.01    -1.01    -1.01    -1.01       -1       -1       -1       -1       -1       -1       -1       -1       -1       -1       -1       -1       -1

F (22x12): 
         |        0        1        2        3        4        5        6        7        8        9       10       11       12       13       14       15       16       17       18       19       20
-------------------------------------------------------------------------------------------------------------------------------------------------------------------------------------------------------------------------
       11|        0        0        0        0        0        0        0        0        0        0        0        0        0        0        0        0        0        0        0        0        0
       10|        0 -0.00213  -0.0044 -0.00651 -0.00838 -0.00998  -0.0113  -0.0123   -0.013  -0.0135  -0.0137  -0.0136  -0.0133  -0.0126  -0.0117  -0.0105 -0.00887 -0.00696 -0.00475 -0.00234        0
        9|        0 -0.00182 -0.00376 -0.00558 -0.00721 -0.00862 -0.00979  -0.0107  -0.0114  -0.0118   -0.012  -0.0119  -0.0116   -0.011  -0.0101 -0.00899 -0.00758  -0.0059 -0.00401 -0.00196        0
        8|        0 -0.00157 -0.00325 -0.00483 -0.00626 -0.00752 -0.00856  -0.0094    -0.01  -0.0104  -0.0105  -0.0105  -0.0102  -0.0096 -0.00881 -0.00779 -0.00653 -0.00506 -0.00342 -0.00166        0
        7|        0 -0.00137 -0.00284 -0.00423  -0.0055 -0.00661 -0.00755  -0.0083 -0.00886  -0.0092 -0.00934 -0.00926 -0.00897 -0.00846 -0.00774 -0.00681 -0.00569  -0.0044 -0.00297 -0.00144        0
        6|        0 -0.00122 -0.00251 -0.00375 -0.00488 -0.00588 -0.00673 -0.00741 -0.00791 -0.00823 -0.00834 -0.00827 -0.00799 -0.00753 -0.00687 -0.00603 -0.00502 -0.00387  -0.0026 -0.00126        0
        5|        0 -0.00109 -0.00226 -0.00337  -0.0044  -0.0053 -0.00608  -0.0067 -0.00716 -0.00744 -0.00755 -0.00747 -0.00722 -0.00679 -0.00618 -0.00542  -0.0045 -0.00346 -0.00233 -0.00112        0
        4|        0-0.000998 -0.00207 -0.00309 -0.00403 -0.00486 -0.00558 -0.00615 -0.00657 -0.00684 -0.00693 -0.00686 -0.00662 -0.00622 -0.00566 -0.00495 -0.00411 -0.00316 -0.00212 -0.00102        0
        3|        0 -0.00093 -0.00193 -0.00288 -0.00376 -0.00454 -0.00521 -0.00575 -0.00615 -0.00639 -0.00649 -0.00641 -0.00619  -0.0058 -0.00528 -0.00461 -0.00383 -0.00294 -0.00197 -0.00095        0
        2|        0-0.000886 -0.00183 -0.00274 -0.00358 -0.00433 -0.00496 -0.00548 -0.00586 -0.00609 -0.00618 -0.00611 -0.00589 -0.00552 -0.00502 -0.00438 -0.00363 -0.00279 -0.00187-0.000903        0
        1|        0-0.000778 -0.00162 -0.00242 -0.00316 -0.00382 -0.00439 -0.00484 -0.00518 -0.00539 -0.00547 -0.00541 -0.00521 -0.00489 -0.00444 -0.00387 -0.00321 -0.00246 -0.00165-0.000794        0
        0|        0 0.000782  0.00163  0.00243  0.00318  0.00384  0.00441  0.00487  0.00521  0.00542  0.00549  0.00543  0.00524  0.00491  0.00446  0.00389  0.00323  0.00248  0.00166 0.000798        0

G (22x12): 
         |        0        1        2        3        4        5        6        7        8        9       10       11       12       13       14       15       16       17       18       19       20       21
-------------------------------------------------------------------------------------------------------------------------------------------------------------------------------------------------------------------------
       10|  -0.0128   0.0127   0.0137   0.0129   0.0118   0.0103  0.00867   0.0069  0.00505  0.00316  0.00123-0.000711 -0.00267 -0.00463 -0.00658 -0.00848  -0.0103  -0.0119  -0.0132  -0.0141  -0.0133   0.0134
        9|  -0.0107   0.0106   0.0114   0.0108  0.00989  0.00872  0.00737   0.0059  0.00433  0.00271  0.00104-0.000642 -0.00234 -0.00402 -0.00568 -0.00727 -0.00875  -0.0101  -0.0111  -0.0118  -0.0111   0.0111
        8| -0.00885  0.00881  0.00949    0.009  0.00826  0.00731  0.00621  0.00498  0.00366  0.00228 0.000869-0.000569 -0.00201 -0.00343 -0.00482 -0.00613 -0.00733 -0.00838 -0.00922 -0.00977  -0.0091  0.00914
        7| -0.00728  0.00724  0.00781  0.00743  0.00682  0.00606  0.00515  0.00415  0.00305   0.0019 0.000714 -0.00049  -0.0017 -0.00288 -0.00403  -0.0051 -0.00608 -0.00692 -0.00758 -0.00801 -0.00745  0.00749
        6| -0.00591  0.00588  0.00634  0.00604  0.00556  0.00494  0.00421  0.00339   0.0025  0.00156  0.00058-0.000414  -0.0014 -0.00238 -0.00331 -0.00418 -0.00496 -0.00562 -0.00615 -0.00648 -0.00602  0.00605
        5| -0.00469  0.00467  0.00504   0.0048  0.00443  0.00394  0.00336  0.00271    0.002  0.00124 0.000458-0.000337 -0.00113 -0.00191 -0.00265 -0.00334 -0.00395 -0.00447 -0.00488 -0.00514 -0.00477  0.00479
        4|  -0.0036  0.00358  0.00387  0.00369   0.0034  0.00303  0.00259  0.00209  0.00154 0.000956 0.000352-0.000265-0.000877 -0.00148 -0.00204 -0.00257 -0.00304 -0.00343 -0.00374 -0.00394 -0.00365  0.00367
        3|  -0.0026  0.00259   0.0028  0.00267  0.00246   0.0022  0.00188  0.00152  0.00112 0.000695 0.000253-0.000193 -0.00064 -0.00107 -0.00148 -0.00186  -0.0022 -0.00248  -0.0027 -0.00284 -0.00263  0.00265
        2| -0.00167  0.00166   0.0018  0.00171  0.00158  0.00141  0.00121 0.000975 0.000721 0.000446 0.000164-0.000126-0.000411-0.000692-0.000954  -0.0012 -0.00141  -0.0016 -0.00173 -0.00182 -0.00169   0.0017
        1|-0.000786 0.000782 0.000846 0.000809 0.000745 0.000667 0.000569 0.000461 0.000339 0.000212 7.68e-05-5.74e-05-0.000194-0.000324-0.000451-0.000563-0.000666 -0.00075-0.000817-0.000857-0.000794 0.000797
        0|        0        0        0        0        0        0        0        0        0        0        0        0        0        0        0        0        0        0        0        0        0        0

rhs (22x12): 
         |        0        1        2        3        4        5        6        7        8        9       10       11       12       13       14       15       16       17       18       19       20       21
-------------------------------------------------------------------------------------------------------------------------------------------------------------------------------------------------------------------------
       11|        0        0        0        0        0        0        0        0        0        0        0        0        0        0        0        0        0        0        0        0        0        0
       10|        0 -0.00719-0.000256  -0.0036 -0.00166 -0.00499 -0.00269 -0.00539 -0.00229  -0.0041-5.13e-05-0.000923   0.0043  0.00489   0.0116   0.0135   0.0213   0.0237   0.0311   0.0319   0.0365        0
        9|        0 -0.00266 -0.00174 0.000956 -0.00169  0.00105 -0.00159  0.00115 -0.00151  0.00121 -0.00147  0.00118 -0.00154  0.00112 -0.00163    0.001 -0.00176 0.000855  -0.0019 0.000824  0.00288        0
        8|        0 -0.00401  0.00114 -0.00155  0.00118 -0.00147  0.00126  -0.0014  0.00133 -0.00135  0.00135 -0.00137   0.0013 -0.00142  0.00124  -0.0015  0.00114 -0.00161  0.00104 -0.00164  0.00452        0
        7|        0 -0.00146 -0.00142  0.00128 -0.00139  0.00134 -0.00132  0.00141 -0.00126  0.00145 -0.00124  0.00144 -0.00128   0.0014 -0.00133  0.00133 -0.00141  0.00124 -0.00149  0.00122  0.00217        0
        6|        0 -0.00308  0.00137 -0.00132   0.0014 -0.00127  0.00146 -0.00121  0.00151 -0.00117  0.00154 -0.00118  0.00151 -0.00121  0.00146 -0.00127  0.00139 -0.00134  0.00132 -0.00137  0.00393        0
        5|        0-0.000749 -0.00127  0.00144 -0.00123  0.00149 -0.00117  0.00155 -0.00112  0.00159  -0.0011  0.00158 -0.00112  0.00155 -0.00117   0.0015 -0.00123  0.00143 -0.00129  0.00141  0.00169        0
        4|        0 -0.00255  0.00147 -0.00121  0.00151 -0.00116  0.00156 -0.00111  0.00161 -0.00107  0.00164 -0.00107  0.00162  -0.0011  0.00158 -0.00115  0.00151 -0.00121  0.00146 -0.00124  0.00356        0
        3|        0-0.000358  -0.0012  0.00151 -0.00116  0.00156  -0.0011  0.00162 -0.00106  0.00166 -0.00103  0.00166 -0.00105  0.00163 -0.00109  0.00158 -0.00115  0.00152  -0.0012  0.00149  0.00141        0
        2|        0 -0.00227  0.00153 -0.00116  0.00156 -0.00112  0.00161 -0.00107  0.00165 -0.00103  0.00168 -0.00102  0.00167 -0.00105  0.00163  -0.0011  0.00157 -0.00116  0.00152 -0.00119  0.00336        0
        1|        0  0.00158  0.00124   0.0032  0.00107  0.00295 0.000754  0.00258 0.000328  0.00211 -0.00018  0.00157-0.000736  0.00101 -0.00129 0.000485 -0.00177 6.02e-05 -0.00212-0.000183 0.000216        0
        0|        0        0        0        0        0        0        0        0        0        0        0        0        0        0        0        0        0        0        0        0        0        0

